time;BusPDR_BUS_Voltage;BusPDR_BUS_ActivePower;BusPDR_BUS_ActiveCurrent;BusPDR_BUS_ReactivePower;BusPDR_BUS_ReactiveCurrent;Wind_Turbine_GEN_MagnitudeControlledByAVRPu;StepUp_Xfmr_XFMR_Tap;Wind_Turbine_GEN_ActivePowerSetpointPu;Wind_Turbine_GEN_ReactivePowerSetpointPu;Wind_Turbine_GEN_AVRSetpointPu;Wind_Turbine_GEN_InjectedActiveCurrent;Wind_Turbine_GEN_InjectedReactiveCurrent;Wind_Turbine_GEN_InjectedCurrent
0.0;1.0445038367888981;0.8333365143801764;0.7976951270568177;4.423286655963025e-05;2.1685074227532442e-05;1.0445805416714045;10.00045638900521;0.833449421859552;1.0445368137064006;1.0448975523019342;0.7977287147921878;-0.014894986647874659;0.7977760491383418
0.0;1.044503823815197;0.8333362009864;0.7976952400538169;4.421846917642501e-05;2.1687456458477198e-05;1.0445803049081146;10.000452474528151;0.8334496549429394;1.0445369233068238;1.0448973385117408;0.7977279285545008;-0.014894986539627637;0.797776525346235
1e-06;1.044503808491292;0.8333358629553136;0.7976953621953154;4.420236917867772e-05;2.1689548299696256e-05;1.0445800485387418;10.000448297726022;0.8334499059568089;1.0445370387429938;1.0448971078476539;0.7977270821000068;-0.01489498642073917;0.7977770410923788
2e-06;1.044503788191265;0.8333354980717481;0.7976954947543324;4.418371299656319e-05;2.169084874369407e-05;1.0445797693112704;10.000443891157513;0.8334501740475736;1.0445371593492296;1.044896857183595;0.7977261735933938;-0.014894986288558062;0.7977776011780416
4e-06;1.044503759833025;0.8333351043999653;0.7976956390424672;4.416134119663659e-05;2.1690707527204526e-05;1.0445794647217648;10.000439307051057;0.8334504570541335;1.0445372857879565;1.0448965826777175;0.7977252034598288;-0.0148949861402358;0.7977782100456341
8e-06;1.0445037217607653;0.8333346806627625;0.7976957962833484;4.4133911306132626e-05;2.168834335539628e-05;1.044579134537661;10.00043461640546;0.8334507524950828;1.0445374184891676;1.0448962815544485;0.7977241742999118;-0.014894985972905238;0.7977788708001875
1.6e-05;1.044503673813511;0.8333342255332796;0.7976959680648211;4.410005258073514e-05;2.1682954384483992e-05;1.044578780776465;10.000429903601466;0.8334510583841357;1.0445375564381023;1.044895952872095;0.7977230894458435;-0.01489498578368067;0.7977795850020133
3.2e-05;1.0445036157769736;0.8333337368959328;0.7976961573933135;4.405858189861694e-05;2.1673894527289813e-05;1.0445784071349387;10.000425251770018;0.8334513740342493;1.04453769811079;1.0448955963835032;0.7977219507317657;-0.014894985569807223;0.7977803533452811
6.4e-05;1.0445035468949457;0.8333332122840034;0.7976963698392736;4.400855869882164e-05;2.166066362373047e-05;1.0445780189212002;10.000420732030358;0.8334517006265897;1.0445378425777574;1.04489521078916;0.7977207575076561;-0.014894985328787174;0.7977811760509992
0.000128;1.0445034663163615;0.8333326496694424;0.7976966138998152;4.3949100721905936e-05;2.164279869524668e-05;1.0445776226337682;10.000416403466547;0.8334520412412668;1.0445379897103855;1.0448947927296088;0.7977195079038041;-0.014894985058201294;0.7977820521713332
0.000256;1.0445033729107758;0.8333320475359712;0.797696900622246;4.387936362588894e-05;2.1619936760290368e-05;1.0445772245103853;10.000412319644148;0.8334524005329385;1.0445381401290348;1.0448943363217034;0.7977182005991967;-0.01489498475588194;0.7977829784430006
0.000512;1.0445032645874195;0.8333314045966393;0.7976972429740804;4.379877944080799e-05;2.159186311789489e-05;1.0445768301998568;10.000408538609971;0.833452784454305;1.0445382948713193;1.0448938335048903;0.7977168356520405;-0.014894984420436757;0.7977839497315146
0.000768;1.0445031381359222;0.8333307196741451;0.7976976548257092;4.370717789398029e-05;2.155830912037982e-05;1.0445764461466616;10.000405125582196;0.8334532004410259;1.044538454419293;1.0448932754114812;0.7977154147771007;-0.014894984051100827;0.7977849613145916
0.00128;1.0445029903587986;0.8333299920635499;0.7976981498346789;4.360466323597419e-05;2.151881560223966e-05;1.0445760800860102;10.00040214507319;0.8334536570595249;1.0445386179505383;1.04489265270202;0.797713940897332;-0.014894983647045192;0.7977860097845613
0.001741;1.0445028199867186;0.8333292219898072;0.7976987411290963;4.349149329637946e-05;2.1472908233129004e-05;1.0445757405074718;10.000399654679612;0.833454162598334;1.0445387839596771;1.0448919542721642;0.797712416936098;-0.014894983207091865;0.7977870914057205
0.002202;1.0445026282094698;0.8333284099882466;0.7976994414274462;4.3368150448849534e-05;2.1420171429307092e-05;1.044575436377505;10.000397698408383;0.8334547243039291;1.044538951212949;1.0448911668318255;0.7977108448856378;-0.014894982729977276;0.7977882004933691
0.002662;1.0445024172603399;0.8333275557623758;0.7977002623282498;4.3235404933881194e-05;2.13600603104088e-05;1.0445751765985936;10.00039629828436;0.8334553488157882;1.0445391187028525;1.0448902765334116;0.7977092258013657;-0.014894982214511862;0.7977893298288594
0.003123;1.044502189716942;0.8333266580195515;0.7977012130413322;4.3094123184345385e-05;2.1291894379189995e-05;1.0445749692566586;10.000395450632773;0.8334560427178903;1.0445392855967859;1.0448892712997617;0.7977075606091535;-0.01489498165933579;0.7977904724475038
0.003584;1.0445019489543856;0.8333257153782538;0.797702300446972;4.2944989357594006e-05;2.1215073439941817e-05;1.044574821085751;10.000395124704404;0.833456812769368;1.0445394519309503;1.0448881424399121;0.7977058509537728;-0.014894981062825122;0.7977916223126685
0.004045;1.044501698397898;0.8333247274969443;0.7977035311076763;4.2788381241205595e-05;2.1129205361833516e-05;1.0445747363852869;10.00039526928001;0.8334576663527672;1.0445396197745815;1.0448868852033961;0.7977040999242977;-0.014894980423472256;0.7977927731621642
0.004506;1.0445014402117117;0.8333236954831128;0.7977049124995723;4.262443088501414e-05;2.1034124939644583e-05;1.0445747157240117;10.00039583002229;0.8334586117370162;1.0445397946866426;1.0448854978515822;0.7977023132275083;-0.014894979739989666;0.7977939175100919
0.005427;1.0445011752103193;0.8333226217859167;0.7977064516037227;4.245318006532021e-05;2.092989332213777e-05;1.0445747556311282;10.000396767316762;0.833459656901296;1.044539985629797;1.0448839793494258;0.7977005000344974;-0.014894979010876738;0.7977950468859678
0.006257;1.0445009034652655;0.8333215105249233;0.7977081536171502;4.2274625304024064e-05;2.081682195584754e-05;1.0445748489022126;10.000398063491103;0.8334608079256368;1.0445402029039956;1.0448823278779846;0.7976986720300481;-0.01489497823448121;0.7977961525776822
0.007086;1.0445006250118243;0.8333203677082334;0.7977100227124306;4.2088576419909045e-05;2.0695513120540684e-05;1.0445749856317728;10.00039971367218;0.8334620682764549;1.0445404571501733;1.0448805419806977;0.7976968411558083;-0.014894977409664476;0.7977972262479976
0.007916;1.0445003407074038;0.8333192008200981;0.7977120631846468;4.189454083161856e-05;2.0566810086936204e-05;1.0445751550316127;10.000401714872552;0.8334634389204876;1.0445407591309646;1.0448786232924168;0.7976950178949862;-0.014894976536218947;0.797798260468398
0.008745;1.0445000525966928;0.8333180184467818;0.7977142800116926;4.16918243678979e-05;2.04316572841984e-05;1.044575346284058;10.000404065129056;0.8334649194112717;1.044541118035693;1.0448765781481466;0.797693210357866;-0.01489497561514537;0.7977992489815349
0.009574;1.0444997628144088;0.8333168294359075;0.7977166789635082;4.147968525695174e-05;2.0291012873241365e-05;1.0445755492269817;10.000406756860945;0.8334665092170181;1.0445415405385783;1.0448744164174912;0.7976914242222631;-0.014894974648880158;0.7978001860789488
0.010404;1.044499471770924;0.8333156412261058;0.797719265881782;4.125734135535859e-05;2.0145885057485858e-05;1.0445757561463551;10.000409760684281;0.8334682083311746;1.0445420325804613;1.0448721492138622;0.7976896641543046;-0.014894973640929557;0.7978010655105876
0.011233;1.0444991769067473;0.8333144586951696;0.7977220455800615;4.102405091841534e-05;1.9997424355868606e-05;1.0445759618785109;10.00041301887294;0.833470017146799;1.0445426016825772;1.0448697879180542;0.7976879349571213;-0.01489497259505251;0.7978018805923431
0.012063;1.0444988721566397;0.8333132844136764;0.7977250213672324;4.077938605197401e-05;1.9846915239560005e-05;1.0445761612998712;10.000416455657229;0.833471935938894;1.044543257242756;1.0448673438274463;0.7976862411220612;-0.014894971514720499;0.7978026258213933
0.012892;1.0444985493525634;0.8333121196892963;0.7977281947791655;4.052336155398074e-05;1.9695632033812765e-05;1.044576346850192;10.000419991523419;0.8334739645259249;1.0445440093483258;1.044864826848462;0.7976845863554057;-0.014894970403075315;0.7978032979940183
0.013722;1.0444982010580786;0.8333109654092169;0.797731564939724;4.02562890023024e-05;1.9544691700235603e-05;1.044576507770771;10.000423546682319;0.8334761023853006;1.0445448683500886;1.044862243679254;0.7976829741541854;-0.014894969263062212;0.7978038957334447
0.014551;1.0444978215949707;0.8333098225280935;0.7977351283661502;3.997862765246745e-05;1.9394983177315905e-05;1.0445766320263283;10.000427039337739;0.8334783488942219;1.04454584514272;1.0448595971014834;0.7976814087030332;-0.0148949680975443;0.7978044185388221
0.01538;1.0444974061021361;0.8333086922373694;0.7977388797059017;3.969089033314062e-05;1.9247201356123575e-05;1.0445767099095045;10.000430398563017;0.8334807030692128;1.0445469510513568;1.0448568873259783;0.7976798950743876;-0.01489496690946637;0.7978048662875147
0.017039;1.0444969498750103;0.8333075757078048;0.7977428127583646;3.939345493196393e-05;1.9101977021785618e-05;1.0445767356235987;10.000433587063219;0.8334831630782272;1.0445481977560274;1.044854113491621;0.7976784390670016;-0.01489496570192953;0.797805239404073
0.018532;1.0444964489653175;0.8333064741816121;0.7977469215449929;3.908648744135099e-05;1.8959978996454656e-05;1.0445767056271953;10.000436602477468;0.8334857259360434;1.0445495968418514;1.0448512735315545;0.797677047024438;-0.014894964478062331;0.797805539549386
0.020025;1.0444959011214636;0.8333053899503149;0.7977512010918708;3.877016270616458e-05;1.8821840615633967e-05;1.0445766170793336;10.000439453001572;0.8334883871008142;1.0445511579994864;1.0448483647131872;0.7976757247674886;-0.01489496324104569;0.7978057699185992
0.021518;1.0444953062828808;0.8333043270284446;0.7977556470493264;3.844487296850708e-05;1.8687956971136475e-05;1.0445764687703318;10.000442136360869;0.8334911407906104;1.0445528869104739;1.0448453854699171;0.7976744761401818;-0.014894961994333615;0.7978059350008205
0.023011;1.044494667126993;0.8333032907654424;0.7977602549979617;3.811120120370464e-05;1.8558391786228068e-05;1.044576262267293;10.000444634021203;0.833493981296452;1.0445547845257355;1.0448423354888163;0.7976733023995899;-0.014894960741588449;0.7978060408928315
0.024504;1.044493988647215;0.8333022876079857;0.7977650204624801;3.776978914873114e-05;1.8432929441392616e-05;1.0445760008989913;10.000446911473935;0.8334969040569654;1.0445568488677968;1.0448392150082007;0.7976722026907647;-0.014894959486303923;0.7978060958420939
0.025997;1.0444932759454033;0.8333013254683694;0.7977699388049714;3.742121797421954e-05;1.8311082535596014e-05;1.0445756878677066;10.00044892575453;0.8334999061465584;1.0445590789373418;1.0448360268921892;0.7976711753400578;-0.01489495823147844;0.7978061098485568
0.02749;1.0444925326171166;0.833300413551905;0.7977750047498378;3.706590643454629e-05;1.8192011098523933e-05;1.0445753252082397;10.000450643632172;0.8335029857166969;1.0445614773503913;1.0448327794731245;0.7976702184934992;-0.014894956979604714;0.7978060936296376
0.028983;1.0444917621027834;0.8332995612001176;0.7977802117342236;3.6704033696020766e-05;1.8074453508422412e-05;1.0445749133684532;10.00045205695828;0.8335061405279064;1.04456404861957;1.0448294853215585;0.7976693292162468;-0.014894955732915365;0.7978060573861406
0.030476;1.0444909708256978;0.8332987764665396;0.7977855513619234;3.6335560633210114e-05;1.7956766680717304e-05;1.0445744512019504;10.000453186823684;0.8335093679139405;1.0445667947137194;1.0448261571954862;0.7976685026184499;-0.014894954493392159;0.7978060100092668
0.031969;1.0444901695007096;0.8332980654336274;0.797791014036893;3.59603585319237e-05;1.7837075142286e-05;1.0445739366193014;10.000454080801259;0.8335126663099494;1.0445697128136961;1.044822806056265;0.7976677323981621;-0.014894953262409848;0.7978059599136325
0.034955;1.0444893711677259;0.8332974325987963;0.7977965902575672;3.557842331213563e-05;1.7713445842010413e-05;1.044573366847611;10.000454804778999;0.8335160354735547;1.0445727971435974;1.0448194414255778;0.7976670121103674;-0.014894952040528016;0.7978059162333074
0.037941;1.0444885878902002;0.8332968817408141;0.7978022711335067;3.519013045000901e-05;1.758404856681796e-05;1.0445727375113774;10.00045543206323;0.8335194750664697;1.0445760416046956;1.044816072059739;0.7976663363041971;-0.014894950827760134;0.7978058883124758
0.040927;1.0444878289341106;0.8332964165328189;0.797808048328685;3.479628693154775e-05;1.7447283488766774e-05;1.0445720425800509;10.000456036104435;0.8335229837360617;1.044579440692305;1.0448127065852957;0.7976657013019803;-0.014894949623990556;0.7978058847343158
0.043913;1.0444871018204158;0.8332960402048915;0.7978139139066239;3.4397955931018495e-05;1.730185554594948e-05;1.0445712763088046;10.000456688955081;0.833526558520279;1.044582989830121;1.044809353616926;0.7976651048569906;-0.014894948429069218;0.7978059133651614
0.046899;1.0444864141681247;0.8332957544517483;0.7978198598737652;3.399636869460744e-05;1.7146750318658836e-05;1.0445704346271754;10.000457458087348;0.8335301935646567;1.044586685912963;1.0448060213293664;0.7976645450918216;-0.014894947242656423;0.7978059814911197
0.049885;1.04448577380671;0.8332955588538551;0.7978258774242718;3.359292467370091e-05;1.698111006245172e-05;1.0445695146510359;10.000458399638916;0.8335338797094017;1.044590526745919;1.0448027169170993;0.7976640201531945;-0.01489494606428525;0.7978060954667615
0.052871;1.0444851880626618;0.8332954510961055;0.7978319567406787;3.318904490341341e-05;1.680417659712167e-05;1.0445685135819527;10.000459560901852;0.8335376054551955;1.0445945089634314;1.0447994459749148;0.7976635281506799;-0.014894944893672097;0.7978062600868105
0.055857;1.044484663418556;0.8332954270508047;0.7978380880330093;3.278599747532745e-05;1.6615414127085288e-05;1.044567427592434;10.000460996086879;0.8335413575147153;1.0445986266868397;1.0447962124745998;0.7976630663410101;-0.014894943730896839;0.7978064783916533
0.061829;1.0444842047650724;0.8332954804132711;0.797844262441738;3.2384946719258686e-05;1.6414617618522517e-05;1.0445662517473975;10.000462777325705;0.8335451212156292;1.0446028725776744;1.0447930197081237;0.7976626303704814;-0.014894942576422963;0.7978067527564003
0.067801;1.0444838139464667;0.8332956024794468;0.7978504715670054;3.1987130144162e-05;1.6201798806568305e-05;1.044564982799173;10.000464983797784;0.8335488818244371;1.0446072398055843;1.0447898713637827;0.7976622149074881;-0.014894941431064616;0.797807086275728
0.073773;1.0444834891346204;0.8332957827511582;0.7978567070395886;3.1593941530934815e-05;1.5977033715813232e-05;1.044563623077727;10.000467679334271;0.8335526256935925;1.0446117232599896;1.044786771927885;0.7976618147766849;-0.014894940295892264;0.797807482684965
0.079745;1.0444832257001753;0.8332960106261549;0.7978629611578242;3.120690186356518e-05;1.57404983041352e-05;1.044562181157072;10.000470902025793;0.8335563405167198;1.0446163200033485;1.0447837270923472;0.7976614251025543;-0.014894939172255471;0.7978079449446408
0.085717;1.0444830168787669;0.8332962771723629;0.7978692272821454;3.0827622478527214e-05;1.5492529287300796e-05;1.0445606693419645;10.000474670057335;0.8335600152143783;1.0446210287656652;1.0447807453553173;0.7976610416449011;-0.014894938061899846;0.7978084743951027
0.095717;1.0444828540473414;0.8332965755746202;0.7978754991946284;3.0457779490002408e-05;1.5233516163757425e-05;1.0445591010549715;10.00047899374973;0.8335636394118542;1.0446258479974893;1.044777839577245;0.7976606621471376;-0.014894936966767119;0.7978090710452801
0.105717;1.0444827281994025;0.8332969005177461;0.7978817701504296;3.0098988037163603e-05;1.4963714381193702e-05;1.0445574886145883;10.000483880355906;0.8335672027166525;1.0446307737825657;1.0447750259459676;0.7976602869146767;-0.014894935888643462;0.7978097334244809
0.115717;1.0444826316955238;0.8332972478549673;0.7978880321329449;2.9752610395722007e-05;1.4683172246871027e-05;1.0445558415443652;10.000489317166156;0.8335706944638126;1.044635799570985;1.0447723213804232;0.7976599180900097;-0.014894934829080284;0.7978104581507484
0.125717;1.0444825579561736;0.8332976151860074;0.7978942755248883;2.9419698079476177e-05;1.4391873819862287e-05;1.0445541667260831;10.000495247909807;0.8335741041266005;1.0446409167695754;1.0447697426379823;0.7976595585319689;-0.014894933789515827;0.7978112406825287
0.135717;1.0444824999972926;0.8332980024766488;0.7979004891063229;2.910102548894706e-05;1.408996936025246e-05;1.0445524700631441;10.00050157821427;0.8335774224229328;1.0446461144873822;1.0447673067035528;0.7976592107393189;-0.014894932771407205;0.7978120761671252
0.145717;1.0444824512034196;0.8332984114169253;0.7979066596749962;2.8797089312152104e-05;1.3777883529755556e-05;1.0445507578925202;10.000508205305724;0.8335806422168404;1.0446513800861765;1.0447650298975293;0.7976588765862203;-0.014894931776213882;0.7978129593304945
0.155717;1.0444824076685526;0.8332988436586546;0.7979127718534553;2.8508106344164352e-05;1.3456334167396487e-05;1.0445490368438848;10.000515037507395;0.8335837579644523;1.0446567015469514;1.0447629259153424;0.7976585581393324;-0.014894930805175222;0.7978138843422732
0.165717;1.0444823683822024;0.8332992993261218;0.7979188091601098;2.8234024747463865e-05;1.312633261024337e-05;1.0445473128343143;10.000522001962441;0.8335867646526746;1.0446620687737236;1.0447610055084695;0.7976582586631639;-0.014894929859018172;0.7978148444641417
0.175717;1.0444823338566631;0.8332997770504891;0.7979247552030108;2.7974673124398113e-05;1.2789034817553042e-05;1.0445455905418826;10.000529056816315;0.8335896579671448;1.0446674723658396;1.0447592781870034;0.7976579828699591;-0.014894928937844703;0.7978158311432867
0.185717;1.044482305289178;0.8333002750091045;0.7979305942497685;2.7729985742257333e-05;1.2445442710561046e-05;1.0445438731330359;10.000536195262889;0.8335924352763013;1.0446729023600925;1.044757752425063;0.7976577361897443;-0.014894928041471106;0.7978168335541166
0.195717;1.0444822829925224;0.8333007910515716;0.7979363119668497;2.749992184823356e-05;1.2096194854222212e-05;1.0445421624688092;10.000543427638407;0.8335950960741809;1.0446783489427196;1.0447564337879574;0.797657523721178;-0.014894927169934917;0.7978178390715476
0.205717;1.0444822636133795;0.8333013215510188;0.7979418956073693;2.7284240723613404e-05;1.1741551923765918e-05;1.0445404600000843;10.00055076314341;0.8335976415639036;1.0446838041895046;1.0447553246515846;0.7976573495275784;-0.014894926323636985;0.7978188347010912
0.215717;1.0444822389252726;0.8333018604269082;0.7979473330530891;2.7082622913789326e-05;1.1381503673349352e-05;1.0445387664581882;10.000558210606238;0.8336000736468321;1.0446892628684248;1.044754426153378;0.7976572162733556;-0.014894925503261259;0.7978198088933202
0.225717;1.0444821972475167;0.8333023992160808;0.7979526121429736;2.68949458218492e-05;1.1015934819770064e-05;1.044537080303495;10.000565787101666;0.8336023941341845;1.0446947215841964;1.044753739456278;0.797657125363573;-0.014894924709692873;0.7978207525947396
0.235717;1.0444821253194765;0.833302928205655;0.7979577209545388;2.672128714557313e-05;1.0644750246342673e-05;1.044535397485071;10.000573519353765;0.8336046051877379;1.0447001771390003;1.0447532645750257;0.7976570779932736;-0.014894923943722702;0.7978216595341485
0.245717;1.0444820093933176;0.8333034384053238;0.797962648320544;2.656171106975168e-05;1.0267887321690924e-05;1.0445337128743557;10.000581431721317;0.8336067103021014;1.044705625720213;1.0447529982335835;0.797657076328303;-0.01489492320558635;0.7978225262088801
0.255717;1.0444818352550265;0.8333039232334079;0.7979673846572497;2.6416048696909785e-05;9.885307026580442e-06;1.04453202216277;10.000589524797437;0.833608713918793;1.0447110631589758;1.0447529333012473;0.7976571232257393;-0.014894922494717256;0.7978233516213195
0.265717;1.0444815880567084;0.8333043788929309;0.7979719227924571;2.628377524399189e-05;9.497072397554008e-06;1.0445303232709138;10.000597765253959;0.8336106195353149;1.0447164842533854;1.044753059686071;0.7976572207667;-0.014894921809666681;0.7978241365233106
0.275717;1.0444812539710504;0.8333048039938489;0.7979762573920719;2.6163973921149423e-05;9.103487896767123e-06;1.0445286163091339;10.000606103375508;0.8336124286341595;1.0447218812382622;1.04475336589625;0.7976573697311563;-0.014894921148050931;0.7978248820475188
0.285717;1.0444808223627646;0.833305198924375;0.7979803835338001;2.6055372463612477e-05;8.70519039350309e-06;1.0445269026037878;10.000614498800434;0.8336141415976197;1.0447272440886421;1.0447538415497704;0.7976575701701876;-0.014894920506886424;0.7978255885918749
0.295717;1.0444802863110092;0.8333055651747455;0.797984295965291;2.5956532515064844e-05;8.303136094589344e-06;1.0445251834460398;10.000622920067142;0.8336157590571699;1.0447325624989354;1.0447544793332997;0.7976578213251447;-0.014894919883203146;0.7978262558636875
0.305717;1.0444796425241891;0.8333059055125881;0.7979879892105844;2.5866140251534557e-05;7.898553213089052e-06;1.0445234584722014;10.00063132950689;0.8336172820444003;1.0447378272078862;1.0447552749523288;0.7976581207756829;-0.014894919274204863;0.7978268840701687
0.315717;1.0444788910445897;0.8333062244655197;0.7979914581795665;2.5783221054839866e-05;7.4929636915820054e-06;1.0445217252992849;10.000639691563768;0.8336187104875467;1.0447430301194052;1.04475622631925;0.7976584639653552;-0.014894918676938202;0.7978274750181948
0.325717;1.0444780335855173;0.8333065271950398;0.7979946985653784;2.5707137042815467e-05;7.0882142303379716e-06;1.0445199812777395;10.000647996134726;0.8336200417234026;1.044748163815948;1.0447573331452666;0.7976588447388036;-0.01489491808816927;0.7978280318158857
0.335717;1.044477071126731;0.8333068168802301;0.7979977068076544;2.5637381393544315e-05;6.686318223340524e-06;1.0445182248070435;10.000656263909486;0.8336212714380347;1.0447532206549333;1.0447585957587864;0.7976592563410293;-0.014894917504683337;0.7978285578584274
0.345717;1.044476002393542;0.8333070932061989;0.7980004802668761;2.5573364743936264e-05;6.28914121057976e-06;1.0445164552601571;10.000664533550543;0.8336223959350442;1.044758191682854;1.0447600123079872;0.7976596920081896;-0.014894916923552041;0.7978290565968671
0.355717;1.0444748234112067;0.8333073538198785;0.7980030176629712;2.5514299981950836e-05;5.898181855251842e-06;1.0445146738182383;10.00067284746961;0.83362341306128;1.0447630664952476;1.044761576116508;0.7976601456013472;-0.014894916342311233;0.7978295322558624
0.365717;1.0444735276309725;0.833307597249469;0.7980053191779106;2.545914425731969e-05;5.514531265616984e-06;1.0445128845970615;10.000681239626038;0.8336243216696144;1.0447678342550217;1.044763274951295;0.7976606126417111;-0.0148949157592146;0.7978299901515368
0.375717;1.0444721066536062;0.8333078244190117;0.7980073858632867;2.5406602115958093e-05;5.138930243757806e-06;1.04451109310088;10.000689727130204;0.833625120716157;1.0447724835547332;1.0447650922577125;0.7976610906251768;-0.01489491517331332;0.7978304359885648
0.385717;1.0444705514779367;0.833308038080816;0.7980092192612191;2.5355242625016348e-05;4.771799536257336e-06;1.0445093036934123;10.000698310968346;0.8336258085579837;1.0447770013093187;1.0447670091609267;0.7976615780283296;-0.01489491458434659;0.7978308754676722
0.395717;1.044468853578792;0.8333082413408133;0.7980108221854333;2.5303733870297876e-05;4.413264670193654e-06;1.0445075199418403;10.000706977787013;0.833626382790759;1.0447813741063097;1.044769005188852;0.7976620730199526;-0.014894913992658968;0.7978313145771915
0.405717;1.0444670049693798;0.8333084365888876;0.7980121997296415;2.52510763458798e-05;4.063375803667021e-06;1.0445057464707082;10.000715699206545;0.8336268403903336;1.044785591085938;1.0447710579280136;0.7976625727314036;-0.01489491339886066;0.7978317590131906
0.415717;1.0444649977673914;0.8333086258418477;0.7980133596098675;2.5196590019583942e-05;3.7223622127433526e-06;1.0445039886170862;10.000724439029609;0.8336271775860825;1.0447896445695246;1.0447731438812364;0.7976630734856538;-0.014894912803101481;0.797832212650352
0.425717;1.044462824855571;0.8333088123622163;0.7980143120896712;2.5139691486903223e-05;3.390621383194494e-06;1.0445022506620643;10.000733161131176;0.8336273899771648;1.0447935284945176;1.0447752399055845;0.7976635722325289;-0.01489491220474731;0.7978326775102746
0.435717;1.044460481212478;0.8333090018673323;0.7980150691018627;2.5079807163150034e-05;3.068650750427032e-06;1.0445005359363304;10.000741822832323;0.8336274737136712;1.0447972366490843;1.0447773237190248;0.7976640675149348;-0.014894911602950164;0.7978331558356123
0.445717;1.0444579640415153;0.8333092019929379;0.7980156425934299;2.5016395137884868e-05;2.757091624533425e-06;1.0444988489545601;10.000750363617541;0.8336274270369014;1.0448007613184231;1.0447793746256078;0.7976645583169433;-0.014894910997346042;0.7978336516575467
0.455717;1.0444552718036777;0.833309420828964;0.7980160437543901;2.4948902750523595e-05;2.456637006889043e-06;1.0444971970793884;10.000758710500413;0.8336272505930182;1.0448040926424964;1.0447813745116934;0.7976650425492465;-0.014894910388154933;0.7978341703608529
0.465717;1.0444524034905533;0.8333096658246979;0.798016283466974;2.487678014389326e-05;2.167821732601789e-06;1.0444955904804298;10.000766793379038;0.8336269465677107;1.0448072194744524;1.044783307634127;0.7976655168694989;-0.014894909775847776;0.7978347170362403
0.475717;1.0444493585156072;0.8333099432221128;0.7980163725371305;2.4799469164157263e-05;1.8909993859434763e-06;1.0444940410406482;10.000774548004204;0.8336265176088976;1.044810131331931;1.0447851601528026;0.7976659774039655;-0.014894909160881773;0.7978352950385801
0.485717;1.0444461367689375;0.8333102580995753;0.7980163216359902;2.4716236609213503e-05;1.6264436923224586e-06;1.0444925611929488;10.00078191399431;0.8336259654727013;1.0448128191252557;1.044786921202896;0.7976664211796777;-0.014894908543617948;0.797835905748337
0.495717;1.0444427386666855;0.8333106149637673;0.7980161413181405;2.4626168216398355e-05;1.3743389189854301e-06;1.0444911629748794;10.00078884377008;0.8336252906060688;1.044815274151361;1.044788583856873;0.7976668474983756;-0.014894907924366619;0.797836548834454
0.505717;1.0444391656745482;0.8333110181952982;0.7980158412413034;2.4528416641305705e-05;1.1347868959858489e-06;1.0444898569514973;10.00079531519076;0.8336244938605245;1.0448174878945524;1.0447901434950466;0.7976672581366183;-0.014894907303665668;0.7978372223220115
0.515717;1.0444354211977;0.8333114716302599;0.7980154289370063;2.442234728397367e-05;9.079968481910518e-07;1.044488650923592;10.00080133203714;0.8336235783241992;1.0448194531131374;1.0447915957578906;0.7976676568590677;-0.014894906682542794;0.7978379236039634
0.525717;1.0444315114151275;0.8333119771031333;0.7980149093379161;2.4307539892356265e-05;6.94415843112072e-07;1.0444875493929286;10.000806907848824;0.833622549375301;1.044821163978756;1.0447929367697728;0.7976680489915132;-0.014894906062432604;0.7978386514234268
0.535717;1.0444274458795375;0.8333125328156021;0.7980142852421623;2.4183787453381356e-05;4.946078552693842e-07;1.0444865550749076;10.000812057297745;0.8336214132309618;1.0448226155709426;1.0447941637310778;0.7976684407866297;-0.014894905444883491;0.7978394065943037
0.545717;1.0444232374709694;0.8333131329009995;0.7980135587491294;2.4051117543845548e-05;3.090291627288358e-07;1.0444856711782817;10.000816815857846;0.8336201750403539;1.0448238046601015;1.044795274471031;0.7976688383237961;-0.014894904831376603;0.7978401907863253
0.555717;1.0444189021305026;0.833313768760311;0.7980127325894315;2.3909868858113485e-05;1.3783572357083103e-07;1.0444849016952256;10.000821259810875;0.8336188377460848;1.0448247305761602;1.0447962674636968;0.7976692463089989;-0.014894904223463285;0.7978410053627565
0.565717;1.0444144587392064;0.8333144308363066;0.7980118102799275;2.37607083573279e-05;-1.9166147811669194e-08;1.0444842495400657;10.000825493929838;0.833617402216327;1.0448253942158154;1.0447971429710017;0.7976696675943937;-0.01489490362290543;0.7978418510162276
0.575717;1.044409928347709;0.8333151087111001;0.7980107960877377;2.360448272283294e-05;-1.6235430306049622e-07;1.0444837145819417;10.000829623333995;0.83361586800134;1.0448257967685959;1.0447979041015718;0.7976701038092128;-0.014894903031538637;0.797842726794817
0.585717;1.044405332511808;0.8333157900215263;0.7980096950812376;2.344199414996695e-05;-2.9211315149977324e-07;1.044483293486006;10.000833737111138;0.8336142339018021;1.0448259403649673;1.0447985562614934;0.7976705561020202;-0.01489490245103541;0.7978436286162397
0.595717;1.044400691787989;0.8333164607240364;0.7980085125647389;2.3273767617580653e-05;-4.089065932754277e-07;1.0444829809318383;10.000837906175933;0.8336124988992264;1.0448258294928952;1.0447991056887522;0.7976710253795759;-0.014894901882621582;0.7978445493870558
0.605717;1.0443960254360303;0.8333171068073343;0.7980072535040577;2.309983581485759e-05;-5.134711932882319e-07;1.0444827702392565;10.000842188023414;0.8336106637490713;1.04482547091085;1.0447995588447807;0.7976715125635396;-0.014894901326951638;0.7978454810921934
0.615717;1.0443913510907863;0.8333177152696842;0.7980059223978738;2.2919762351535857e-05;-6.06774526560852e-07;1.0444826532006966;10.000846625945119;0.8336087311227259;1.0448248721313955;1.0447999221917332;0.7976720183995434;-0.014894900784414982;0.7978464165343243
0.625717;1.0443866830154194;0.8333182739973753;0.7980045229710687;2.2733005763852886e-05;-6.898166785160779e-07;1.044482620669317;10.000851241993661;0.8336067042599518;1.0448240401329563;1.0448002010028796;0.7976725425849178;-0.014894900255549426;0.7978473498033146
0.635717;1.044382030689616;0.8333187715303321;0.7980030579279056;2.2539261631339046e-05;-7.635944863222075e-07;1.0444826649143961;10.000856039710623;0.8336045867701314;1.0448229809376537;1.044800397219287;0.7976730836085059;-0.014894899741269525;0.7978482768359038
0.645717;1.0443773999492736;0.8333191968390941;0.7980015294914794;2.2338519751554792e-05;-8.292052125442647e-07;1.0444827818447657;10.00086101835595;0.8336023831166183;1.0448217005576739;1.0448005081271605;0.7976736395839379;-0.01489489924290024;0.7978491959967386
0.655717;1.0443727959410134;0.8333195392832482;0.7979999404287214;2.213095987111468e-05;-8.878918490694987e-07;1.0444829706033247;10.000866189006334;0.8336000983961174;1.0448202076716013;1.044800527496656;0.7976742089118802;-0.01489489876193726;0.7978501072820932
0.665717;1.0443682244805217;0.8333197889360094;0.7979982944839572;2.1916812747937546e-05;-9.408671081826452e-07;1.0444832317381876;10.000871582740611;0.8335977384682413;1.044818515018148;1.044800447997809;0.7976747903514528;-0.014894898299862944;0.7978510105670898
0.675717;1.044363691021697;0.833319937315701;0.7979965954885199;2.1696193649656027e-05;-9.889787588403552e-07;1.044483566755274;10.000877237435978;0.8335953104128079;1.0448166376006902;1.04480026316223;0.797675382760778;-0.014894897858311357;0.7978519046356669
0.685717;1.0443592003722986;0.8333199785232086;0.7979948461030485;2.146893663172333e-05;-1.0325194442685786e-06;1.044483979473147;10.000883169240582;0.8335928220083627;1.0448145904265493;1.0447999686862037;0.7976759848040589;-0.014894897439161772;0.7978527873337593
0.695717;1.044354757814245;0.8333199096627971;0.7979930480254364;2.123456146891234e-05;-1.0713290184898921e-06;1.0444844766518746;10.000889360966863;0.8335902807874599;1.0448123870703168;1.044799563010516;0.7976765947569598;-0.014894897044168664;0.7978536557371667
0.705717;1.044350369381841;0.8333197300880196;0.7979912036916947;2.0992454294647506e-05;-1.1051589480122368e-06;1.044485066486037;10.000895773571864;0.8335876936140603;1.0448100379412606;1.0447990474742932;0.7976772104058882;-0.014894896674295248;0.7978545060610637
0.715717;1.0443460406636151;0.833319440824784;0.7979893172966501;2.0742072738641684e-05;-1.134033660689242e-06;1.0444857571411608;10.00090235714744;0.833585066561167;1.0448075488016941;1.0447984258546645;0.7976778292688175;-0.01489489632927303;0.797855334156388
0.725717;1.0443417760952478;0.8333190444706312;0.7979873942521739;2.0482956231988318e-05;-1.1582524242160722e-06;1.044486557095586;10.000909063496012;0.8335824049456944;1.0448049216777646;1.0447977027918418;0.7976784490374117;-0.014894896007732519;0.7978561362813068
0.735717;1.0443375803812782;0.8333185452329982;0.797985440587416;2.021464493738228e-05;-1.1781839694549905e-06;1.0444874766025212;10.000915863017358;0.8335797133525634;1.0448021586573166;1.044796882661161;0.7976790676782156;-0.014894895707546651;0.7978569092771808
0.745717;1.0443334607251678;0.8333179494620648;0.7979834627268773;1.9936721832500487e-05;-1.1942252361126274e-06;1.044488528054564;10.000922744012938;0.833576995409249;1.0447992654751357;1.044795970129538;0.797679683039797;-0.014894895426216255;0.7978576504683349
0.755717;1.0443294280980189;0.833317265450686;0.7979814669068029;1.9648997105067992e-05;-1.2069224101379772e-06;1.0444897238683104;10.000929695624512;0.8335742536768871;1.0447962514514295;1.04479497106405;0.797680292084686;-0.014894895161578336;0.7978583579022949
0.765717;1.0443254967619326;0.8333165019149853;0.7979794585192008;1.9351622670923047e-05;-1.217069818233953e-06;1.0444910738154731;10.000936698988054;0.8335714901799748;1.0447931265894042;1.0447938921354851;0.797680890172398;-0.014894894912475913;0.7978590307630377
0.775717;1.0443216815657956;0.8333156674250781;0.7979774420078999;1.9044948201154173e-05;-1.2257038745166783e-06;1.0444925843498536;10.000943734067738;0.8335687073535581;1.044789898889878;1.0447927396355108;0.7976814710934662;-0.01489489467863256;0.7978596692097841
0.785717;1.0443179951279198;0.833314770991791;0.7979754215705481;1.8729309142085835e-05;-1.2340717180195968e-06;1.0444942596553126;10.000950789488323;0.8335659086073997;1.0447865729078945;1.0447915197247362;0.7976820276466322;-0.014894894459970515;0.7978602740941861
0.795717;1.0443144478319988;0.8333138216690842;0.797973402544772;1.840502565505821e-05;-1.2436407419124225e-06;1.044496102101188;10.000957865665695;0.833563098019293;1.0447831504099625;1.0447902394603212;0.7976825521856743;-0.0148948942562366;0.797860847101137
0.805717;1.044311049659721;0.833312827430001;0.7979713922157701;1.8072464565309062e-05;-1.2559999104964208e-06;1.0444981111320413;10.00096497482745;0.8335602792562051;1.0447796338940398;1.044788905679262;0.7976830375303254;-0.014894894067057213;0.7978613901333056
0.815717;1.044307811146436;0.833311795353623;0.7979693993288483;1.773195160454144e-05;-1.2725791574155846e-06;1.0445002821594829;10.000972140022965;0.8335574547596037;1.0447760294376212;1.0447875230621924;0.7976834784240623;-0.014894893892064297;0.7978619043132719
0.825717;1.0443047428919514;0.833310732889637;0.7979674333886179;1.7383735307365817e-05;-1.2944066101213463e-06;1.0445026074238766;10.000979387684547;0.8335546262401966;1.044772345805764;1.0447860942012024;0.7976838724674943;-0.014894893730707357;0.7978623904598043
0.835717;1.0443018542924745;0.8333096474914173;0.7979655037549023;1.702813218089533e-05;-1.3220713234011593e-06;1.0445050785464;10.000986741156101;0.8335517952374113;1.0447685926867731;1.044784620875215;0.7976842200672901;-0.014894893581725747;0.7978628503504391
0.845717;1.0442991521663705;0.8333085445404731;0.79796361826985;1.6665635937885716e-05;-1.3558236829071163e-06;1.0445076888671865;10.000994225615173;0.8335489623429213;1.0447647801762183;1.0447831055688679;0.7976845241303998;-0.014894893443062386;0.7978632867174115
0.855717;1.0442966401277698;0.8333074259880743;0.7979617828404503;1.6296914682704396e-05;-1.3957410213295709e-06;1.0445104346605776;10.001001866474342;0.833546126761387;1.044760917803459;1.0447815527385167;0.7976847894642751;-0.014894893312387858;0.7978637021343404
0.865717;1.0442943190451113;0.8333062897434402;0.7979600021479482;1.5922835361846615e-05;-1.4418997126296635e-06;1.0445133141414478;10.001009667066025;0.8335432872755061;1.0447570133604327;1.0447799680987588;0.7976850214773636;-0.014894893187579684;0.7978640986495494
0.875717;1.0442921878845635;0.8333051296835553;0.7979582805416825;1.5544464512697545e-05;-1.4944127210681196e-06;1.0445163242770965;10.001017589522819;0.8335404427783368;1.0447530733201555;1.0447783559560284;0.7976852248674295;-0.014894893066970396;0.7978644786280206
0.885717;1.044290244065681;0.8333039375128838;0.797956622988447;1.5162852111097762e-05;-1.5533679600658425e-06;1.0445194589671547;10.001025558958188;0.8335375920805737;1.0447491040651384;1.0447767175449076;0.7976854028880773;-0.014894892949374804;0.7978648454747237
0.895717;1.0442884832446913;0.8333027056014716;0.7979550355282133;1.4778808409345216e-05;-1.618905761270209e-06;1.0445227107479313;10.001033479816252;0.8335347345858146;1.044745112241397;1.0447750522465633;0.7976855569946161;-0.014894892833906551;0.797865203501863
0.905717;1.0442868987843499;0.8333014288559275;0.7979535247729712;1.439302101745913e-05;-1.6914067942003956e-06;1.0445260741170752;10.001041248264638;0.8335318711798528;1.0447411039467231;1.04477335967706;0.7976856872527387;-0.014894892719949775;0.7978655575398886
0.915717;1.0442854814121436;0.8333001048607087;0.7979520973286852;1.4006248458916795e-05;-1.7715054402316933e-06;1.0445295475367036;10.00104875690725;0.8335290037512292;1.0447370834987988;1.044771639743935;0.7976857936567056;-0.014894892607332398;0.7978659128733041
0.925717;1.044284220143459;0.8332987328984283;0.7979507596851219;1.3619199307058738e-05;-1.8599031202658284e-06;1.0445331326022296;10.001055899097663;0.83352613449328;1.0447330529973409;1.0447698906087919;0.797685877079178;-0.014894892496431243;0.7978662754728306
0.935717;1.0442831043522367;0.8332973131589645;0.7979495175823249;1.3232291222572866e-05;-1.9572203307309788e-06;1.044536832579879;10.001062579706707;0.8335232663827211;1.0447290129989273;1.044768106912241;0.7976859395227753;-0.01489489238830373;0.7978666521468745
0.945717;1.0442821252575893;0.8332958463544926;0.7979483747637299;1.2845645655293385e-05;-2.064013430811976e-06;1.044540652690498;10.001068723837204;0.8335204034477295;1.0447249633138467;1.044766279891978;0.7976859843543964;-0.014894892284900875;0.7978670504649861
0.955717;1.044281275881451;0.8332943338948637;0.7979473327013689;1.2459319194596709e-05;-2.1808849067562554e-06;1.0445445992889284;10.001074273805909;0.8335175501142843;1.0447209032201359;1.0447643990853341;0.7976860159157936;-0.014894892189112012;0.7978674787486204
0.965717;1.0442805505454293;0.8332927786969503;0.7979463912377663;1.207349333034104e-05;-2.308536173049795e-06;1.0445486763216338;10.001079181325153;0.833514711133152;1.0447168317446034;1.0447624551429695;0.7976860383402915;-0.014894892104498425;0.7978679459024609
0.975717;1.0442799455325313;0.8332911851359989;0.797945548941894;1.1688420444184279e-05;-2.4477240063400256e-06;1.044552883520876;10.001083396861993;0.8335118918202168;1.0447127487209014;1.0447604421126069;0.7976860546928195;-0.014894892034812365;0.7978684607656287
0.985717;1.044279460749203;0.8332895581510688;0.7979448031862155;1.1304278245587675e-05;-2.5992483319057566e-06;1.044557218475031;10.001086852645274;0.8335090972208441;1.0447086559270773;1.044758357127599;0.7976860665034433;-0.014894891983730391;0.7978690313627452
0.995717;1.0442791007232428;0.8332879031331867;0.797944150219704;1.092110572666838e-05;-2.763976151291456e-06;1.0445616789250356;10.00108945352079;0.833506330910034;1.0447045574328735;1.044756199573999;0.7976860732974208;-0.014894891955052031;0.7978696641958136
1.005717;1.0442788735242856;0.8332862257723539;0.7979435859368587;1.0538730015316063e-05;-2.9427271910338473e-06;1.0445662626196708;10.001091087100876;0.8335035943097711;1.0447004585244482;1.0447539721112502;0.7976860728845445;-0.014894891952878632;0.7978703637354414
1.015717;1.04427878775688;0.8332845308047698;0.7979431073993678;1.0156715869121115e-05;-3.1360828257668323e-06;1.0445709661694125;10.001091640567898;0.8335008866272564;1.044696363708904;1.0447516812761786;0.7976860626137011;-0.014894891981427391;0.7978711326522625
1.025717;1.0442788501814546;0.833282821857499;0.7979427132614106;9.774449197683436e-06;-3.3443566830388087e-06;1.0445757851278017;10.001091013218502;0.8334982056701734;1.0446922765290259;1.0447493361255922;0.7976860405052448;-0.014894892044862468;0.7978719725193141
1.035717;1.044279065371537;0.8332811032196302;0.7979424029027868;9.391225876859152e-06;-3.567616776202583e-06;1.0445807151222275;10.001089126212651;0.8334955487182784;1.0446882016275083;1.044746947433522;0.7976860059046579;-0.014894892147155472;0.7978728839536521
1.045717;1.044279435371489;0.8332793811625534;0.7979421758785707;9.00628899962352e-06;-3.8055926043076507e-06;1.0445857526479605;10.001085918893697;0.8334929127086808;1.0446841459080962;1.0447445283575523;0.7976859593578431;-0.014894892291518174;0.7978738660995642
1.055717;1.0442799589901957;0.8332776640128452;0.7979420315531801;8.618908414947045e-06;-4.057685471273105e-06;1.0445908954269363;10.001081332424377;0.8334902944507362;1.044680117668409;1.0447420937857457;0.7976859012087518;-0.014894892479688723;0.7978749163232748
1.065717;1.0442806328270289;0.83327596136597;0.797941968320615;8.228487689473039e-06;-4.323156413898557e-06;1.0445961420551704;10.001075309093803;0.8334876912320123;1.0446761255631185;1.044739658512452;0.7976858304960077;-0.01489489271188861;0.7978760300942175
1.075717;1.0442814536100622;0.8332742824991816;0.797941983087566;7.83463866268901e-06;-4.601199314128679e-06;1.0446014901652425;10.001067808169424;0.8334851016894759;1.044672177931782;1.0447372369449672;0.7976857455268478;-0.01489489298761957;0.7978772009582035
1.085717;1.0442824190613182;0.8332726354241572;0.7979420716593658;7.437189208860002e-06;-4.8908477525749535e-06;1.0446069341682263;10.001058810171811;0.8334825265393463;1.044668281673422;1.0447348433987198;0.7976856452924439;-0.014894893306622815;0.7978784213206185
1.095717;1.0442835264930854;0.8332710271772457;0.7979422295646275;7.036158374910884e-06;-5.1909278440188045e-06;1.0446124647495256;10.001048303905723;0.8334799681129895;1.0446644416293234;1.0447324918342458;0.7976855307948506;-0.014894893669301178;0.7978796835413507
1.105717;1.0442847715323904;0.8332694636511714;0.7979424521243884;6.631696686797931e-06;-5.500054337517035e-06;1.0446180706354486;10.001036274803985;0.8334774285146334;1.0446606610078646;1.044730196181082;0.7976854051130886;-0.014894894076465631;0.7978809804262755
1.115717;1.0442861482844479;0.8332679488870661;0.7979427335580037;6.223927385582935e-06;-5.816599937803396e-06;1.0446237405789731;10.001022705924111;0.8334749079688473;1.0446569414314815;1.0447279712705366;0.7976852714674658;-0.014894894528804341;0.7978823057391129
1.125717;1.0442876497271565;0.833266484872729;0.7979430665117379;5.812862056920306e-06;-6.138743834798649e-06;1.0446294642251543;10.001007584089468;0.8334724049550003;1.0446532828398591;1.0447258330494835;0.7976851308510992;-0.014894895026496139;0.7978836550853035
1.135717;1.0442892678773432;0.8332650714299081;0.7979434430405276;5.398501689448271e-06;-6.464684674913032e-06;1.0446352317748109;10.000990905352424;0.8334699173218005;1.0446496843172994;1.0447237970515855;0.7976849808474589;-0.014894895569012375;0.7978850261760598
1.145717;1.0442909940064113;0.833263706686032;0.7979438559715342;4.980887732408906e-06;-6.792897244976142e-06;1.0446410318618522;10.000972679853643;0.8334674430225683;1.04464614560771;1.0447218769738595;0.7976848162093623;-0.01489489615522186;0.7978864181160819
1.155717;1.0442928190278475;0.8332623887790103;0.7979442992069871;4.5600429747941355e-06;-7.122181099789518e-06;1.044646849683846;10.000952931234872;0.8334649804697307;1.044642668497769;1.0447200855367629;0.7976846314497017;-0.014894896783866551;0.7978878303580992
1.165717;1.0442947343727438;0.8332611173548999;0.7979447675973654;4.1358963623453936e-06;-7.451508204452935e-06;1.0446526678594046;10.00093169472505;0.8334625280375197;1.0446392567257472;1.0447184349306495;0.7976844235075568;-0.014894897454064407;0.7978892617607697
1.175717;1.0442967325191754;0.8332598937889899;0.7979452570945664;3.70819545334074e-06;-7.779972118028088e-06;1.044658468422674;10.000909018013656;0.8334600833185711;1.044635914792405;1.0447169353390773;0.7976841923614272;-0.014894898165258744;0.7978907100434086
1.185717;1.0442988060733362;0.8332587208431674;0.7979457642098007;3.2766149214592633e-06;-8.106857796282718e-06;1.0446642342508725;10.00088495149407;0.8334576437989467;1.044632647353893;1.0447155954036684;0.7976839402026894;-0.01489489891656128;0.7978921717188577
1.195717;1.0443009469036513;0.8332576024226704;0.7979462847235838;2.841115894492233e-06;-8.431585335157366e-06;1.0446699498827012;10.000859525416713;0.8334552082137345;1.0446294593610344;1.0447144249436016;0.797683670255401;-0.014894899706516638;0.7978936421241387
1.205717;1.0443031472875932;0.8332565431280834;0.7979468130360122;2.4021888961298637e-06;-8.75356174550696e-06;1.0446756015581706;10.000832736217149;0.8334527769311791;1.0446263566302594;1.0447134350015848;0.7976833861653682;-0.014894900533486742;0.7978951158285025
1.215717;1.0443054012703903;0.8332555475035495;0.7979473426755754;1.960812623590646e-06;-9.072161663380186e-06;1.0446811768490225;10.000804558940915;0.833450351002673;1.0446233463385137;1.0447126346729303;0.797683092368465;-0.014894901395523847;0.7978965881151465
1.225717;1.044307704070635;0.8332546194173828;0.7979478673509991;1.5182281626092577e-06;-9.38683205249857e-06;1.0446866645661457;10.000774976199795;0.8334479311050849;1.0446204372949617;1.04471202968775;0.7976827943625806;-0.01489490228996934;0.7978980565997158
1.235717;1.0443100515849892;0.8332537618551169;0.7979483817483047;1.0756332557559917e-06;-9.697140322412072e-06;1.0446920552895338;10.000743998466643;0.8334455180523243;1.044617640041937;1.0447116237202259;0.7976824979578978;-0.014894903213787829;0.7978995212200438
1.245717;1.0443124409886935;0.8332529770747091;0.7979488817367266;6.33969982750156e-07;-1.0002744058681589e-05;1.0446973421334151;10.00071166385177;0.8334431139770455;1.0446149660947932;1.044711418434019;0.7976822077829907;-0.01489490416418013;0.797900982454542
1.255717;1.0443148699735676;0.833252267034987;0.7979493640188061;1.9392158542232958e-07;-1.0303395421175164e-05;1.0447025209386485;10.000678032409745;0.8334407223396054;1.0446124268708301;1.04471141234386;0.7976819265708548;-0.014894905138898337;0.797902439360467
1.265717;1.044317334781701;0.833251633990839;0.7979498254759585;-2.439346762437366e-07;-1.059889419297985e-05;1.0447075896859863;10.000643189930154;0.8334383474255853;1.0446100329969785;1.0447116015752593;0.7976816561659684;-0.014894906136480623;0.7979038886525763
1.275717;1.0443198297623608;0.833251080460938;0.797950262853811;-6.790277766402745e-07;-1.0888891550827086e-05;1.0447125477629773;10.000607253747658;0.8334359944254198;1.0446077933944111;1.0447119817407626;0.7976813989630234;-0.01489490715632403;0.7979053247575285
1.285717;1.044322348669882;0.833250608391688;0.7979506730787451;-1.1109067785044272e-06;-1.1172817285928081e-05;1.0447173954156124;10.000570366475701;0.8334336698083594;1.0446057143435263;1.0447125486092468;0.7976811582352608;-0.014894908198248319;0.7979067404033939
1.295717;1.044324885416255;0.8332502191656558;0.7979510535743526;-1.5392949024510105e-06;-1.1450083009670854e-05;1.0447221325160367;10.000532679621315;0.8334313816383094;1.0446037994245567;1.0447132974326594;0.7976809374147378;-0.01489490926182132;0.797908127105009
1.305717;1.0443274335785504;0.8332499145045391;0.7979514023479476;-1.9637216388184594e-06;-1.1720254831211579e-05;1.044726757093774;10.000494349888747;0.8334291389088373;1.0446020499868813;1.0447142225439612;0.7976807394827644;-0.01489491034612946;0.797909475727839
1.315717;1.0443299861853963;0.833249696238193;0.7979517183893652;-2.383048365438105e-06;-1.1983054695288168e-05;1.0447312651440703;10.00045555059778;0.833426949554574;1.0446004658280776;1.0447153181721232;0.7976805669949798;-0.014894911449870336;0.7979107778321356
1.325717;1.0443325367546223;0.8332495655023011;0.7979520020538041;-2.7955387317702568e-06;-1.2238325780564669e-05;1.044735651725913;10.000416472806169;0.8334248194008277;1.0445990468913489;1.0447165790894724;0.7976804219195321;-0.014894912571116725;0.7979120270575714
1.335717;1.0443350811760312;0.8332495231778319;0.7979522551885062;-3.1993767719364508e-06;-1.2485974790312918e-05;1.0447399126866261;10.00037731637829;0.8334227532507125;1.0445977949459464;1.044718000797233;0.797680304717152;-0.01489491370721688;0.7979132195237315
1.345717;1.0443376188276368;0.8332495705638693;0.7979524814131467;-3.5929756752244325e-06;-1.2725901372640613e-05;1.0447440458608654;10.00033827940286;0.8334207560273614;1.044596713655951;1.0447195807738796;0.7976802136874652;-0.014894914855438627;0.7979143532342415
1.355717;1.04434015138612;0.833249709185368;0.7979526858969149;-3.974970946700807e-06;-1.295796213421872e-05;1.0447480509860476;10.00029954168016;0.8334188324803132;1.0445958073224628;1.0447213197103518;0.7976801455907171;-0.014894916013416751;0.7979154267330402
1.365717;1.0443426804035667;0.833249940747401;0.7979528744275761;-4.344178511898517e-06;-1.3181956629584502e-05;1.0447519285219284;10.000261252403705;0.8334169863631228;1.0445950786323883;1.0447232202653756;0.7976800968913935;-0.01489491717884412;0.7979164377713939
1.375717;1.0443452066248857;0.8332502673829536;0.7979530528957317;-4.699536192684132e-06;-1.3397675480805009e-05;1.0447556780204934;10.000223528591055;0.8334152198219638;1.0445945268309746;1.0447252839663044;0.7976800646988006;-0.014894918349447095;0.7979173834927221
1.385717;1.044347731096604;0.8332506914546242;0.7979532273458555;-5.040029514092851e-06;-1.3604991445906173e-05;1.044759298038795;10.00018646037745;0.8334135331058399;1.0445941474398366;1.0447275087515153;0.7976800468827984;-0.014894919523536455;0.7979182614983957
1.395717;1.0443502551838841;0.8332512149901934;0.7979534037812595;-5.3646450553459265e-06;-1.3803916999411412e-05;1.0447627878869765;10.000150120432245;0.8334119254063608;1.0445939323518885;1.044729887597863;0.797680041201266;-0.014894920700249125;0.797919069049618
1.405717;1.0443527799832388;0.8332518388797998;0.7979535877361378;-5.672349086871849e-06;-1.3994647096055252e-05;1.0447661489271216;10.000114570199836;0.8334103966594378;1.0445938702022963;1.0447324078162505;0.7976800442809234;-0.014894921879312751;0.7979198011544586
1.415717;1.0443553071727276;0.8332525626029444;0.7979537841265287;-5.962180065956118e-06;-1.4177528713231653e-05;1.0447693847581647;10.000079864965622;0.8334089484048418;1.0445939476800945;1.044735052214336;0.7976800514406079;-0.014894923060792467;0.7979204508921082
1.425717;1.0443578396070117;0.8332533853750814;0.7979539970441482;-6.2334299276892165e-06;-1.4352883343255473e-05;1.0447725007864688;10.000046058396872;0.8334075831551281;1.0445941518763016;1.044737802182529;0.7976800578859944;-0.01489492424497504;0.7979210118095228
1.435717;1.0443603804632802;0.8332543074723477;0.7979542293269697;-6.485764953017226e-06;-1.452080192186766e-05;1.0447755027035028;10.000013198026208;0.8334063040548384;1.0445944734643124;1.0447406402616766;0.7976800610339896;-0.014894925432271972;0.797921479680171
1.445717;1.0443629321317955;0.8332553300634983;0.7979544825185821;-6.719245301033475e-06;-1.4681085448158449e-05;1.0447783941231135;9.999981320908073;0.8334051155438903;1.0445949084617887;1.0447435512228986;0.7976800621235236;-0.01489492662300024;0.7979218527801559
1.455717;1.0443654947226224;0.8332564543792778;0.797954757183127;-6.934287338442895e-06;-1.4833438735276464e-05;1.0447811762345773;9.999950459280685;0.8334040234613198;1.0445954567853788;1.0447465230095607;0.7976800652687417;-0.014894927817130957;0.7979221316979664
1.465717;1.0443680647586138;0.8332576819185492;0.797955053233956;-7.131642851604272e-06;-1.4977769402086648e-05;1.0447838505353657;9.999920648955808;0.833403033864878;1.0445961194605762;1.0447495469784334;0.7976800748802445;-0.01489492901425702;0.7979223194078777
1.475717;1.0443706363010525;0.8332590152779471;0.79795537001114;-7.312354119762836e-06;-1.5114279136018856e-05;1.044786420849087;9.999891932378853;0.833402151751108;1.0445968962608467;1.0447526160975338;0.7976800940908524;-0.01489493021357783;0.7979224216217432
1.485717;1.0443732034778939;0.8332604584150557;0.7979557061364998;-7.477556095879045e-06;-1.5243340653837086e-05;1.0447888928291158;9.999864352640069;0.8334013804888325;1.0445977839521774;1.0447557227113202;0.7976801253522954;-0.01489493141350579;0.7979224468754352
1.495717;1.0443757608605715;0.8332620163545625;0.7979560595953283;-7.628217711216765e-06;-1.5365309297250988e-05;1.04479127348269;9.999837946130327;0.8334007218917574;1.044598776465719;1.044758857412717;0.797680172054278;-0.014894932611416141;0.7979224055305013
1.505717;1.0443783013453787;0.8332636945666836;0.7979564279510553;-7.764989391916494e-06;-1.5480347162089248e-05;1.0447935716306054;9.99981274282719;0.8334001769405454;1.0445998673644552;1.044762008962892;0.7976802389183947;-0.014894933804260149;0.7979223079920075
1.515717;1.0443808146195908;0.8332654979539159;0.7979568088012224;-7.888199575244573e-06;-1.55884172088919e-05;1.0447957974853126;9.999788766135655;0.8333997464499704;1.0446010521724454;1.0447651652511214;0.7976803305495304;-0.014894934989320324;0.7979221638712192
1.525717;1.0443832880050408;0.8332674296456817;0.7979572003487081;-7.997999643741619e-06;-1.5689502432469227e-05;1.0447979606927345;9.999766029819154;0.8333994305863723;1.0446023288192083;1.0447683144995896;0.7976804501276783;-0.014894936164170662;0.7979219827517019
1.535717;1.0443857082791732;0.8332694905704879;0.7979576017016848;-8.09447348007117e-06;-1.5783871792597437e-05;1.0448000693348207;9.999744545714803;0.8333992278076788;1.0446036966199677;1.044771445758533;0.7976805994154788;-0.014894937326461312;0.7979217747445408
1.545717;1.0443880626060043;0.8332716806282036;0.797958013238805;-8.177539035291273e-06;-1.58722174148268e-05;1.0448021314215985;9.999724341115554;0.8333991349909738;1.0446051547640003;1.0447745493762441;0.7976807789084306;-0.014894938474171802;0.7979215496033137
1.555717;1.0443903378469608;0.8332740002818587;0.7979584361315373;-8.246847432045696e-06;-1.5955576451310336e-05;1.0448041557579941;9.999705470536565;0.83339914908504;1.0446067012456104;1.044777617789992;0.7976809879397065;-0.014894939606001977;0.7979213155559037
1.565717;1.044392519189915;0.8332764511118939;0.7979588706236193;-8.301884326192016e-06;-1.6035049657646344e-05;1.0448061507170114;9.999688019387193;0.8333992681313038;1.0446083328719107;1.0447806447001216;0.7976812260677071;-0.014894940721546814;0.7979210788035633
1.575717;1.044394590340007;0.8332790356084195;0.7979593147426122;-8.342165572855076e-06;-1.6111518855239178e-05;1.0448081235212598;9.999672097768354;0.833399490010798;1.0446100458262504;1.0447836229893703;0.7976814947839571;-0.014894941821152526;0.7979208432743126
1.585717;1.0443965352092597;0.8332817569586634;0.7979597636826569;-8.367429060251712e-06;-1.618556690047396e-05;1.0448100797521531;9.999657822666201;0.8333998106120152;1.0446118354567557;1.044786544421137;0.7976817973290989;-0.0148949429057209;0.7979206108053093
1.595717;1.0443983392695748;0.8332846189846578;0.7979602096955655;-8.377739961297629e-06;-1.6257547940428226e-05;1.0448120219081265;9.999645304785961;0.833400224234814;1.0446136954261325;1.0447894002172056;0.7976821369367078;-0.014894943976749585;0.797920382372038
1.605717;1.044399990381293;0.833287625322808;0.7979606431467523;-8.37341344787632e-06;-1.6327656398624817e-05;1.0448139494410178;9.999634645317736;0.8334007257751873;1.0446156176453985;1.044792180238426;0.7976825156049007;-0.014894945036313856;0.7979201591169859
1.615717;1.0444014796757115;0.8332907776730093;0.7979610538357863;-8.354921534831339e-06;-1.6395975622621538e-05;1.0448158610490188;9.99962593015939;0.8334013114176807;1.0446175931728456;1.0447948725529472;0.7976829348375821;-0.014894946086726191;0.7979199417598569
1.625717;1.0444028030003714;0.8332940749392931;0.7979614320113484;-8.322854524363155e-06;-1.6462585343041818e-05;1.044817756443977;9.999619216767027;0.8334019774321818;1.0446196134104464;1.0447974648604996;0.7976833967995467;-0.014894947130031132;0.7979197295901512
1.635717;1.044403962084921;0.8332975139289491;0.7979617699399782;-8.277792547982521e-06;-1.652775053074418e-05;1.044819636341326;9.999614517059713;0.8334027195907305;1.0446216712765581;1.0447999455419332;0.7976839038926726;-0.014894948167502295;0.7979195206090541
1.645717;1.044404963129045;0.8333010902221976;0.7979620633327675;-8.220239081600259e-06;-1.6591983969626634e-05;1.044821502065644;9.999611793529272;0.8334035334531473;1.0446237622593828;1.0448023033498621;0.79768445858678;-0.01489494919943935;0.7979193121425681
1.655717;1.0444058139379735;0.8333047982432457;0.7979623112866576;-8.150742788427339e-06;-1.665584115977744e-05;1.0448233552532422;9.999610976505817;0.8334044141265006;1.044625885088734;1.0448045282874658;0.7976850645265228;-0.014894950225254245;0.7979191009129044
1.665717;1.0444065236559712;0.8333086308496602;0.7979625156647602;-8.069968262550349e-06;-1.671975399736454e-05;1.0448251968586377;9.999611972189;0.8334053557678216;1.0446280411383113;1.0448066140337107;0.7976857265588125;-0.014894951243428975;0.7979188836676908
1.675717;1.0444071052586708;0.8333125791177263;0.7979626809822387;-7.978585994753105e-06;-1.678411650008156e-05;1.044827026232932;9.999614650239534;0.8334063515957116;1.0446302319617355;1.0448085586103026;0.7976864493056769;-0.014894952251467738;0.7979186591679814
1.685717;1.0444075766694667;0.8333166324240524;0.7979628140578985;-7.877144636501417e-06;-1.6849385700467188e-05;1.0448288415094455;9.999618847087973;0.8334073942386899;1.0446324560062479;1.0448103636827608;0.7976872360369188;-0.014894953246111444;0.7979184290704064
1.695717;1.0444079585320967;0.833320778591605;0.7979629232799897;-7.766094582927817e-06;-1.6916016977656808e-05;1.0448306405086802;9.9996243956523;0.8334084761462521;1.0446347066497261;1.0448120356569808;0.797688088165207;-0.014894954223646733;0.7979181961963796
1.705717;1.0444082711744729;0.8333250041783516;0.7979630179196391;-7.6458949012828e-06;-1.6984346526347285e-05;1.0448324208326694;9.9996311524171;0.8334095904740164;1.044636973365292;1.0448135865950834;0.7976890054566285;-0.014894955180290825;0.7979179631877097
1.715717;1.0444085331105368;0.8333292951194725;0.7979631071668373;-7.517043760541536e-06;-1.7054603925645556e-05;1.044834179110941;9.999639007186879;0.8334107325439054;1.0446392458458609;1.0448150320565976;0.7976899871053746;-0.014894956112664065;0.7979177332281989
1.725717;1.0444087606696522;0.8333336378024633;0.7979631993622099;-7.38002472500772e-06;-1.7127036368299404e-05;1.0448359109213516;9.999647881365975;0.8334118998348906;1.0446415180100959;1.0448163878321208;0.7976910322710313;-0.014894957018039499;0.7979175105344364
1.735717;1.0444089677084354;0.833338020415841;0.7979633024670858;-7.235236216705909e-06;-1.720194824791363e-05;1.044837612151962;9.999657717211221;0.8334130898858776;1.044643788984981;1.0448176682585142;0.7976921397708571;-0.014894957894072414;0.7979172997759597
1.745717;1.0444091652803702;0.8333424337073143;0.7979634249521509;-7.08300772988071e-06;-1.72796574724846e-05;1.0448392796561212;9.99966845888782;0.8334142991744811;1.044646061465044;1.0448188860266436;0.7976933083858134;-0.014894958738252423;0.797917105538442
1.755717;1.0444093614044099;0.8333468704846697;0.7979635755618202;-6.923717203826731e-06;-1.7360542385724183e-05;1.0448409103361904;9.99968003801884;0.8334155238749938;1.0446483393710784;1.0448200520930404;0.7976945376849187;-0.014894959547742748;0.7979169320258661
1.765717;1.0444095602565346;0.8333513243673746;0.7979637621039762;-6.757805557603909e-06;-1.74451099301426e-05;1.0448425002583401;9.999692370871907;0.8334167599341016;1.0446506260621558;1.044821175839192;0.7976958280744475;-0.014894960319743751;0.7979167831616688
1.775717;1.044409761471298;0.8333557887010614;0.797963990486847;-6.58563831076511e-06;-1.7533938395692657e-05;1.0448440438754787;9.9997053551296;0.8334180019070261;1.044652923327411;1.0448222665299598;0.797697179678541;-0.014894961052009256;0.7979166632605805
1.785717;1.0444099614439009;0.8333602566544673;0.7979642648043522;-6.407494444633008e-06;-1.7627652511360156e-05;1.0448455332312385;9.999718862213566;0.8334192425115279;1.0446552308418928;1.0448233347970812;0.7976985910829418;-0.014894961743294103;0.797916577590273
1.795717;1.044410155557551;0.8333647225896801;0.797964587557165;-6.223763609152311e-06;-1.772706920292886e-05;1.044846958433949;9.999732734013946;0.8334204735709834;1.0446575460565157;1.0448243918797926;0.7977000593857536;-0.014894962393661051;0.7979165322730838
1.805717;1.0444103399035811;0.8333691827136155;0.7979649594180642;-6.035055929592343e-06;-1.7833257014633693e-05;1.0448483096492847;9.999746788516623;0.8334216875678122;1.0446598645087393;1.0448254476296024;0.7977015812977594;-0.01489496300436443;0.7979165333253725
1.815717;1.0444105131076407;0.8333736335234122;0.7979653798312418;-5.8421401449108224e-06;-1.7947302919721546e-05;1.0448495791764194;9.999760838858094;0.8334228788393744;1.0446621798350655;1.0448265098845781;0.7977031542173207;-0.014894963577222456;0.7979165853581277
1.825717;1.0444106770961954;0.8333780696324635;0.7979658481133391;-5.645912288310326e-06;-1.8070063877168273e-05;1.0448507627482368;9.99977472000273;0.8334240437555328;1.044664482958986;1.0448275854717843;0.7977047766901652;-0.01489496411410837;0.7979166915672332
1.835717;1.0444108355999573;0.8333824835559853;0.7979663636804424;-5.447377032588249e-06;-1.820211138761844e-05;1.044851859542019;9.999788297979212;0.8334251803539655;1.0446667617109433;1.0448286819772685;0.797706447345467;-0.014894964616877544;0.7979168550136597
1.845717;1.044410992504235;0.8333868671962511;0.7979669257662667;-5.24752899509659e-06;-1.8343639889285622e-05;1.0448528703716575;9.999801457178696;0.833426288241625;1.0446690021153142;1.044829809130521;0.7977081631215917;-0.01489496508733464;0.7979170793948049
1.855717;1.0444111514754095;0.8333912123944732;0.7979675331175325;-5.047279193636615e-06;-1.8494254540281166e-05;1.0448537957053392;9.999814095356006;0.8334273687638162;1.0446711902096166;1.044830978007024;0.7977099190802613;-0.014894965527086752;0.7979173689681427
1.865717;1.044411315740682;0.8333955106992923;0.7979681836283236;-4.847533122633499e-06;-1.8652939066610755e-05;1.0448546351067447;9.999826133639123;0.833428425177951;1.0446733124542358;1.0448321988073015;0.7977117086701158;-0.014894965937279799;0.7979177282845349
1.875717;1.0444114880685607;0.8333997543515477;0.7979688742872194;-4.6492436460702e-06;-1.8818345231459283e-05;1.0448553870710657;9.999837520863343;0.8334294629397015;1.0446753553313706;1.0448334800906287;0.7977135226978476;-0.014894966318310393;0.7979181618881402
1.885717;1.0444116715984504;0.8334039370479492;0.7979696014257609;-4.45332921184875e-06;-1.8989125530088644e-05;1.044856048700979;9.999848229185108;0.8334304892212523;1.0446773069103252;1.0448348292064955;0.7977153492922071;-0.014894966669864708;0.7979186739254871
1.895717;1.0444118708505745;0.8334080533089723;0.7979703611930301;-4.260616103430924e-06;-1.9164077648327135e-05;1.044856616516787;9.999858245968925;0.8334315107884308;1.0446791594860811;1.0448362521134507;0.7977171757426539;-0.014894966991231218;0.7979192674344683
1.905717;1.0444120928102703;0.8334120983138044;0.7979711506791434;-4.071918402221699e-06;-1.9342147567126245e-05;1.0448570882712442;9.999867564952307;0.8334325323716626;1.0446809101234624;1.0448377531099242;0.7977189899201778;-0.014894967281389592;0.7979199434653714
1.915717;1.0444123469495123;0.8334160682542343;0.7979719688549703;-3.888071571036323e-06;-1.952233409718275e-05;1.0448574633952794;9.99987618144286;0.8334335576325875;1.0446825597944593;1.0448393349781695;0.7977207805145707;-0.014894967538844334;0.7979207006087958
1.925717;1.0444126427797027;0.83341996028113;0.7979728166657021;-3.709784180870556e-06;-1.9703545652617044e-05;1.0448577411040325;9.999884086785734;0.8334345912467109;1.0446841122273212;1.0448409990896972;0.7977225364756471;-0.014894967761705747;0.7979215352601221
1.935717;1.0444129880182504;0.8334237734958403;0.7979736969382163;-3.5374827562368924e-06;-1.9884588233440955e-05;1.0448579184925875;9.999891261444782;0.833435639968523;1.0446855725468795;1.0448427454043168;0.797724246393535;-0.014894967948167925;0.7979224425957905
1.945717;1.044413389558843;0.833427510997926;0.7979746136022131;-3.3712586950577075e-06;-2.006429754900407e-05;1.0448579910064695;9.99989767326791;0.8334367123312181;1.0446869466269342;1.044844572696708;0.7977258990734946;-0.014894968096972945;0.7979234178433625
1.955717;1.0444138543400134;0.833431179845821;0.7979755702988919;-3.2109209274714613e-06;-2.024156660228767e-05;1.0448579544736463;9.999903283408942;0.8334378174400795;1.0446882404461117;1.044846479737477;0.7977274846158201;-0.014894968207605025;0.7979244571294306
1.965717;1.0444143885385129;0.8334347882361566;0.7979765702612139;-3.0561828413434036e-06;-2.041523617227636e-05;1.044857806403977;9.999908060683266;0.8334389639538509;1.0446894594525937;1.0448484669190437;0.7977289945202645;-0.014894968280444313;0.7979255570823264
1.975717;1.044414996841803;0.8334383430027766;0.797977617445123;-2.906828521926131e-06;-2.0584110036830438e-05;1.044857545855505;9.999911993350743;0.8334401598552001;1.044690609699285;1.0448505365742666;0.7977304216844756;-0.014894968316936196;0.7979267134835623
1.985717;1.0444156833592226;0.833441849453008;0.7979787168965298;-2.7627277850594856e-06;-2.0747152021639756e-05;1.0448571724560447;9.999915087193898;0.8334414121114476;1.044691699688539;1.0448526916401615;0.7977317612735263;-0.01489496831948188;0.7979279206805787
1.995717;1.0444164531157234;0.8334453126093683;0.7979798738426436;-2.6238116787500252e-06;-2.090358712041488e-05;1.0448566849485783;9.999917362534669;0.833442726081142;1.044692740499318;1.0448549338248818;0.797733011358474;-0.014894968290913843;0.7979291722293123
2.005717;1.044417312012463;0.8334487379438539;0.7979810925695945;-2.4900914727084733e-06;-2.105274009098382e-05;1.044856080357982;9.999918854669389;0.8334441049744638;1.0446937441259743;1.0448572626100323;0.797734172411859;-0.014894968233883567;0.7979304616973448
2.015717;1.0444182661058827;0.8334521305684147;0.7979823757228103;-2.3616610494641777e-06;-2.1193866683625564e-05;1.0448553550479904;9.999919602798572;0.8334455489274367;1.0446947216281444;1.0448596756029649;0.797735245740278;-0.014894968150753914;0.7979317831071818
2.025717;1.0444193216321023;0.8334554939561447;0.7979837241202599;-2.2386643024121727e-06;-2.1326237982706023e-05;1.0448545065701715;9.999919633958093;0.8334470544537956;1.044695682911469;1.044862169324769;0.7977362319096736;-0.014894968043952024;0.797933130666421
2.035717;1.04442048482642;0.8334588300288229;0.797985137084929;-2.1212535235252294e-06;-2.1449317848057066e-05;1.0448535345355179;9.999918959785632;0.8334486154329614;1.0446966385320196;1.0448647394014583;0.7977371310970245;-0.014894967916247259;0.7979344978970291
2.045717;1.0444217614088867;0.8334621402347484;0.7979866131806215;-2.0094792239445736e-06;-2.156277931951963e-05;1.0448524401254435;9.999917582217376;0.8334502248810887;1.0446976006091215;1.0448673807152078;0.7977379445096889;-0.014894967770683653;0.7979358775973003
2.055717;1.0444231564505717;0.8334654262384089;0.7979881508365327;-1.9031746235849489e-06;-2.1666443421802764e-05;1.0448512249377384;9.99991549901821;0.8334518762804716;1.0446985803415634;1.0448700886368705;0.7977386741883863;-0.01489496761021374;0.7979372624619314
2.065717;1.0444246743679317;0.8334686900104409;0.797989748285191;-1.8020035733118064e-06;-2.1760308529848986e-05;1.0448498907301302;9.99991271102401;0.8334535645161204;1.04469958487793;1.0448728612404323;0.7977393217188168;-0.014894967437260417;0.7979386445548499
2.075717;1.0444263194630319;0.833471933537174;0.7979914038737419;-1.7055908164819719e-06;-2.184451499166082e-05;1.0448484401461222;9.999909225979653;0.8334552866087978;1.0447006170458426;1.0448757013309693;0.7977398873389911;-0.014894967253413074;0.7979400146023958
2.085717;1.044428097239742;0.8334751583171311;0.79799311783252;-1.6135904060438037e-06;-2.1919057593887285e-05;1.0448468771437924;9.99990505529011;0.8334570416063497;1.0447016773539624;1.0448786165189567;0.7977403696715839;-0.014894967059622831;0.797941362872375
2.095717;1.0444300144251801;0.8334783646914073;0.7979948933032069;-1.525766028467131e-06;-2.1983487750613755e-05;1.0448452069077998;9.999900216729735;0.8334588293416091;1.044702766096355;1.044881616948711;0.7977407667746665;-0.014894966856880574;0.7979426804975639
2.105717;1.0444320765961597;0.8334815508238608;0.7979967349951083;-1.442067786668215e-06;-2.203697493198816e-05;1.0448434348742435;9.999894743046987;0.833460648815855;1.0447038840891827;1.0448847128736285;0.7977410775533262;-0.01489496664645939;0.7979439599240624
2.115717;1.0444342860386095;0.8334847117201795;0.7979986477263779;-1.3624912825785409e-06;-2.207867418756692e-05;1.0448415659397463;9.99988868416604;0.8334624970828493;1.044705031709276;1.0448879135462883;0.797741301414028;-0.014894966429436392;0.7979451945597994
2.125717;1.0444366418736368;0.8334878391823961;0.798000635991058;-1.2868556190941888e-06;-2.210804793782867e-05;1.0448396060300087;9.999882107562401;0.8334643692913236;1.0447062073265754;1.0448912265454546;0.7977414372904652;-0.014894966206447556;0.7979463780750652
2.135717;1.0444391406934541;0.8334909227664399;0.7980027029452429;-1.2148299183289132e-06;-2.2124918745490964e-05;1.044837563950908;9.999875097824612;0.8334662595559883;1.0447074067750992;1.0448946566336144;0.7977414841381532;-0.014894965977991878;0.7979475041323274
2.145717;1.044441776407751;0.8334939513641536;0.7980048487524232;-1.1460321198943913e-06;-2.2129326277949748e-05;1.0448354505984485;9.99986773894831;0.8334681612345373;1.0447086252657707;1.04489820476587;0.7977414417376222;-0.014894965744699111;0.7979485668135986
2.155717;1.0444445408669827;0.8334969150766606;0.7980070700609041;-1.079967024207239e-06;-2.2121389404096296e-05;1.0448332763453891;9.999860088218947;0.8334700674121468;1.0447098606819871;1.0449018686536367;0.7977413101104401;-0.014894965507481431;0.7979495612617707
2.165717;1.0444474253138025;0.8334998064624392;0.7980093608864467;-1.0159952388223284e-06;-2.210124551120116e-05;1.0448310488481547;9.99985217344785;0.8334719728762278;1.0447111145210128;1.0449056444427398;0.7977410882859141;-0.014894965267716906;0.797950484081922
2.175717;1.044450421039924;0.8335026206709056;0.7980117133126836;-9.53457119451645e-07;-2.2069029486062316e-05;1.0448287731022832;9.999844007895518;0.8334738753858619;1.0447123902492943;1.044909527679796;0.7977407733839935;-0.014894965027313346;0.7979513331522166
2.185717;1.0444535198875657;0.8335053554674504;0.7980141175281408;-8.918015802996158e-07;-2.2024874773339843e-05;1.0448264535745058;9.999835592695796;0.8334757750863226;1.0447136923270008;1.0449135141570478;0.7977403601672308;-0.01489496478865576;0.7979521068891083
2.195717;1.0444567152343607;0.8335080115428342;0.7980165624047459;-8.306573503366058e-07;-2.19689172315791e-05;1.0448240962155002;9.99982690648105;0.8334776736437857;1.0447150260434326;1.0449176015478745;0.7977398419210593;-0.01489496455443145;0.7979528037644653
2.205717;1.04446000179857;0.8335105915313323;0.7980190367815237;-7.699331835622933e-07;-2.190123607979563e-05;1.0448217083362128;9.999817904374359;0.8334795735783871;1.0447163963349122;1.0449217902793049;0.7977392130623101;-0.014894964327439888;0.797953422745908
2.215717;1.0444633735240185;0.8335130981919879;0.7980215301253515;-7.098399849971261e-07;-2.182178759280634e-05;1.0448192961724354;9.999808538107711;0.8334814774810188;1.0447178057152167;1.044926083475096;0.7977384713604909;-0.014894964110699061;0.7979539639773864
2.225717;1.04446682162256;0.8335155341100249;0.7980240322705385;-6.506628960273842e-07;-2.1730459673418572e-05;1.0448168622328997;9.999798784782794;0.8334833873038079;1.0447192533882017;1.0449304867755544;0.7977376177600609;-0.014894963907522514;0.7979544287154317
2.235717;1.0444703348715132;0.8335179019861998;0.798026533201303;-5.925098852900639e-07;-2.162713923233131e-05;1.0448144048106565;9.999788659988383;0.8334853043191978;1.0447207367428466;1.0449350067638135;0.7977366553300104;-0.014894963721191935;0.7979548187909684
2.245717;1.0444739011626325;0.8335202039408554;0.798029022890879;-5.352833254045423e-07;-2.15116528425338e-05;1.04481191946698;9.999778212763703;0.8334872295897217;1.0447222533284308;1.0449396481935984;0.797735589056191;-0.014894963554730441;0.7979551357883613
2.255717;1.0444775082698086;0.8335224411425318;0.7980314907552011;-4.786584766125165e-07;-2.1383742035179404e-05;1.0448094005824915;9.999767518082463;0.833489163679256;1.044723801429173;1.0449444123387501;0.7977344253626584;-0.014894963411007515;0.7979553799386346
2.265717;1.0444811438739052;0.8335246146823114;0.7980339258531464;-4.219993795795373e-07;-2.124319260577071e-05;1.0448068426526251;9.999756670102604;0.833491105326744;1.0447253789236361;1.044949297192251;0.7977331709743762;-0.014894963292646767;0.7979555497482413
2.275717;1.0444847952852123;0.833526726380647;0.7980363185665676;-3.644301557330821e-07;-2.1089912722848683e-05;1.0448042415450263;9.999745773146199;0.8334930505426473;1.0447269811154496;1.0449542991805334;0.7977318325280054;-0.014894963201751654;0.7979556428621937
2.285717;1.044488448918766;0.8335287775814549;0.7980386615528654;-3.0500717989024554e-07;-2.092392167076946e-05;1.0448015947762266;9.999734929810721;0.8334949934094538;1.0447286001878349;1.0449594151835506;0.797730417284749;-0.014894963139868721;0.7979556575492308
2.295717;1.0444920905724038;0.8335307665236156;0.7980409485998755;-2.4292531017722677e-07;-2.074542540824052e-05;1.0447989006139662;9.999724225832134;0.8334969276618821;1.0447302267927303;1.044964642328163;0.7977289336695595;-0.014894963107958384;0.7979555940640802
2.305717;1.0444957066749134;0.8335326877908764;0.798043173319792;-1.7771511738996688e-07;-2.0554871579353618e-05;1.0447961568355157;9.999713724201458;0.8334988471567725;1.0447318511015073;1.044969975931576;0.7977273907101907;-0.01489496310635389;0.7979554550985127
2.315717;1.0444992851529464;0.8335345343350938;0.7980453287812521;-1.092410212793e-07;-2.035285256243453e-05;1.044793360009865;9.999703480120756;0.8335007457210944;1.0447334631118101;1.0449754093102148;0.7977257970912814;-0.014894963135178668;0.7979552449927264
2.325717;1.0445028154673262;0.8335362988035154;0.7980474074832802;-3.761598710876659e-08;-2.0139959753566993e-05;1.0447905059744025;9.999693562154443;0.8335026181011796;1.0447350536489888;1.044980935631586;0.7977241606328287;-0.014894963194820747;0.7979549686667918
2.335717;1.044506288123076;0.8335379737189429;0.7980494014423475;3.677189567759716e-08;-1.9916686620366538e-05;1.0447875911759203;9.999684060491465;0.8335044607102302;1.0447366149148094;1.044986548126137;0.797722487988764;-0.014894963285823922;0.7979546316136901
2.345717;1.0445096944622845;0.8335395521406133;0.7980513024352893;1.1322529379437311e-07;-1.9683385990337143e-05;1.0447846134304097;9.999675082760918;0.8335062703002151;1.0447381389539208;1.0449922386773611;0.7977207843821615;-0.014894963408579074;0.7979542406881003
2.355717;1.0445130276419292;0.8335410281494706;0.798053102932747;1.9069570194132053e-07;-1.944027395469426e-05;1.044781571764533;9.999666743749195;0.8335080429526365;1.0447396157206121;1.0449979978305657;0.7977190535371136;-0.014894963563319076;0.7979538043460824
2.365717;1.044516283494442;0.8335423964098116;0.7980547975437827;2.6770346869894816e-07;-1.9187517074483797e-05;1.0447784664369504;9.999659151351416;0.8335097753269317;1.0447410330224778;1.0450038159073318;0.7977172978347008;-0.014894963750249571;0.7979533318480156
2.375717;1.0445194600185745;0.8335436519837037;0.7980563834922647;3.425051222787156e-07;-1.892533307783492e-05;1.0447752985931853;9.999652394630973;0.8335114653867188;1.0447423778522082;1.0450096831733025;0.7977155186570836;-0.014894963969659522;0.7979528326242944
2.385717;1.0445225564312042;0.8335447909093991;0.798057859877176;4.136139100996149e-07;-1.8654026739294624e-05;1.044772068857481;9.999646545689036;0.8335131110328733;1.0447436381568465;1.0450155892769064;0.7977137170535936;-0.014894964221982328;0.7979523167570051
2.395717;1.044525572417964;0.8335458107522205;0.7980592268424362;4.801737935697103e-07;-1.837399278365351e-05;1.0447687763316515;9.999641678226881;0.8335147092667755;1.044744804608819;1.0450215234522653;0.7977118946118233;-0.014894964507692787;0.7979517950936947
2.405717;1.0445285079281417;0.8335467110776836;0.7980604850581948;5.417384848205383e-07;-1.808559410167178e-05;1.0447654186449573;9.999637879930836;0.8335162574674375;1.0447458716227191;1.045027475390142;0.7977100539857335;-0.014894964827313338;0.7979512781063237
2.415717;1.0445313632178654;0.833547493819744;0.7980616352069769;5.978272281237368e-07;-1.778896481364422e-05;1.0447619927291907;9.999635239487136;0.8335177548173708;1.0447468374969127;1.0450334352409882;0.7977081989478692;-0.014894965181643582;0.797950775050727
2.425717;1.0445341379959945;0.8335481629153182;0.798062677835892;6.478169732977376e-07;-1.7484018180789726e-05;1.044758496316544;9.999633827887445;0.8335192021909005;1.044747703778073;1.0450393926578494;0.797706334261832;-0.014894965571802223;0.7979502941784058
2.435717;1.0445368306546081;0.833548722830319;0.7980636138999331;6.910727834295576e-07;-1.717063183022524e-05;1.0447549290698697;9.999633695555072;0.8335206011603521;1.044748473832515;1.045045336310059;0.7977044654634163;-0.014894965999091842;0.7979498432464893
2.445717;1.044539438613104;0.8335491763891788;0.7980644450525081;7.27085721370579e-07;-1.684879165627306e-05;1.0447512924725177;9.999634872613258;0.8335219528932362;1.0447491518270113;1.0450512547063682;0.7977025985186827;-0.014894966464916538;0.7979494298409255
2.455717;1.0445419582295579;0.8335495239152954;0.7980651727512471;7.555958489889561e-07;-1.6518668074525144e-05;1.0447475886417847;9.999637360226382;0.8335232574865094;1.0447497430858608;1.045057137564026;0.7977007397724967;-0.014894966970713137;0.7979490612488549
2.465717;1.044544384096125;0.83354976474624;0.7980657965935366;7.766181469864756e-07;-1.6180655230646722e-05;1.0447438187489668;9.9996411324542;0.8335245143733012;1.0447502545151737;1.045062976675058;0.7976988963996324;-0.01489496751776204;0.7979487442592073
2.475717;1.0445467094813932;0.8335498986397438;0.7980663136103731;7.903317297412361e-07;-1.5835335921133287e-05;1.044739982967457;9.99964615588313;0.833525723048414;1.0447506935897932;1.0450687660973532;0.7976970760684502;-0.014894968106995338;0.7979484855444074
2.485717;1.0445489272316304;0.8335499253191387;0.7980667197522869;7.968821291008027e-07;-1.5483296890733363e-05;1.0447360818359348;9.999652399988124;0.8335268832575394;1.04475106629981;1.0450745016662393;0.7976952853487752;-0.014894968739020454;0.7979482919582948
2.495717;1.0445510294659759;0.8335498444257985;0.7980670122320472;7.96232964777682e-07;-1.5124876265851258e-05;1.0447321161921703;9.99965983015031;0.8335279954780133;1.0447513754679114;1.0450801799864886;0.7976935287442147;-0.014894969414171266;0.7979481701541732
2.505717;1.0445530071601614;0.8335496570055556;0.7980671906107192;7.882115839936795e-07;-1.4760154454907802e-05;1.0447280854298253;9.999668401791427;0.8335290611416769;1.0447516209390246;1.0450857974268315;0.7976918090462819;-0.014894970132568311;0.7979481256270934
2.515717;1.0445548505801292;0.8335493660194617;0.7980672566196235;7.726411264106648e-07;-1.4389263382746159e-05;1.0447239865311349;9.999678066217193;0.8335300808592307;1.0447518018793323;1.045091350327399;0.7976901276027671;-0.014894970894394205;0.7979481617249667
2.525717;1.044556550085042;0.8335489750292757;0.7980672136496989;7.493875007956036e-07;-1.401272090418417e-05;1.044719814810007;9.999688782726599;0.8335310521348461;1.0447519185666512;1.045096836338345;0.7976884841149935;-0.014894971699875787;0.7979482801061633
2.535717;1.0445580972461999;0.8335484866281725;0.7980670660163852;7.18442952728393e-07;-1.3631540310870949e-05;1.0447155654980371;9.999700518087877;0.8335319686362819;1.0447519711139008;1.045102254257795;0.7976868766778532;-0.014894972548922318;0.7979484826941717
2.545717;1.0445594859438165;0.8335479009587103;0.798066818478526;6.801321504099991e-07;-1.3247090885644856e-05;1.0447112351703869;9.999713232181639;0.8335328212365982;1.0447519569417434;1.0451076022295538;0.7976853023160109;-0.014894973441282315;0.7979487728855522
2.555717;1.044560713181647;0.8335472148737174;0.7980664763906107;6.351634662492781e-07;-1.2860913325251795e-05;1.0447068221640832;9.999726872428973;0.8335336007638722;1.044751870188714;1.0451128767021913;0.7976837579035408;-0.014894974377133278;0.7979491547632523
2.565717;1.0445617789507893;0.8335464233156448;0.7980660457381834;5.844306687514662e-07;-1.2474643759269363e-05;1.044702326352158;9.999741377138086;0.8335343000810479;1.0447517027209767;1.0451180720287017;0.7976822408288313;-0.014894975357031496;0.7979496318520176
2.575717;1.0445626846279237;0.8335455226670337;0.7980655328965036;5.288465523316653e-07;-1.208992267048186e-05;1.044697749296159;9.999756673587362;0.8335349134056951;1.044751445939691;1.0451231804787326;0.7976807492414135;-0.014894976381025608;0.7979502069098499
2.585717;1.0445634316047054;0.8335445139195888;0.7980649445230141;4.6925940064113703e-07;-1.170824800814805e-05;1.0446930945241482;9.999772677351547;0.8335354355733439;1.0447510935666524;1.0451281933634278;0.7976792824871739;-0.014894977448013345;0.7979508817960607
2.595717;1.0445640206207985;0.8335434031298816;0.7980642874593595;4.062900683591409e-07;-1.1330941403244132e-05;1.0446883672535259;9.999789302048372;0.8335358630488665;1.044750643376695;1.045133101979335;0.7976778415423293;-0.014894978556186987;0.7979516565048813
2.605717;1.044564450347804;0.8335421993702411;0.7980635681868206;3.4018649431980837e-07;-1.0959261422406253e-05;1.044683573523998;9.999806469660495;0.833536193646342;1.0447500961058425;1.0451378978710133;0.7976764287131656;-0.014894979703925292;0.7979525285755068
2.615717;1.0445647162956506;0.8335409132548247;0.7980627918505547;2.708620242457968e-07;-1.0594531605538484e-05;1.0446787192291411;9.999824110419981;0.833536423967963;1.0447494527151846;1.0451425733783475;0.7976750467848364;-0.014894980890036965;0.7979534938733217
2.625717;1.0445648125896607;0.8335395561553184;0.7980619621210908;1.9807203789960484e-07;-1.0238176650578777e-05;1.0446738097554713;9.999842159087544;0.8335365484101022;1.0447487127756696;1.0451471226663844;0.7976736985294869;-0.014894982113477642;0.7979545476419204
2.635717;1.0445647359663344;0.8335381386471089;0.7980610827110131;1.2163098131541418e-07;-9.891651444232506e-06;1.0446688502588453;9.999860554771097;0.8335365610231508;1.0447478752974448;1.0451515428128886;0.7976723863746983;-0.014894983373259812;0.7979556844345781
2.645717;1.0445644880850542;0.8335366696618086;0.7980601592336772;4.151931073625152e-08;-9.556393146295807e-06;1.0446638457458508;9.999879239537757;0.8335364571647728;1.044746940345382;1.0451558339233518;0.7976711123053237;-0.014894984668319074;0.7979568970231681
2.655717;1.0445640745095055;0.8335351572074415;0.7980591993073605;-4.223578647590906e-08;-9.233875096188733e-06;1.0446588008644013;9.999898155566775;0.8335362338974017;1.044745910074372;1.0451599982169917;0.7976698786674662;-0.014894985996968917;0.7979581756836763
2.665717;1.0445635027520561;0.8335336092435689;0.7980582107401284;-1.2970623207409204e-07;-8.925604014471675e-06;1.044653720016973;9.999917242588927;0.8335358901378997;1.0447447885710974;1.0451640381448826;0.7976686882795045;-0.014894987356808151;0.7979595087983726
2.675717;1.0445627808020415;0.833532033725834;0.7980572003580114;-2.209958367726336e-07;-8.632973490475693e-06;1.0446486077666115;9.999936434928273;0.833535426682533;1.044743580434423;1.0451679535088991;0.7976675435163123;-0.014894988745558014;0.7979608834509956
2.685717;1.0445619161297797;0.833530437759228;0.7980561748219285;-3.160572656673524e-07;-8.357102239461224e-06;1.0446434696231681;9.999955671115313;0.8335348465468705;1.0447422903353736;1.0451717407265686;0.7976664468183717;-0.014894990161499389;0.7979622847893694
2.695717;1.0445609159200662;0.8335288265169771;0.7980551413754126;-4.1461510637117214e-07;-8.098749977038271e-06;1.0446383128166654;9.999974918070784;0.8335341559278173;1.044740924204906;1.045175396090732;0.7976654023305524;-0.014894991602785857;0.7979636955644454
2.705717;1.0445597878672426;0.8335272033164013;0.7980541073919377;-5.162153554906304e-07;-7.858325907771776e-06;1.0446331459034004;9.999994180900403;0.8335333647925038;1.044739490193004;1.0451789194721288;0.7976644164552436;-0.014894993066803783;0.7979650973152215
2.715717;1.044558540093843;0.8335255711214248;0.798053079690876;-6.202651504460973e-07;-7.63601726387945e-06;1.044627977625509;10.000013486958276;0.8335324862407896;1.0447379994786676;1.0451823153396178;0.7976634974019662;-0.014894994550399788;0.7979664726409499
2.725717;1.0445571804063207;0.8335239338793862;0.7980520636392994;-7.260404689617248e-07;-7.4320117216608574e-06;1.0446228161848505;10.000032860810421;0.833531535015941;1.0447364672168797;1.0451855912592265;0.7976626549405114;-0.014894996050376719;0.797967806915663
2.735717;1.0445557156738012;0.8335222970165608;0.7980510620192905;-8.32835447427364e-07;-7.246680383170712e-06;1.0446176692409461;10.000052300380053;0.8335305259074427;1.0447349116830211;1.0451887547624525;0.7976619002978119;-0.014894997563638875;0.7979690885057862
2.745717;1.0445541521985378;0.8335206673715958;0.7980500743268598;-9.402596614236327e-07;-7.0805465505355695e-06;1.0446125442567433;10.000071766279863;0.8335294726224365;1.044733351349059;1.045191810802516;0.7976612452206172;-0.014894999086958698;0.7979703084985043
2.755717;1.044552497454248;0.83351905250708;0.7980490968248031;-1.0483208751047807e-06;-6.934045724849672e-06;1.0446074479605605;10.00009119241306;0.8335283874037147;1.0447318026500225;1.0451947622975557;0.7976607002540118;-0.014895000616755133;0.7979714606247332
2.765717;1.0445507616744893;0.8335174601067051;0.798048123414154;-1.157212918326099e-06;-6.80733574977592e-06;1.0446023853241198;10.000110505790099;0.8335272810416049;1.0447302799130096;1.0451976121702946;0.7976602735309716;-0.014895002149248032;0.7979725404684211
2.775717;1.044548957557619;0.8335158974166513;0.7980471466718018;-1.2671702653755608e-06;-6.700317366970334e-06;1.0445973599513814;10.000129643764822;0.833526163066144;1.0447287962297653;1.045200364004718;0.7976599706991427;-0.01489500368067269;0.7979735441821096
2.785717;1.0445470986160041;0.8335143702866235;0.7980461585082658;-1.378444212154354e-06;-6.6127241784627075e-06;1.044592374508164;10.000148561986874;0.8335250417756556;1.0447273635937286;1.0452030221862294;0.7976597953119225;-0.014895005207351656;0.7979744680041471
2.795717;1.0445451983025709;0.8335128833083919;0.7980451506941623;-1.4912840682703651e-06;-6.54409083212155e-06;1.0445874296153719;10.000167231447993;0.8335239237433982;1.044725992127513;1.0452055924771484;0.7976597489464651;-0.014895006725867093;0.7979753089086442
2.805717;1.044543269742205;0.8335114410250027;0.7980441151958892;-1.6059720401893756e-06;-6.4936672901297645e-06;1.044582523524887;10.000185632496255;0.83352281351691;1.044724690248955;1.0452080814345248;0.7976598314018484;-0.014895008233076486;0.797976065930179
2.815717;1.0445413240503485;0.8335100480070362;0.7980430440653592;-1.7228460660846168e-06;-6.460503700997914e-06;1.044577653561107;10.000203748860578;0.833521714094861;1.0447234665295266;1.0452104949935686;0.7976600415374283;-0.014895009726152469;0.7979767409291575
2.825717;1.0445393686375795;0.8335087079981456;0.7980419293113838;-1.8422527836805135e-06;-6.443650016856645e-06;1.0445728172255913;10.000221560823089;0.8335206279619122;1.044722331213925;1.0452128382549009;0.7976603777259794;-0.01489501120300145;0.7979773376229613
2.835717;1.0445374076732912;0.833507424030129;0.7980407631132181;-1.964495013049859e-06;-6.44221678735756e-06;1.0445680119166108;10.000239041561743;0.8335195577210904;1.044721295783378;1.0452151160302514;0.7976608367720605;-0.014895012662340333;0.7979778599111023
2.845717;1.044535443586417;0.8335061994128229;0.7980395378850194;-2.089772434040901e-06;-6.455317159151956e-06;1.044563234554938;10.000256162048649;0.8335185054537817;1.0447203713703122;1.0452173323812748;0.7976614123477651;-0.014895014103163814;0.7979783110962949
2.855717;1.0445334779588074;0.8335050378049298;0.7980382462540871;-2.2180860820254602e-06;-6.482041427043862e-06;1.0445584823606964;10.00027289854693;0.8335174712778729;1.0447195671156781;1.045219489381609;0.7976620948029635;-0.014895015524301796;0.7979786939208278
2.865717;1.0445315110318025;0.8335039424045203;0.7980368811490576;-2.3491717938425796e-06;-6.521403320136872e-06;1.044553753844818;10.000289233908084;0.8335164521139498;1.0447188890372856;1.0452215871980877;0.79766287207627;-0.01489501692432219;0.7979790108735529
2.875717;1.0445295408547772;0.8335029155189874;0.7980354353411256;-2.4825606823075005e-06;-6.572225753732105e-06;1.0445490489460503;10.00030516669917;0.8335154420248113;1.0447183407313076;1.0452236255055587;0.7976637302748042;-0.014895018301429202;0.7979792645262239
2.885717;1.0445275643806449;0.8335019580173321;0.798033901209603;-2.6177947052388018e-06;-6.633114924434702e-06;1.0445443686069138;10.000320725822863;0.833514434162341;1.044717924952728;1.0452256042063408;0.7976646544806937;-0.01489501965335086;0.7979794577816928
2.895717;1.0445255795813806;0.8335010689134755;0.7980322715457812;-2.7547574228649432e-06;-6.702577607950355e-06;1.0445397141834902;10.000335961537898;0.8335134220948218;1.0447176431292258;1.0452275241276026;0.7976656298915509;-0.014895020977651397;0.797979593720356
2.905717;1.0445235865384164;0.8335002458126464;0.7980305398830759;-2.8938774233574304e-06;-6.779189975321048e-06;1.044535086840007;10.000350925343367;0.8335123997766656;1.0447174939761241;1.0452293879341839;0.7976666420959503;-0.014895022272213433;0.797979674856878
2.915717;1.0445215883309367;0.8334994850194795;0.7980286999600054;-3.0359578031011867e-06;-6.861697798068086e-06;1.0445304868612593;10.000365669060853;0.8335113611859025;1.0447174740557736;1.0452311983888127;0.797667677544943;-0.014895023535431413;0.7979797027321712
2.925717;1.0445195915474794;0.833498781392398;0.7980267457469421;-3.181969072500363e-06;-6.948915449534346e-06;1.0445259134689764;10.000380250707742;0.8335103003063401;1.0447175784307845;1.0452329556407003;0.7976687243010802;-0.014895024766320139;0.7979796786843353
2.935717;1.0445176051626839;0.8334981288675621;0.7980246722394326;-3.3330898854930426e-06;-7.039478289713599e-06;1.0445213657715622;10.000394727091352;0.8335092121707725;1.044717799266319;1.0452346579457577;0.7976697715402807;-0.014895025964461043;0.7979796047689994
2.945717;1.0445156390486505;0.8334975211314495;0.7980224763287618;-3.4905233427877386e-06;-7.131767869572761e-06;1.044516843631097;10.000409140215684;0.833508094546563;1.0447181254607092;1.04523630422262;0.797670809482454;-0.014895027129392667;0.7979794832358035
2.955717;1.0445137032004745;0.8334969520710674;0.7980201568760551;-3.6550199522814065e-06;-7.224090798917123e-06;1.0445123480498917;10.000423511070851;0.8335069481986093;1.0447185456763632;1.0452378950439722;0.7976718306240356;-0.014895028259916773;0.797979314966672
2.965717;1.0445118066257393;0.8334964156422723;0.7980177135141594;-3.826724548795551e-06;-7.314854215077519e-06;1.0445078822220157;10.000437847379574;0.8335057753651054;1.0447190511392743;1.0452394325228782;0.7976728299583051;-0.014895029354024664;0.7979790987608365
2.975717;1.044509955640534;0.8334959052010614;0.7980151455507907;-4.005406788044725e-06;-7.402617763047375e-06;1.0445034521248504;10.000452158299876;0.8335045785204401;1.044719634933404;1.0452409207427802;0.7976738041742226;-0.014895030409234839;0.7979788325993005
2.985717;1.0445081531107565;0.833495413489139;0.7980124519332872;-4.190668250925163e-06;-7.486051867062279e-06;1.0444990658519393;10.000466458569694;0.8335033601725724;1.044720290575665;1.04524236573712;0.7976747510378142;-0.014895031423150904;0.7979785158054831
2.995717;1.0445063993616726;0.8334949336377464;0.7980096320676583;-4.382015344120016e-06;-7.56387911005806e-06;1.0444947337416854;10.000480762828523;0.8335021227863494;1.0447210125026054;1.0452437735976905;0.7976756684659738;-0.0148950323944168;0.7979781497954204
3.005717;1.0445046936390534;0.8334944601041938;0.798006687552229;-4.5789166828609595e-06;-7.634880959895634e-06;1.0444904692108499;10.000495079362246;0.833500868560712;1.0447217964580837;1.045245149156746;0.7976765535785203;-0.0148950333233835;0.7979777375112461
3.015717;1.0445030349142808;0.8334939890849699;0.7980036232549074;-4.780899634066063e-06;-7.69789791475785e-06;1.0444862878847812;10.000509403107403;0.8334995992480585;1.044722638304342;1.0452464969595199;0.7976774024248644;-0.014895034211605386;0.797977283453017
3.025717;1.0445014215202597;0.8334935191506112;0.798000446498869;-4.987657006176586e-06;-7.751834944862758e-06;1.044482205320247;10.000523716698808;0.8334983161733465;1.0447235327112432;1.045247821904355;0.7976782100874681;-0.014895035060718676;0.7979767943172446
3.035717;1.0444998505436947;0.8334930521074988;0.7979971660980234;-5.199132574605264e-06;-7.795800352168675e-06;1.044478236035647;10.000537999799494;0.8334970204656985;1.04472447370204;1.0452491284882228;0.7976789710077231;-0.0148950358717444;0.797976279193004
3.045717;1.0444983178452534;0.8334925930969126;0.7979937920753237;-5.415484917620469e-06;-7.829157305961286e-06;1.044474394013656;10.000552229356753;0.8334957132056511;1.0447254566591948;1.0452504203290527;0.7976796796378238;-0.014895036644815306;0.7979757487094726
3.055717;1.0444968180482395;0.8334921493005458;0.797990334805325;-5.636928760494749e-06;-7.851295735324958e-06;1.044470692128975;10.000566372959534;0.8334943955911727;1.0447264794033237;1.0452517003750867;0.7976803313079361;-0.014895037378982448;0.7979752130224568
3.065717;1.0444953449856755;0.8334917276991572;0.7979868039595244;-5.863660632546753e-06;-7.861472455278098e-06;1.044467141145208;10.000580388874857;0.8334930695508144;1.0447275420553737;1.0452529716778343;0.7976809229894918;-0.014895038072270763;0.7979746804510092
3.075717;1.0444938927033034;0.833491333116535;0.7979832089127454;-6.095881973685771e-06;-7.858943919721142e-06;1.044463750488515;10.000594231371275;0.8334917381596436;1.044728646464339;1.0452542381229355;0.7976814533546316;-0.014895038722158643;0.7979741581464072
3.085717;1.0444924558309716;0.8334909671967611;0.7979795599340963;-6.333773244718943e-06;-7.843157513131735e-06;1.044460529332467;10.000607856442194;0.8334904052462769;1.0447297947847447;1.0452555033909636;0.7976819221173649;-0.014895039326279027;0.7979736528798191
3.095717;1.0444910293890652;0.8334906285959324;0.7979758681156467;-6.577434009024196e-06;-7.813772327220247e-06;1.0444574863510598;10.000621228992484;0.8334890746134485;1.0447309878990716;1.0452567684072573;0.7976823301003834;-0.014895039882890924;0.7979731701788164
3.105717;1.044489608193981;0.8334903144629132;0.797972144073515;-6.826833677504227e-06;-7.770526772659566e-06;1.0444546291460128;10.000634331778057;0.8334877490602824;1.0447322253976983;1.0452580298418115;0.7976826803477859;-0.014895040391043439;0.7979727127772908
3.115717;1.044488186495839;0.8334900218115193;0.7979683972778072;-7.081835262448082e-06;-7.71315380192707e-06;1.0444519645646124;10.000647166881928;0.8334864296309179;1.0447335071002894;1.04525928069489;0.7976829787025065;-0.01489504085070866;0.797972280247359
3.125717;1.0444867587088764;0.8334897482817532;0.7979646367022925;-7.342344601845006e-06;-7.641417329135493e-06;1.044449499700678;10.000659744981027;0.8334851155060355;1.044734834241508;1.0452605115938662;0.7976832332852444;-0.014895041262895696;0.7979718702667848
3.135717;1.0444853203512474;0.8334894928973181;0.7979608717119049;-7.60842721393079e-06;-7.555139073141176e-06;1.0444472425943014;10.000672073500288;0.8334838042891017;1.0447362096464559;1.0452617116571563;0.7976834528086454;-0.014895041629732908;0.7979714800352452
3.145717;1.0444838677404629;0.8334892552673623;0.7979571124595007;-7.880315443830725e-06;-7.45419442749409e-06;1.044445202111678;10.00068415124219;0.8334824927996275;1.0447376380475142;1.0452628689342522;0.797683644414392;-0.014895041954434371;0.7979711069143319
3.155717;1.0444823959996536;0.8334890332450138;0.7979533696620714;-8.158411559680526e-06;-7.338530633858198e-06;1.044443387258575;10.000695968239183;0.833481178270744;1.0447391263503243;1.045263971012574;0.7976838130506579;-0.014895042240903518;0.7979707488765191
3.165717;1.0444808975846405;0.8334888222501587;0.7979496535905585;-8.443180153392614e-06;-7.208112432235279e-06;1.044441806450758;10.000707504131698;0.8334798586517537;1.0447406824318815;1.045265006424059;0.7976839623470714;-0.014895042493193577;0.7979704045499025
3.175717;1.0444793640729755;0.8334886163238756;0.7979459732074882;-8.73491041235946e-06;-7.062771921409647e-06;1.044440467266784;10.000718718819991;0.833478531393111;1.044742312635857;1.0452659662287238;0.7976840958180832;-0.014895042715226722;0.7979700729566936
3.185717;1.0444777890618357;0.8334884085304636;0.7979423367376829;-9.033714556268086e-06;-6.902114974574116e-06;1.044439377322784;10.000729550507765;0.8334771928636783;1.0447440203184766;1.0452668448873845;0.797684218355521;-0.014895042910842229;0.7979697537123771
3.195717;1.0444761684833144;0.8334881911167775;0.797938752456707;-9.339762576635325e-06;-6.7255518147898975e-06;1.044438544999139;10.000739940528081;0.8334758400017651;1.0447458068760942;1.0452676402541983;0.7976843371114302;-0.014895043084039692;0.7979694463618728
3.205717;1.0444744992509183;0.8334879560190503;0.7979352282222895;-9.653345455365925e-06;-6.532403585126345e-06;1.0444379779200816;10.0007498655345;0.8334744717216511;1.0447476729848002;1.045268352292767;0.7976844608676346;-0.014895043238965823;0.797969148742485
3.215717;1.044472778981078;0.8334876949546574;0.7979317712697797;-9.974752498604023e-06;-6.321978987693176e-06;1.0444376810142233;10.000759340774385;0.833473088162218;1.044749618090463;1.0452689813852754;0.7976845983729249;-0.014895043379505828;0.7979688571398887
3.225717;1.0444710072743364;0.8334873999447346;0.7979283886984374;-1.030411921554318e-05;-6.093571433994923e-06;1.0444376565146047;10.00076839654153;0.8334716894986864;1.044751639468039;1.0452695271144476;0.7976847564065509;-0.01489504350890269;0.7979685682364941
3.235717;1.0444691870731924;0.8334870645438204;0.7979250870329263;-1.0641344080739968e-05;-5.846570789308833e-06;1.0444379041820848;10.000777059548327;0.8334702758493423;1.0447537317210893;1.0452699866744306;0.7976849389476175;-0.014895043629505951;0.7979682800694281
3.245717;1.0444673247514686;0.8334866844373565;0.797921871589269;-1.0986227214143977e-05;-5.580758176840819e-06;1.0444384210064213;10.000785352150132;0.8334688483816877;1.0447558868336044;1.0452703538553887;0.7976851478895969;-0.014895043742903106;0.7979679916303971
3.255717;1.0444654289986213;0.833486257175356;0.7979187466843313;-1.1338631443502321e-05;-5.2964561900363705e-06;1.044439202264653;10.000793293747428;0.8334674104799139;1.0447580954527314;1.0452706197070536;0.7976853837119227;-0.014895043850615328;0.7979677030907408
3.265717;1.044463509163695;0.8334857810642559;0.7979157155082194;-1.1698422770535179e-05;-4.9944006117194145e-06;1.0444402429842081;10.000800892892228;0.8334659674550657;1.0447603486108112;1.0452707734479354;0.7976856457590537;-0.014895043954788878;0.7979674169710369
3.275717;1.0444615734948863;0.8334852533308866;0.79791277956957;-1.2065362728860124e-05;-4.675556442534695e-06;1.0444415379362586;10.000808140988685;0.8334645257314464;1.0447626390947422;1.0452708035802494;0.7976859328015206;-0.014895044058566093;0.7979671383806648
3.285717;1.0444596280542617;0.8334846692437425;0.7979099392453062;-1.2439164278366693e-05;-4.341005737245645e-06;1.0444430815125478;10.000815026095488;0.8334630924454572;1.0447649624959998;1.0452706996852654;0.7976862431961793;-0.0148950441660137;0.7979668735908336
3.295717;1.0444576774534486;0.8334840230693132;0.7979071953760496;-1.2819625570738013e-05;-3.991941629940591e-06;1.0444448679286271;10.000821562728456;0.8334616747711361;1.0447673169338236;1.0452704528877794;0.7976865744372124;-0.0148950442814507;0.7979666283803137
3.305717;1.044455727145673;0.8334833092155116;0.7979045501312111;-1.320654110319092e-05;-3.6297595987786894e-06;1.0444468904063804;10.000827807241008;0.8334602796188784;1.0447697011242163;1.045270054666257;0.7976869230933994;-0.014895044408670122;0.7979664075307442
3.315717;1.0444537848657918;0.8334825223141537;0.7979020064403063;-1.3599480961329333e-05;-3.256057144833428e-06;1.0444491403165928;10.000833847056462;0.8334589139167412;1.0447721127162428;1.0452694969158247;0.7976872853837447;-0.0148950445505145;0.7979662154919359
3.325717;1.0444518595823848;0.8334816572188923;0.7978995674669942;-1.3997806811667858e-05;-2.872437251533718e-06;1.044451607874366;10.000839782433705;0.8334575845522572;1.0447745489158515;1.0452687742421587;0.7976876577521914;-0.014895044708813653;0.7979660574206674
3.335717;1.0444499592960985;0.8334807096770587;0.797897236908491;-1.4400767051405243e-05;-2.480354274755058e-06;1.0444542836974913;10.000845713040327;0.8334562981550845;1.044777008135883;1.0452678861531697;0.7976880370101318;-0.014895044884478802;0.7979659396810639
3.345717;1.0444480894009793;0.8334796765660386;0.7978950187870133;-1.4807433504057198e-05;-2.0811484649138345e-06;1.0444571593050145;10.000851726613382;0.8334550604657747;1.04477949008902;1.0452668374147571;0.7976884203721886;-0.014895045077539375;0.7979658690347902
3.355717;1.0444462523985873;0.8334785553317696;0.7978929162280479;-1.5216650713497532e-05;-1.6760352521877428e-06;1.0444602261626628;10.000857893104083;0.8334538752472107;1.044781995206378;1.0452656368419049;0.797688805508135;-0.014895045287322667;0.7979658507896769
3.365717;1.0444444492162253;0.8334773439656344;0.7978909304252539;-1.562707771798967e-05;-1.2659649118362245e-06;1.0444634755036564;10.000864269656406;0.8334527442599902;1.0447845249174361;1.0452642951879128;0.7976891899879465;-0.01489504551294824;0.7979658875955835
3.375717;1.0444426802718105;0.8334760415817979;0.7978890606706043;-1.6037257815839894e-05;-8.515797780309791e-07;1.0444668993135986;10.000870899885594;0.8334516683764394;1.0447870816304095;1.0452628229263115;0.7976895702780852;-0.014895045753792089;0.7979659797847057
3.385717;1.0444409454280896;0.8334746483370699;0.7978873051362588;-1.644576154829054e-05;-4.3329837733609006e-07;1.0444704898766959;10.000877800461884;0.8334506486098473;1.0447896680016946;1.0452612292581458;0.7976899412880412;-0.014895046009575358;0.7979661262447875
3.395717;1.0444392446861028;0.8334731643198859;0.7978856616168741;-1.6851393059057858e-05;-1.1383661802747873e-08;1.044474238265327;10.000884961418723;0.8334496873717816;1.0447922862851655;1.0452595225871915;0.7976902969434612;-0.01489504627993801;0.7979663248792468
3.405717;1.0444375787242137;0.8334715882830276;0.7978841278098319;-1.7253301211767397e-05;4.1396888932118546e-07;1.0444781348811807;10.0008923655715;0.8334487897872641;1.0447949374051546;1.0452577107016856;0.7976906311514244;-0.0148950465639279;0.7979665727155133
3.415717;1.0444359476708187;0.833469917320804;0.7978827014656744;-1.7650887652705048e-05;8.424844988028016e-07;1.0444821724714715;10.00090000224323;0.8334479636188462;1.0447976201346603;1.0452557994086762;0.7976909378806449;-0.014895046860194371;0.7979668661398869
3.425717;1.0444343500351867;0.8334681475152828;0.7978813809313212;-1.8043580279753867e-05;1.2737913269003478e-06;1.0444863484382376;10.000907864006157;0.8334472182067914;1.0448003318568877;1.0452537905670307;0.7976912109074837;-0.014895047167666637;0.7979672020348697
3.435717;1.0444327829937152;0.8334662749724961;0.7978801658690559;-1.8430728541178687e-05;1.7076494568286483e-06;1.0444906633579514;10.000915935999366;0.83344656346681;1.0448030703010271;1.0452516816623292;0.7976914453864787;-0.014895047485789908;0.7979675795982261
3.445717;1.0444312434407919;0.8334642965121326;0.7978790573867779;-1.881174670803142e-05;2.1441561099829704e-06;1.0444951172593846;10.0009241945562;0.8334460089544043;1.0448058339149187;1.045249468195101;0.7976916404362441;-0.014895047814238864;0.7979680010636413
3.455717;1.0444297296331209;0.8334622096133031;0.7978780571636975;-1.918624399282485e-05;2.5836700807511245e-06;1.0444997081540408;10.000932619057041;0.8334455632086868;1.0448086209178984;1.0452471467917717;0.7976917996120202;-0.01489504815258675;0.7979684701150617
3.465717;1.04442824287694;0.8334600122162397;0.7978771665467309;-1.9554007393817596e-05;3.026579971647164e-06;1.0445044335258935;10.00094120132995;0.8334452332543393;1.0448114289277282;1.0452447160481753;0.7976919291422643;-0.014895048500022292;0.7979689892714814
3.475717;1.044426788455768;0.8334577021181471;0.797876386790149;-1.991494444560407e-05;3.473069222458178e-06;1.044509291519678;10.000949936314342;0.8334450240246553;1.0448142545425807;1.0452421761167388;0.797692036387435;-0.01489504885499946;0.797969558996256
3.485717;1.044425375284804;0.8334552758827785;0.7978757194336511;-2.0268985237614742e-05;3.922975140779691e-06;1.0445142808781402;10.000958803590422;0.8334449378322;1.0448170921544078;1.0452395285347846;0.7976921294146592;-0.01489504921495215;0.7979701784507823
3.495717;1.0444240142784291;0.8334527291762294;0.7978751657527474;-2.0615975841989102e-05;4.375914365958186e-06;1.0445194004943998;10.000967771927844;0.8334449738712991;1.044819934255559;1.0452367748946054;0.7976922164882019;-0.014895049576305861;0.7979708458550392
3.505717;1.0444227160380966;0.8334500587303527;0.7978747260549878;-2.0955645448650763e-05;4.83160014685766e-06;1.0445246484064314;10.000976822708298;0.8334451284903932;1.0448227737607214;1.045233914544464;0.7976923050477733;-0.014895049934721804;0.7979715587773581
3.515717;1.0444214888542305;0.8334472639450096;0.7978743991289816;-2.128768403468177e-05;5.2900023050178745e-06;1.0445300212183617;10.000985946071992;0.8334453970113803;1.0448256054180565;1.0452309439868592;0.7976924014862055;-0.01489505028531742;0.7979723145754497
3.525717;1.0444203384159592;0.833444347444482;0.7978741817915977;-2.1611889913425482e-05;5.75118289607526e-06;1.0445355141114292;10.0009951138162;0.833445775631117;1.0448284247835378;1.0452278591175124;0.7976925117546181;-0.014895050622700325;0.797973110328075
3.535717;1.0444192689877683;0.833441314764984;0.7978740691944639;-2.192824172589456e-05;6.21502272546919e-06;1.0445411200496162;10.001004275975019;0.8334462610853717;1.0448312263227646;1.0452246581772344;0.7976926413646763;-0.014895050940905033;0.7979739426808456
3.545717;1.0444182841049758;0.8334381735749679;0.7978740559211206;-2.2236854577584758e-05;6.6811806655036425e-06;1.0445468292641253;10.001013377723188;0.8334468485656971;1.044834002176835;1.0452213425483914;0.7976927949132754;-0.014895051233478172;0.7979748076180105
3.555717;1.044417386467736;0.8334349326897371;0.7978741368587893;-2.2537954585037245e-05;7.149317421714162e-06;1.044552630119713;10.001022369898918;0.8334475305510912;1.044836741912531;1.0452179154431043;0.7976929756891622;-0.014895051493953407;0.797975700124471
3.565717;1.0444165785804094;0.8334316004280701;0.7978743069573695;-2.2831940708047373e-05;7.619267760834092e-06;1.0445585098741794;10.001031211929824;0.833448297655031;1.0448394329489183;1.0452143807652765;0.797693185194307;-0.014895051716666175;0.7979766139626917
3.575717;1.044415864352126;0.8334281835158892;0.797874560242161;-2.3119420636717176e-05;8.09102966881909e-06;1.044564454818936;10.001039869555854;0.8334491405085187;1.044842060910978;1.045210743219731;0.7976934236429026;-0.014895051897160805;0.7979775416660916
3.585717;1.0444152491601182;0.8334246883970855;0.7978748893759889;-2.340113471716952e-05;8.564769059510134e-06;1.0445704503765387;10.001048314599398;0.8334500513261277;1.0448446101412054;1.0452070087545342;0.7976936916731167;-0.014895052031787415;0.7979784755053959
3.595717;1.0444147372389974;0.8334211235990492;0.7978752864201298;-2.367784175859568e-05;9.040852428094154e-06;1.0445764811273985;10.001056537905184;0.8334510241789587;1.0448470645525614;1.0452031845028837;0.797693990632751;-0.01489505211722027;0.797979409010167
3.605717;1.0444143295025279;0.8334175000677934;0.7978757438777206;-2.3950224144847962e-05;9.519711275800365e-06;1.044582531586309;10.001064564843805;0.8334520548125827;1.0448494080093622;1.0451992782337116;0.7976943212314882;-0.014895052150578979;0.7979803370992167
3.615717;1.0444140245971836;0.8334138294496132;0.7978762548221159;-2.421883229951918e-05;1.0001586130733553e-05;1.044588588196975;10.001072454602587;0.83345314141757;1.0448516246416861;1.0451952978813348;0.7976946833162087;-0.014895052129913938;0.7979812546682092
3.625717;1.044413821163434;0.8334101232059639;0.7978768121655071;-2.4484203219563957e-05;1.0486388535860356e-05;1.0445946411240687;10.00108028720871;0.8334542844991927;1.0448536994526514;1.0451912520973468;0.7976950762130104;-0.01489505205434419;0.7979821558044793
3.635717;1.0444137180941642;0.8334063930988568;0.7978774082196675;-2.4747053167269973e-05;1.09738360096184e-05;1.044600684076564;10.001088153294873;0.833455484282239;1.0448556182584923;1.0451871511598418;0.7976954978739119;-0.014895051923910182;0.7979830343484049
3.645717;1.0444137137674407;0.8334026512638687;0.7978780353405129;-2.5008164553615307e-05;1.1463756009349851e-05;1.044606711818853;10.001096142777477;0.8334567382897661;1.0448573674766668;1.04518300602174;0.7976959440538748;-0.014895051739709625;0.7979838841167267
3.655717;1.0444138063831558;0.8333989101397165;0.7978786864878294;-2.526813260387945e-05;1.1956168596811498e-05;1.0446127178645084;10.001104322647523;0.8334580413107663;1.0448589351100153;1.045178826036494;0.7976964086892385;-0.014895051504051087;0.7979846983695333
3.665717;1.0444139952247622;0.8333951829095713;0.7978793546627523;-2.5527422278899644e-05;1.2451003165397062e-05;1.0446186948181535;10.001112721289594;0.8334593865339696;1.0448603126314095;1.0451746184807136;0.7976968847989153;-0.01489505122015091;0.7979854694496084
3.675717;1.0444142819497968;0.8333914833523687;0.7978800322825325;-2.5786555117453083e-05;1.29478564866845e-05;1.0446246358416007;10.001121339970274;0.8334607658369707;1.0448614968638767;1.0451703897671938;0.7976973652951581;-0.014895050891654474;0.7979861889144637
3.685717;1.0444146701389798;0.8333878251457979;0.7978807109981725;-2.604613242615622e-05;1.3446074532684867e-05;1.0446305348013014;10.001130173447415;0.8334621695834246;1.0448624904958184;1.0451661458704522;0.7976978439649546;-0.01489505052236606;0.7979868485936525
3.695717;1.0444151629091034;0.8333842213676051;0.7978813816720498;-2.6306757071950698e-05;1.39448981840405e-05;1.0446363855689007;10.001139209761174;0.8334635875996249;1.04486330004894;1.0451618923792794;0.7976983161873799;-0.01489505011608566;0.7979874421332042
3.705717;1.0444157622475225;0.8333806835344103;0.7978820349382926;-2.656887070589167e-05;1.4443452299907838e-05;1.0446421820363574;10.001148412184023;0.8334650107250524;1.0448639330839806;1.045157634984702;0.797698778151055;-0.014895049676421052;0.7979879659176863
3.715717;1.0444164711626382;0.8333772200862405;0.7978826621162255;-2.6832616646625956e-05;1.4940699450374118e-05;1.0446479193881901;10.001157713116244;0.8334664314233798;1.0448643972311034;1.0451533787927845;0.7976992254263712;-0.01489504920670583;0.7979884193418046
3.725717;1.044417294405477;0.8333738358094125;0.7978832558585391;-2.709794985043656e-05;1.5435441971861382e-05;1.044653595420068;10.001167036249731;0.8334678437420074;1.0448647007754632;1.0451491265378614;0.797699653266913;-0.014895048709931172;0.7979888042346612
3.735717;1.044418235903178;0.8333705332775864;0.7978838105480687;-2.73648813772852e-05;1.5926374457535224e-05;1.0446592093579976;10.001176322513725;0.833469242860643;1.0448648531879992;1.0451448783355186;0.7977000584603393;-0.014895048188589562;0.7979891234210635
3.745717;1.0444192965109038;0.8333673148000579;0.7978843219117115;-2.7633603081720364e-05;1.6412218049582044e-05;1.0446647590636864;10.001185534200687;0.8334706237450232;1.0448648649132681;1.0451406334150397;0.7977004398749031;-0.014895047644724648;0.7979893799725462
3.755717;1.0444204741430196;0.8333641823258638;0.7978847856761544;-2.7904419460847386e-05;1.6891862567499443e-05;1.0446702407883754;10.001194652469598;0.8334719798012725;1.0448647466225927;1.0451363916071605;0.7977007964717823;-0.014895047080191029;0.7979895780413847
3.765717;1.044421764813007;0.8333611360099268;0.7978851970383775;-2.817760954909477e-05;1.736443359866593e-05;1.044675651649604;10.001203682227176;0.8334733036615362;1.04486450839798;1.045132154091942;0.797701124918916;-0.014895046496892685;0.7979897234276734
3.775717;1.044423164330466;0.8333581741592768;0.7978855516662791;-2.8453413691846364e-05;1.782923868347676e-05;1.0446809913577793;10.001212646837615;0.8334745896665985;1.0448641591039103;1.0451279240372522;0.7977014191375782;-0.01489504589705861;0.7979898226772795
3.785717;1.0444246702895001;0.8333552944941204;0.7978858463004505;-2.873210465170951e-05;1.828561921602673e-05;1.0446862615488595;10.001221564612724;0.8334758343558427;1.044863705962092;1.045123706549488;0.797701671845908;-0.014895045283490756;0.7979898823890724
3.795717;1.044426281995938;0.833352494669194;0.7978860782901075;-2.9013999646165383e-05;1.8732951401919232e-05;1.0446914637419413;10.001230431778264;0.8334770343974286;1.0448631546473701;1.045119508061339;0.7977018761254161;-0.01489504465955241;0.7979899094646339
3.805717;1.0444279984499674;0.8333497720827283;0.7978862455671731;-2.9299404412098656e-05;1.9170768489969612e-05;1.0446965978410552;10.001239232276191;0.8334781852047548;1.0448625099909905;1.0451153353638014;0.7977020254117424;-0.014895044028819502;0.7979899115137209
3.815717;1.0444298174100548;0.8333471245557006;0.7978863472385976;-2.958848698803615e-05;1.9598665419373788e-05;1.0447016619182372;10.001247961830147;0.833479281011024;1.0448617763179306;1.045111194196791;0.7977021130995758;-0.01489504339460099;0.7979898968035718
3.825717;1.044431736215215;0.8333445511094275;0.7978863838357865;-2.9881228811078436e-05;2.001610314286785e-05;1.0447066526234172;10.001256643222424;0.8334803153613323;1.0448609568026708;1.0451070891998127;0.7977021335334672;-0.01489504275984789;0.7979898729992543
3.835717;1.0444337527954508;0.8333420512117362;0.7978863570075624;-3.0177603341959526e-05;2.042239458600233e-05;1.0447115654853412;10.001265325628655;0.8334812823290215;1.0448600525494462;1.0451030255529092;0.7977020833801143;-0.014895042127459152;0.7979898453886312
3.845717;1.0444358666791667;0.8333396237857232;0.7978862685210877;-3.0477687288176932e-05;2.081677559243544e-05;1.0447163948839344;10.001274072849025;0.8334821779106177;1.0448590624027974;1.0450990093027566;0.7977019613806844;-0.01489504150036826;0.7979898165357376
3.855717;1.0444380796675532;0.8333372671975584;0.7978861194855529;-3.078149483232415e-05;2.119846456272743e-05;1.044721134314045;10.001282943394003;0.8334830000930586;1.0448579837345249;1.0450950455271868;0.7977017670705774;-0.014895040881212341;0.7979897872915942
3.865717;1.044440395052551;0.8333349793573426;0.7978859111513183;-3.108883313664703e-05;2.1566757867713095e-05;1.0447257772280436;10.001291975148941;0.8334837477600685;1.0448568130579927;1.0450911370224623;0.7977015000262772;-0.014895040271881758;0.7979897577583003
3.875717;1.044442815854446;0.8333327579285909;0.7978856461510986;-3.1399372511301484e-05;2.1921158383836254e-05;1.0447303175810876;10.001301192110382;0.833484419619298;1.0448555457123372;1.0450872846762298;0.7977011596493017;-0.014895039673349751;0.7979897281880427
3.885717;1.04444534328302;0.8333306013071666;0.797885328608356;-3.171278749334333e-05;2.2261412665480762e-05;1.0447347494991615;10.001310613492372;0.8334850141805158;1.044854176213316;1.0450834875477524;0.7977007454057674;-0.014895039085910104;0.7979896999156361
3.895717;1.0444479760896115;0.8333285093842712;0.7978849633136356;-3.2028792296276355e-05;2.258735030212849e-05;1.0447390669259016;10.001320240709823;0.833485530785858;1.0448527001155574;1.04507974180611;0.7977002573781911;-0.014895038509511103;0.7979896758981084
3.905717;1.0444507107053973;0.8333264828719056;0.7978845547367733;-3.2347032332860355e-05;2.2898702049880087e-05;1.044743264302387;10.001330044491773;0.8334859703543872;1.0448511147846102;1.0450760408423214;0.7976996963660381;-0.01489503794402691;0.7979896609703422
3.915717;1.0444535414234415;0.8333245224578578;0.7978841066601371;-3.266701161245647e-05;2.319512632186005e-05;1.0447473377039327;10.001339972959006;0.8334863350401162;1.0448494176136491;1.0450723778055844;0.797699063994005;-0.014895037389361546;0.7979896613981982
3.925717;1.0444564602851396;0.8333226292793757;0.7978836226234101;-3.2988204768545615e-05;2.3476382899290816e-05;1.0447512854119858;10.00134996647382;0.8334866272232404;1.0448476046349489;1.0450687479022114;0.7976983633793114;-0.014895036845174474;0.7979896832299539
3.935717;1.04445945693096;0.8333208059773253;0.7978831066949053;-3.331015892286804e-05;2.3742460423271426e-05;1.0447551082158273;10.001359961839773;0.8334868485022315;1.04484567142451;1.0450651479786188;0.7976975990805903;-0.014895036310772172;0.7979897306272965
3.945717;1.0444625190490553;0.8333190568956705;0.7978825642168703;-3.363241776376936e-05;2.3993606312374614e-05;1.0447588095599076;10.001369886383657;0.8334869988527924;1.044843614404647;1.0450615745974925;0.7976967762341667;-0.014895035785427245;0.7979898056456519
3.955717;1.0444656335600202;0.8333173865474303;0.7978820019399213;-3.3954505639868674e-05;2.4230292423275153e-05;1.0447623948036542;10.001379656519143;0.8334870765216833;1.0448414310747702;1.0450580229445727;0.7976959002975684;-0.014895035268415525;0.7979899092183451
3.965717;1.0444687879461112;0.8333157977623853;0.7978814274086359;-3.427606102422854e-05;2.4453104553591978e-05;1.0447658700264653;10.001389190785458;0.8334870795397333;1.0448391195914708;1.045054487195615;0.7976949767825996;-0.014895034758913765;0.7979900420096296
3.975717;1.0444719709818175;0.8333142921360599;0.7978808485071942;-3.459674301564164e-05;2.4662644773811696e-05;1.044769241153789;10.001398432786665;0.8334870077769053;1.0448366776836666;1.045050961632457;0.7976940100769252;-0.01489503425626296;0.797990204206552
3.985717;1.0444751724912529;0.8333128716225642;0.7978802733142111;-3.49158977779918e-05;2.485955922895443e-05;1.0447725131171386;10.001407368324493;0.8334868638615573;1.04483410070576;1.045047441655048;0.7976930027682739;-0.014895033760040316;0.7979903945798156
3.995717;1.0444783830008266;0.8333115379494206;0.7978797096666641;-3.5232521545218855e-05;2.5044595311580433e-05;1.0447756893856508;10.001416021907243;0.8334866532219458;1.0448313808982699;1.0450439243882441;0.7976919567183455;-0.014895033269821056;0.7979906094921722
4.005717;1.0444815938837477;0.8333102901922879;0.7978791643388788;-3.554564634056547e-05;2.5218600326538177e-05;1.044778772544237;10.001424432826273;0.8334863834815137;1.044828508929792;1.045040409044476;0.7976908744226355;-0.01489503278545401;0.7979908422401899
4.015717;1.0444847970760758;0.8333091234540791;0.7978786423573989;-3.585470087875324e-05;2.5382492940707366e-05;1.0447817656015452;10.001432624491793;0.8334860628882469;1.0448254760512696;1.0450368963501526;0.7976897582373061;-0.014895032307671353;0.7979910838060083
4.025717;1.0444879844899866;0.8333080301893835;0.7978781473460622;-3.615949271702457e-05;2.5537167730267568e-05;1.04478467311434;10.0014405956008;0.833485699025226;1.0448222766823272;1.0450333871808244;0.7976886081737743;-0.014895031838073801;0.7979913248720365
4.035717;1.0444911489146897;0.8333070027476635;0.7978776823531909;-3.6459927711507676e-05;2.568333429859818e-05;1.044787501071019;10.001448346519492;0.8334852987038001;1.0448189107019155;1.0450298825559987;0.7976874208886979;-0.014895031378696055;0.7979915568161978
4.045717;1.0444942861673008;0.8333060341012752;0.7978772497616278;-3.675585808320029e-05;2.5821419173044767e-05;1.0447902560329199;10.001455906496405;0.8334848683426658;1.044815383567722;1.0450263844898051;0.7976861901499935;-0.014895030931774663;0.797991771217705
4.055717;1.0444973957107362;0.8333051167330344;0.7978768510316908;-3.704713830853623e-05;2.5951650784549984e-05;1.0447929450060895;10.00146333643546;0.8334844141061324;1.04481170549363;1.0450228953741245;0.7976849081976232;-0.014895030499510672;0.7979919593814067
4.065717;1.044500478715853;0.8333042424307044;0.797876486858262;-3.733362757376782e-05;2.607426941972739e-05;1.0447955755832017;10.001470714808793;0.833483940986872;1.0448078906576153;1.0450194173703344;0.7976835676625464;-0.014895030083517556;0.797992112330931
4.075717;1.044503535994665;0.8333034034646298;0.7978761563369802;-3.761506811230873e-05;2.6189596369782743e-05;1.0447981550674628;10.001478109409405;0.8334834514464934;1.044803954997507;1.0450159540817499;0.797682162489488;-0.014895029684288628;0.7979922210987077
4.085717;1.0445065685541854;0.8333025938025475;0.7978758558740965;-3.789103326230415e-05;2.629790574928009e-05;1.044800689047883;10.001485558064308;0.8334829455371652;1.044799913195309;1.04501251259419;0.7976806876554167;-0.014895029301218386;0.797992277053063
4.095717;1.0445095796753359;0.8333018099284419;0.7978755798567607;-3.8161085474362176e-05;2.6399301988968194e-05;1.0448031815579464;10.00149308399031;0.8334824221099022;1.0447957776108743;1.0450091035737068;0.79767913936683;-0.014895028933024137;0.7979922720435378
4.105717;1.0445125746305932;0.8333010510241531;0.7978753220067615;-3.8425033505868346e-05;2.6493678246477555e-05;1.0448056370458259;10.001500716111495;0.8334818797789694;1.044791560226794;1.0450057398824288;0.7976775158557754;-0.014895028578154482;0.7979921987482191
4.115717;1.0445155577295198;0.8333003183116696;0.7978750758918727;-3.868306217450957e-05;2.6580750617752748e-05;1.0448080614823334;10.001508485419322;0.8334813179724532;1.0447872750310896;1.0450024342821571;0.7976758171187123;-0.014895028235061444;0.7979920511887159
4.125717;1.044518530078219;0.8332996140310712;0.7978748352880076;-3.893558492963451e-05;2.666012817400127e-05;1.0448104611038231;10.001516415370554;0.8334807378609626;1.0447829372299622;1.044999197331925;0.7976740433494588;-0.014895027902115816;0.7979918248027709
4.135717;1.0445214902026898;0.8332989406038372;0.7978745946172009;-3.918284411050715e-05;2.6731331547619375e-05;1.0448128400922077;10.001524519820608;0.8334801424789297;1.044778560459531;1.044996037233596;0.7976721941819811;-0.01489502757725043;0.7979915158095685
4.145717;1.04452443689885;0.8332983003408168;0.7978743485832217;-3.9424604471975655e-05;2.6793776347334414e-05;1.0448151999809832;10.001532799835891;0.8334795366778219;1.0447741556009242;1.0449929605126882;0.797670269892873;-0.014895027257920117;0.797991120471825
4.155717;1.0445273710872647;0.8332976958569481;0.7978740918419914;-3.966022291330653e-05;2.6846768366042812e-05;1.0448175411137581;10.00154124469159;0.8334789268978898;1.0447697307589932;1.0449899712453865;0.7976682731125344;-0.014895026941531012;0.7979906352535627
4.165717;1.0445302948720105;0.8332971306952132;0.7978738201619222;-3.988890145641512e-05;2.6889523210835923e-05;1.0448198632717438;10.001549848092894;0.8334783196955691;1.0447652914413867;1.0449870697593753;0.7976662091292845;-0.014895026625807615;0.7979900574413994
4.175717;1.0445332105199763;0.8332966086744065;0.7978735314998977;-4.010988450115791e-05;2.6921187495306392e-05;1.0448221651787921;10.001558616352037;0.8334777196759238;1.0447608413773868;1.0449842532490339;0.7976640841576369;-0.014895026308742421;0.7979893853633161
4.185717;1.0445361219796419;0.8332961318580515;0.7978732257170041;-4.032257683164705e-05;2.694081919886675e-05;1.0448244445885881;10.001567547337974;0.8334771288299674;1.0447563828631077;1.044981517468948;0.797661903423392;-0.014895025988293594;0.7979886189975725
4.195717;1.0445390366710559;0.8332957001486212;0.7978729047256765;-4.05264970610338e-05;2.694736383557994e-05;1.0448266986115957;10.001576609368685;0.8334765476047982;1.0447519163127392;1.0449788570104717;0.7976596717503698;-0.014895025662198656;0.7979877611231246
4.205717;1.0445419642081777;0.833295313511526;0.7978725726580004;-4.072104084720437e-05;2.6939645922526512e-05;1.0448289239176207;10.001585750130348;0.8334759759621592;1.0447474402016714;1.0449762646614467;0.7976573955393599;-0.0148950253282937;0.7979868175249497
4.215717;1.0445449142487635;0.833294973275477;0.7978722340392734;-4.090533837393476e-05;2.6916389687199248e-05;1.0448311172773097;10.00159492002982;0.8334754135558814;1.0447429520172973;1.0449737314200613;0.7976550831806978;-0.014895024985089877;0.7979857958483902
4.225717;1.0445478965352386;0.8332946808772511;0.7978718918885389;-4.1078368006251844e-05;2.687635134481465e-05;1.0448332761450843;10.001604075442655;0.8334748601356848;1.044738449581884;1.044971247334692;0.7976527441946066;-0.01489502463184364;0.7979847040513537
4.235717;1.0445509206982078;0.8332944367467591;0.7978715475424867;-4.123909791559901e-05;2.6818497911141486e-05;1.0448353988618808;10.0016131601566;0.8334743162720564;1.0447339313025288;1.04496880262068;0.7976503885633299;-0.014895024268244586;0.7979835494710299
4.245717;1.0445539940990871;0.8332942404291267;0.7978712005031591;-4.13864817234364e-05;2.674205657037339e-05;1.0448374848561646;10.00162210538675;0.8334737830912745;1.0447293953829409;1.0449663881470503;0.7976480261816011;-0.014895023894290751;0.7979823391932765
4.255717;1.0445571202755684;0.8332940901874825;0.7978708482815634;-4.151938918725886e-05;2.6646413707925138e-05;1.0448395346168147;10.001630860740729;0.8334732613859068;1.0447248395007533;1.0449639955223162;0.7976456661767871;-0.014895023510201662;0.7979810812183977
4.265717;1.0445602986757272;0.8332939825495175;0.7978704873770253;-4.16366018901671e-05;2.6531012671971193e-05;1.044841548648768;10.001639415520264;0.8334727512681115;1.0447202611304058;1.0449616175309002;0.7976433163346451;-0.014895023116275464;0.7979797847951016
4.275717;1.0445635244798894;0.8332939135346108;0.7978701142765177;-4.1736860194565976e-05;2.639545247249708e-05;1.0448435269397487;10.001647791482693;0.833472252074217;1.0447156575881822;1.0449592480763665;0.7976409823994743;-0.014895022712973873;0.7979784588624786
4.285717;1.0445667892013402;0.8332938801714478;0.7978697255446942;-4.1818865503305715e-05;2.6239724671315174e-05;1.0448454700355283;10.001656029526483;0.8334717622087264;1.044711025843927;1.0449568809659795;0.7976386675820973;-0.014895022301110544;0.7979771096142939
4.295717;1.0445700819134103;0.8332938806884442;0.7978693173658604;-4.188132077862889e-05;2.606425465337594e-05;1.044847379545716;10.001664181884205;0.8334712792480471;1.0447063623225523;1.0449545088202163;0.7976363738877194;-0.014895021881856868;0.7979757394343064
4.305717;1.04457339002684;0.8332939139846628;0.7978688849036387;-4.1923074328556315e-05;2.5869736647699544e-05;1.0448492578091058;10.00167230302789;0.8334708001638279;1.0447016631534454;1.0449521238180737;0.7976341042374838;-0.014895021456376934;0.7979743478112524
4.315717;1.0445767004687763;0.8332939785363844;0.7978684222453418;-4.1943165471091176e-05;2.565700740094766e-05;1.044851108913505;10.001680439634903;0.8334703215431924;1.0446969253926452;1.0449497197244193;0.7976318624465448;-0.014895021025265992;0.7979729330043936
4.325717;1.0445800013316697;0.8332940713591698;0.7978679237359616;-4.194077506884863e-05;2.5426979547699183e-05;1.0448529402187807;10.001688628667344;0.8334698402778505;1.0446921479184474;1.0449472925889587;0.797629651829674;-0.014895020588347753;0.7979714933016561
4.335717;1.0445832822670524;0.8332941883029161;0.797867385604603;-4.19153000815258e-05;2.5180604115312675e-05;1.0448547617480484;10.001696907213352;0.8334693546879631;1.044687331746335;1.0449448395153866;0.7976274747317872;-0.014895020144846087;0.7979700276386104
4.345717;1.04458653375477;0.8332943248933606;0.797866805719896;-4.186644424819243e-05;2.491891432095395e-05;1.0448565838023829;10.001705321922513;0.833468864824099;1.044682480573181;1.0449423571823098;0.7976253327829209;-0.01489501969365771;0.7979685357584384
4.355717;1.0445897469018355;0.8332944766549457;0.7978661814912635;-4.1794169202921124e-05;2.464304615009516e-05;1.0448584150264768;10.001713918826173;0.8334683714869541;1.0446776001401374;1.0449398415581765;0.7976232269705731;-0.014895019233516882;0.7979670178724263
4.365717;1.0445929136945975;0.8332946388734506;0.7978655086584112;-4.169865879088404e-05;2.4354087437868646e-05;1.0448602624542058;10.001722720302782;0.8334678749244845;1.0446726965240085;1.044937289091926;0.7976211574251095;-0.0148950187629473;0.7979654745435244
4.375717;1.04459602666596;0.8332948056564443;0.7978647823248702;-4.158040346703339e-05;2.4052927580487015e-05;1.0448621334434496;10.001731720365713;0.8334673737807861;1.0446677755069438;1.0449346970173443;0.797619123571627;-0.014895018280525725;0.7979639067878779
4.385717;1.04459907827885;0.8332949692099085;0.7978639983368377;-4.144021561350578e-05;2.374031756663509e-05;1.0448640368111142;10.001740902974385;0.8334668651849301;1.0446628426936704;1.0449320614277495;0.7976171247117327;-0.014895017785457149;0.7979623151114796
4.395717;1.0446020605056643;0.8332951205054183;0.7978631542156345;-4.127900462894995e-05;2.3417003087759923e-05;1.04486598146852;10.001750257113688;0.8334663465597033;1.044657903589958;1.0449293757698166;0.797615159638873;-0.014895017277462402;0.7979606985506944
4.405717;1.0446049644726203;0.8332952504764115;0.7978622505110428;-4.1097528365907616e-05;2.308373246302128e-05;1.0448679747276344;10.001759776693813;0.8334658173086558;1.0446529645460454;1.04492663083833;0.7976132255198943;-0.014895016756043628;0.7979590553352635
4.415717;1.0446077802655225;0.8332953507528483;0.7978612914853263;-4.0896432696345885e-05;2.2741097950029897e-05;1.0448700217154059;10.001769457477138;0.8334652789160868;1.0446480342605504;1.0449238150091469;0.7976113180000313;-0.014895016220228338;0.7979573839764439
4.425717;1.0446104969551298;0.833295414059794;0.7978602838477683;-4.067643729096389e-05;2.2389372841267275e-05;1.0448721251043356;10.0017792954083;0.8334647348580146;1.0446431239885623;1.044920914880355;0.7976094324572369;-0.014895015668778338;0.7979556835755027
4.435717;1.044613103075369;0.8332954337866718;0.7978592347924479;-4.0438372120367704e-05;2.202860120407888e-05;1.0448742855235686;10.001789280927037;0.8334641912137175;1.0446382461265193;1.0449179166457196;0.7976075647289073;-0.014895015100281425;0.7979539536300323
4.445717;1.0446155876420062;0.8332954026131093;0.7978581511112701;-4.018316737744187e-05;2.165883149393094e-05;1.0448765030599918;10.001799403288782;0.8334636568183709;1.0446334128997743;1.0449148073789356;0.7976057109556158;-0.014895014513291196;0.7979521935488554
4.455717;1.044617941376662;0.8332953116751481;0.797857039623523;-3.9911936642544874e-05;2.128014284073572e-05;1.0448787787136562;10.001809669214289;0.8334631427048033;1.044628635953304;1.044911575941879;0.797603867590056;-0.014895013906599435;0.7979504025179829
4.465717;1.0446201577594307;0.8332951512150932;0.7978559072220742;-3.9626015214445124e-05;2.0892482437636585e-05;1.0448811151341326;10.001820109855446;0.833462661255664;1.0446239257186254;1.0449082133937977;0.7976020319010434;-0.01489501327940866;0.7979485800138512
4.475717;1.04462223289087;0.8332949119929364;0.7978547595663973;-3.932689120371291e-05;2.0495599374850275e-05;1.0448835170619717;10.001830770161565;0.8334622252475448;1.0446192903718476;1.0449047127712678;0.7976002026425569;-0.014895012631524778;0.797946725911473
4.485717;1.0446241638264955;0.8332945865381146;0.797853600646686;-3.901611253956153e-05;2.0089113395838353e-05;1.0448859909019312;10.001841692914754;0.8334618475107726;1.0446147364293514;1.044901069608113;0.7975983809494894;-0.014895011963437503;0.7979448402406422
4.495717;1.0446259473711657;0.8332941698497979;0.7978524341025194;-3.869517828975684e-05;1.9672544597583264e-05;1.0448885424197918;10.001852905158525;0.8334615409831639;1.044610271696205;1.0448972828395315;0.7975965705052018;-0.014895011276052795;0.7979429236346548
4.505717;1.0446275804573575;0.833293659072908;0.7978512638842368;-3.836536378844174e-05;1.9245291513010352e-05;1.044891174748787;10.001864417790747;0.8334613183131857;1.0446059081020396;1.0448933540840906;0.7975947756277258;-0.014895010570570551;0.7979409785535997
4.515717;1.0446290603474915;0.8332930521422974;0.797850093200726;-3.802752704509069e-05;1.880673795782487e-05;1.0448938891336366;10.001876230905674;0.8334611907252109;1.04460166222359;1.0448892864033748;0.7975929987203845;-0.014895009848768747;0.7979390103306045
4.525717;1.0446303844074043;0.8332923468322686;0.797848923243495;-3.768204388658142e-05;1.8356494648221592e-05;1.0448966867025837;10.001888334865544;0.8334611661473765;1.0445975531992142;1.0448850843365782;0.797591239873366;-0.014895009113124013;0.7979370270330103
4.535717;1.0446315507515365;0.8332915411647147;0.7978477530458586;-3.7328966446266066e-05;1.7894509162248386e-05;1.0448995691625185;10.00190071764134;0.8334612482012553;1.0445935996094935;1.0448807545032008;0.7975894984594669;-0.014895008366670548;0.7979350383017703
4.545717;1.0446325580452025;0.8332906340788214;0.7978465806604574;-3.69683479866475e-05;1.742090781730323e-05;1.0449025383164139;10.001913369948738;0.8334614371912749;1.0445898178805222;1.0448763055238712;0.7975877743839425;-0.014895007612955985;0.7979330541534847
4.555717;1.0446334031073519;0.8332896256813357;0.797845404932919;-3.660048889845968e-05;1.6935758163391856e-05;1.044905594688917;10.001926270166543;0.8334617315806618;1.0445862222571924;1.0448717472708509;0.7975860679008734;-0.014895006856026072;0.7979310846057551
4.565717;1.0446340797619622;0.8332885177347945;0.7978442267692706;-3.622588514737638e-05;1.643900878683179e-05;1.0449087360238123;10.001939371513256;0.8334621290456514;1.0445828254288874;1.0448670898654362;0.7975843789876285;-0.014895006100244758;0.7979291394963534
4.575717;1.0446345816075944;0.8332873142349314;0.797843049702495;-3.5845045037794234e-05;1.5930626935205808e-05;1.0449119574286414;10.00195261238221;0.8334626266951227;1.0445796394549094;1.044862342402283;0.7975827075188304;-0.0148950053501576;0.7979272275911735
4.585717;1.0446349055134954;0.833286021098495;0.7978418794397288;-3.545851111056723e-05;1.541078864570239e-05;1.0449152534094424;10.001965928801251;0.8334632202739555;1.0445766749307146;1.044857512328029;0.7975810536542199;-0.014895004610539608;0.7979253560383892
4.595717;1.0446350520832997;0.8332846447407821;0.7978407220890231;-3.506700789868794e-05;1.4880042209335221e-05;1.0449186190750783;10.001979257942871;0.8334639044936188;1.044573938376208;1.0448526062117391;0.797579417996096;-0.014895003886321546;0.7979235306737724
4.605717;1.0446350242185627;0.8332831904023373;0.7978395832054551;-3.4671398478851214e-05;1.4339322436341983e-05;1.0449220499659726;10.00199254588109;0.8334646744694924;1.044571431010149;1.044847630854933;0.7975778022961926;-0.014895003182414;0.7979217561871285
4.615717;1.0446348264446417;0.833281661565574;0.7978384685341873;-3.4272550897615455e-05;1.3789707477369372e-05;1.0449255419999661;10.002005756074238;0.8334655253916113;1.0445691496543434;1.044842593999824;0.7975762099084196;-0.01489500250373477;0.7979200359874968
4.625717;1.044634464797412;0.833280060708666;0.7978373839593303;-3.387134740810777e-05;1.3232131215347005e-05;1.0449290908176767;10.002018862247564;0.833466450946206;1.0445670878380362;1.0448375041985427;0.7975746446319033;-0.014895001855198717;0.7979183723380929
4.635717;1.0446339463336154;0.8332783899647792;0.797836334282288;-3.346869408051935e-05;1.2667343384404916e-05;1.0449326911652588;10.002031832444095;0.8334674427291514;1.0445652361955318;1.0448323697884827;0.7975731091046249;-0.01489500124154293;0.7979167665907771
4.645717;1.0446332784377899;0.8332766510770752;0.7978353229397441;-3.306548150329502e-05;1.2096033121078458e-05;1.0449363379078682;10.002044619841955;0.8334684906557468;1.044563582978489;1.0448271984093183;0.79757160514831;-0.014895000667158315;0.7979152194240893
4.655717;1.0446324680978087;0.8332748455491826;0.7978343529180745;-3.2662671357157665e-05;1.151887413881711e-05;1.0449400272826574;10.00205716222721;0.83346958407096;1.0445621153934608;1.0448219977251874;0.7975701353291055;-0.01489500013568436;0.7979137316817474
4.665717;1.04463152180625;0.833272974856144;0.7978334277796102;-3.226141504095666e-05;1.0936487821906656e-05;1.0449437569493172;10.002069400318927;0.833470713127698;1.0445608211458834;1.0448167765196237;0.7975687029057487;-0.014894999649471137;0.7979123050246659
4.675717;1.0446304459102762;0.8332710396078086;0.7978325522949357;-3.186300293314466e-05;1.0349386189847647e-05;1.044947525525623;10.002081307566561;0.8334718691698092;1.0445596889628368;1.044811545079581;0.7975673104883751;-0.014894999209517524;0.7979109414089306
4.685717;1.0446292459015183;0.8332690383242556;0.7978317327519826;-3.146864846113529e-05;9.757929104077118e-06;1.0449513320649408;10.002092891561325;0.8334730445512372;1.0445587075870317;1.0448063149500695;0.7975659596814282;-0.01489499881601538;0.7979096421846418
4.695717;1.04462792483335;0.8332669672872294;0.7978309769948582;-3.107924801281114e-05;9.162430186338735e-06;1.0449551748275452;10.002104169051593;0.8334742329261162;1.044557864668682;1.0448010992546584;0.7975646525138643;-0.014894998468958934;0.7979084077728756
4.705717;1.0446264829218308;0.8332648211614195;0.7978302933327361;-3.069534597501519e-05;8.563448562809678e-06;1.0449590502331865;10.002115151788749;0.8334754288172361;1.044557147576058;1.0447959133246019;0.7975633933848587;-0.014894998168176146;0.7979072383368322
4.715717;1.0446249193916455;0.8332625939940707;0.7978296887476671;-3.0317374892509012e-05;7.962004884010825e-06;1.0449629536751117;10.002125841750352;0.833476626233138;1.0445565452917833;1.0447907747635736;0.7975621892065077;-0.014894997912945726;0.797906134730409
4.725717;1.0446232342747903;0.8332602806142517;0.7978291686207573;-2.9945897946691455e-05;7.359477171261864e-06;1.0449668811498793;10.0021362216886;0.833477818281762;1.0445560493314594;1.0447857026915806;0.7975610473397137;-0.014894997701977183;0.7979050985216359
4.735717;1.044621427677956;0.8332578775698564;0.7978287375726633;-2.958163339893597e-05;6.7573921579827676e-06;1.0449708297645335;10.002146246127223;0.8334789979555397;1.0445556542146885;1.0447807160144373;0.7975599739327424;-0.01489499753400442;0.7979041317435318
4.745717;1.0446194983333599;0.8332553833378457;0.7978283996212536;-2.9225261242412457e-05;6.157360502031255e-06;1.0449747976223591;10.002155837972964;0.8334801585059317;1.044555357979171;1.0447758317334015;0.7975589747769619;-0.014894997408401923;0.7979032370181983
4.755717;1.0446174434277722;0.8332527981451072;0.7978281580360183;-2.8877157015168874e-05;5.560985386182988e-06;1.044978783925448;10.002164897959025;0.8334812926252645;1.0445551611102202;1.0447710638631649;0.7975580569553532;-0.014894997325188352;0.7979024171193412
4.765717;1.044615258999401;0.8332501235632374;0.7978280152757562;-2.8537348635012056e-05;4.969685694927969e-06;1.0449827881947513;10.002173323551254;0.8334823912292912;1.0445550643383101;1.0447664222854873;0.7975572289579951;-0.014894997284604502;0.7979016741859103
4.775717;1.044612940974507;0.8332473622585531;0.7978279722896503;-2.8205621301278666e-05;4.384655984671983e-06;1.0449868087589198;10.002181021734973;0.8334834430292575;1.0445550676502882;1.0447619121809568;0.7975564998200079;-0.01489499728692864;0.7979010093947188
4.785717;1.0446104865374046;0.8332445178321793;0.7978280271679775;-2.7881438477764134e-05;3.8070324321443387e-06;1.044990842525788;10.002187916379286;0.8334844354123405;1.0445551705295177;1.0447575347499627;0.7975558786511616;-0.014894997332819631;0.7979004224669913
4.795717;1.0446078941136805;0.8332415947275962;0.7978281743124969;-2.75638866829052e-05;3.238137105406157e-06;1.0449948859139733;10.002193952952494;0.8334853571004329;1.0445553723129732;1.0447532889853564;0.7975553750042031;-0.014894997423731309;0.7978999110723215
4.805717;1.0446051623439525;0.8332385982428685;0.797828405016262;-2.7251916899604758e-05;2.679556400118298e-06;1.0449989350008675;10.002199090252937;0.8334862011576133;1.0445556727703416;1.0447491741193309;0.7975549992743571;-0.014894997561618595;0.797899471225034
4.815717;1.0446022898271785;0.8332355345811536;0.797828708806107;-2.6944613192545912e-05;2.1328768769750555e-06;1.0450029845224411;10.00220328258306;0.8334869651217909;1.0445560728642072;1.0447451908054755;0.7975547617869462;-0.014894997748095086;0.7978990984868616
4.825717;1.0445992756548694;0.8332324115199928;0.7978290746748444;-2.664124128799763e-05;1.599274330161668e-06;1.0450070270714475;10.002206469499844;0.8334876487149299;1.0445565746151515;1.0447413399127892;0.7975546708342232;-0.014894997983872608;0.7978987892304186
4.835717;1.044596119550137;0.8332292391162421;0.7978294919781538;-2.6341164766608754e-05;1.0792765673634887e-06;1.045011053717079;10.002208581168812;0.8334882525972815;1.0445571800627753;1.044737620996529;0.7975547310127077;-0.014894998268743211;0.7978985416656346
4.845717;1.0445928214934395;0.8332260291854866;0.7978299505210545;-2.604376736093081e-05;5.727679103252313e-07;1.0450150563212735;10.002209556577322;0.8334887783837169;1.0445578903921682;1.044734031635415;0.7975549425715327;-0.01489499860182995;0.7978983557224341
4.855717;1.0445893820892624;0.8332227939298931;0.797830439931939;-2.574841433163287e-05;7.911451743259566e-08;1.0450190300730378;10.002209357419986;0.8334892282169165;1.0445587056674508;1.0447305673640341;0.7975553023312913;-0.014894998981937475;0.7978982315184556
4.865717;1.0445858041155696;0.8332195443757047;0.7978309495014447;-2.545443993139368e-05;-4.0264519662715147e-07;1.0450229735684429;10.002207963933687;0.8334896044354784;1.0445596256180203;1.0447272229346345;0.7975558059646679;-0.014894999407823784;0.797898167851832
4.875717;1.0445820933153336;0.8332162895461289;0.7978314687802536;-2.5161164390965113e-05;-8.735298457567392e-07;1.045026886330606;10.002205370232794;0.8334899103280933;1.0445606511904846;1.0447239942404294;0.7975564492879729;-0.01489499987816889;0.7978981619610153
4.885717;1.0445782573564049;0.8332130377656745;0.7978319881352243;-2.486787450735995e-05;-1.3343982598484748e-06;1.0450307667424952;10.002201594956889;0.8334901514613619;1.0445617852201614;1.0447208791383844;0.7975572271039294;-0.014895000391445251;0.797898210669716
4.895717;1.0445743047787028;0.8332097987144106;0.7978324993866861;-2.4573756434800313e-05;-1.7858880912995763e-06;1.0450346114291256;10.002196691691102;0.8334903361488654;1.0445630316490484;1.0447178776467652;0.7975581323434812;-0.014895000946070349;0.7978983116989888
4.905717;1.0445702446162295;0.8332065837200157;0.7978329966355678;-2.42779118860929e-05;-2.2284365453242608e-06;1.0450384149642309;10.00219074223035;0.833490474320532;1.0445643942729426;1.0447149926389185;0.7975591575292073;-0.014895001540394014;0.7978984634412242
4.915717;1.0445660859240011;0.8332034047718476;0.7978334757862413;-2.3979460861228684e-05;-2.66232352886301e-06;1.0450421702787036;10.00218383992662;0.8334905758338679;1.0445658754221478;1.0447122303531757;0.7975602960079062;-0.014895002172203171;0.7978986635588317
4.925717;1.0445618376421035;0.83320027343404;0.7978339327833639;-2.3677652352725994e-05;-3.087687198296751e-06;1.0450458700379728;10.002176083845384;0.8334906494624172;1.0445674749185847;1.0447095995153504;0.7975615414826103;-0.014895002838396686;0.7978989082455707
4.935717;1.0445575088216699;0.8331972000539283;0.7978343629917751;-2.3372052341037347e-05;-3.50454601765772e-06;1.04504950759277;10.002167582060657;0.8334907029703691;1.0445691906171144;1.044707109729111;0.7975628875633983;-0.01489500353507633;0.7978991926141837
4.945717;1.0445531083026065;0.8331941939436688;0.7978347619698104;-2.306276220995422e-05;-3.9128652440638095e-06;1.0450530764032075;10.002158445512979;0.8334907439569407;1.0445710194840425;1.0447047707682386;0.7975643286959894;-0.014895004257842636;0.7978995115374665
4.955717;1.0445486448035168;0.8331912643290732;0.7978351257933824;-2.2750376402671134e-05;-4.312537673223426e-06;1.0450565683701705;10.002148780694501;0.8334907800988821;1.044572956905889;1.04470259243831;0.7975658617664158;-0.014895005002202269;0.7978998606564764
4.965717;1.0445441291224666;0.8331884212895657;0.7978354509121501;-2.2435661845789414e-05;-4.7032813834279205e-06;1.0450599729313552;10.002138693958948;0.8334908179393136;1.0445749964603823;1.0447005834661383;0.7975674862677633;-0.014895005763875637;0.7979002371390074
4.975717;1.0445395764432905;0.8331856765654212;0.7978357342380413;-2.211930475505995e-05;-5.0845690371320616e-06;1.045063278040731;10.00212829462097;0.8334908616758108;1.0445771320588584;1.0446987496098326;0.7975692028721673;-0.014895006538801596;0.7979006390331397
4.985717;1.0445350051077666;0.8331830441040616;0.7978359733839738;-2.180179182480997e-05;-5.455616012564309e-06;1.0450664723065768;10.002117691508234;0.8334909137504943;1.0445793589123724;1.044697092779495;0.7975710123532936;-0.014895007322889614;0.7979010633756314
4.995717;1.0445304326001117;0.8331805397637622;0.7978361671754248;-2.148332103309612e-05;-5.815486333755598e-06;1.0450695465329942;10.00210699548556;0.8334909760346721;1.0445816719365473;1.0446956122288185;0.7975729153032624;-0.01489500811198479;0.7979015053354537
5.005717;1.0445258732160507;0.8331781798648575;0.7978363158831321;-2.1163949471462594e-05;-6.163277751346937e-06;1.045072493408801;10.00209632048874;0.8334910495150297;1.0445840649215963;1.0446943067884698;0.797574912039652;-0.014895008902281483;0.7979019590172379
5.015717;1.0445213394911248;0.8331759791711241;0.7978364205984968;-2.0843899121675777e-05;-6.4982820902961305e-06;1.0450753071361067;10.002085770240075;0.8334911335213253;1.044586531706036;1.0446931764702239;0.7975770024706406;-0.014895009690593694;0.7979024184193492
5.025717;1.0445168442933206;0.8331739493559926;0.79783648249884;-2.0523609615023358e-05;-6.820088969485217e-06;1.0450779844933513;10.002075433399616;0.8334912262070717;1.0445890673165252;1.044692222508009;0.7975791855499811;-0.014895010474009986;0.7979028782814616
5.035717;1.0445123992500198;0.8331720989199783;0.7978365022952559;-2.0203584814636306e-05;-7.12853441155575e-06;1.0450805249298385;10.002065398529565;0.8334913254871575;1.044591667697935;1.0446914453111371;0.7975814587621464;-0.014895011249333104;0.7979033351350299
5.045717;1.0445080100743038;0.8331704348142461;0.797836479512963;-1.9884242051654485e-05;-7.423487712851009e-06;1.0450829285202994;10.002055758633835;0.8334914288889484;1.0445943283530752;1.0446908419071432;0.7975838184373589;-0.014895012012949734;0.7979037883006126
5.055717;1.0445036739495106;0.8331689642822392;0.7978364120152482;-1.956579801791099e-05;-7.704631516551627e-06;1.0450851940486168;10.002046591650819;0.8334915330696364;1.0445970425141649;1.0446904056185162;0.7975862602583115;-0.014895012761176113;0.7979042404475736
5.065717;1.044499381189222;0.8331676953107208;0.7978362964696694;-1.9248290085457502e-05;-7.97132943824218e-06;1.0450873186152654;10.002037945290217;0.8334916347024615;1.0445998000689893;1.0446901276245706;0.7975887790462486;-0.014895013490630936;0.7979046967476296
5.075717;1.0444951184503346;0.8331666360416348;0.7978361295939771;-1.8931757422570385e-05;-8.222680363080204e-06;1.0450892980944864;10.002029849040127;0.8334917315875231;1.0446025888381578;1.0446899982716973;0.7975913683576032;-0.014895014198327502;0.7979051632396802
5.085717;1.0444908712814671;0.8331657935029245;0.7978359092404615;-1.8616399788439925e-05;-8.457799735049352e-06;1.0450911275085575;10.002022331607675;0.8334918223854197;1.0446053969929308;1.0446900075580507;0.7975940207792267;-0.01489501488167248;0.7979056465345634
5.095717;1.044486625265252;0.8331651717862867;0.7978356346727835;-1.830257020876205e-05;-8.67611678413968e-06;1.0450928014960925;10.00201541934852;0.8334919062600636;1.0446082137147348;1.0446901453257547;0.7975967286193281;-0.014895015538584544;0.7979061541170116
5.105717;1.0444823651882797;0.83316477117695;0.7978353057698394;-1.7990703913139293e-05;-8.877432790477084e-06;1.0450943158832948;10.002009129014155;0.8334919834700665;1.044611028176344;1.0446904015057716;0.7975994845103692;-0.014895016167470965;0.7979066939036289
5.115717;1.0444780740297546;0.8331645888795013;0.7978349216522103;-1.768131294989036e-05;-9.061698690958138e-06;1.0450956696107214;10.002003468707263;0.8334920555967117;1.0446138290978983;1.0446907661301819;0.7976022824295471;-0.014895016766873185;0.7979072744608879
5.125717;1.044473733599484;0.8331646202761185;0.797834480481356;-1.737499142715943e-05;-9.228742718847875e-06;1.0450968645086045;10.001998439272946;0.83349212462922;1.0446166059224706;1.0446912292175896;0.7976051186987252;-0.014895017335057128;0.7979079062743424
5.135717;1.044469325635298;0.8331648599230376;0.7978339806933659;-1.7072385281571433e-05;-9.378215167536194e-06;1.0450979026775626;10.001994030410117;0.8334921919279586;1.0446193510528134;1.0446917812184568;0.797607990893184;-0.014895017869986614;0.797908601914719
5.145717;1.0444648325985206;0.8331653016978315;0.7978334215359912;-1.6774134916097692e-05;-9.509695733725715e-06;1.0450987839884072;10.00199021947327;0.8334922578645991;1.0446220616523931;1.0446924135605709;0.7976108951139524;-0.014895018369852247;0.797909374103842
5.155717;1.0444602386163984;0.8331659384756525;0.7978328027621976;-1.648076140704845e-05;-9.622755060040317e-06;1.0450995054436871;10.001986979617248;0.833492321894182;1.044624739371017;1.0446931185955783;0.7976138248744188;-0.01489501883355905;0.7979102333867558
5.165717;1.0444555305700587;0.8331667629909517;0.7978321249142231;-1.619249622931722e-05;-9.71697459141344e-06;1.045100062027419;10.001984290649409;0.8334923826337829;1.0446273888933475;1.0446938892328912;0.7976167720289293;-0.01489501926061304;0.7979111868044181
5.175717;1.0444506992796045;0.8331677694233381;0.7978313892512175;-1.590914883677079e-05;-9.792048835390158e-06;1.0451004476393908;10.00198214615263;0.8334924381229193;1.0446300176403405;1.0446947186472428;0.7976197276579731;-0.014895019650837655;0.7979122377331648
5.185717;1.0444457402047902;0.833168953719669;0.797830597031947;-1.5630150441205186e-05;-9.847978693107424e-06;1.0451006559940568;10.001980557451022;0.8334924866126886;1.0446326360147293;1.0446956000725693;0.7976226825101619;-0.014895020004380038;0.7979133869759256
5.195717;1.0444406523852678;0.8331703124484763;0.7978297496974813;-1.535469176569771e-05;-9.885211420674624e-06;1.045100682522118;10.001979549503416;0.8334925276587378;1.0446352560741952;1.044696526033549;0.7976256274209381;-0.014895020321697231;0.7979146341373213
5.205717;1.0444354360244281;0.8331718413347908;0.7978288496825247;-1.5081767730333283e-05;-9.904542077450299e-06;1.0451005261401751;10.001979145590042;0.833492562961187;1.044637889146865;1.0446974873083956;0.7976285534877718;-0.014895020603191382;0.7979159781178723
5.215717;1.0444300912684472;0.8331735349519573;0.7978279010632567;-1.4810158568449243e-05;-9.906826031371416e-06;1.0451001886967566;10.001979355240143;0.8334925961694819;1.0446405453931575;1.0446984731875184;0.7976314518338838;-0.014895020848849397;0.797917416648372
5.225717;1.0444246189660689;0.8331753881361045;0.7978269098403431;-1.453841491556242e-05;-9.892814155522494e-06;1.0450996731783528;10.001980179217194;0.8334926314862846;1.0446432349394097;1.044699472415611;0.7976343133884493;-0.014895021058427514;0.7979189452652057
5.235717;1.0444190216572407;0.8331773975181264;0.797825883428021;-1.4264965126365233e-05;-9.863202594882297e-06;1.045098983443056;10.001981622001226;0.8334926721378849;1.0446459668847794;1.044700473580404;0.7976371294266409;-0.014895021231979413;0.7979205567259615
5.245717;1.0444133033718401;0.8331795613215293;0.7978248295488561;-1.3988427641544232e-05;-9.818690962060883e-06;1.0450981247398055;10.00198369238477;0.8334927194294659;1.04464874680124;1.0447014663066068;0.7976398924073346;-0.014895021369911587;0.7979222417639771
5.255717;1.044407467950773;0.8331818781796543;0.7978237550184977;-1.3707871142095044e-05;-9.759991029394249e-06;1.0450971030571534;10.001986393574487;0.8334927722005979;1.0446515762280568;1.0447024431081187;0.7976425959614155;-0.01489502147253026;0.7979239904088115
5.265717;1.0444015169231107;0.833184346238869;0.7978226646536329;-1.3422810331198084e-05;-9.687853929975281e-06;1.0450959246129667;10.001989718227959;0.8334928268947395;1.0446544548078336;1.0447033995656387;0.7976452343165223;-0.014895021539925616;0.7979257924225499
5.275717;1.0443954489994147;0.8331869623933431;0.7978215605479076;-1.3133032241043746e-05;-9.603095030575202e-06;1.0450945961479172;10.001993652951851;0.8334928785971297;1.0446573822854521;1.0447043333142512;0.7976478021736165;-0.014895021572109687;0.7979276372335928
5.285717;1.0443892615070298;0.8331897224031044;0.7978204425642983;-1.28384308860154e-05;-9.506604952289451e-06;1.0450931250408948;10.001998189583281;0.8334929223345466;1.0446603578561537;1.0447052437419027;0.797650295147566;-0.01489502156882022;0.7979295145613464
5.295717;1.0443829516478094;0.8331926219244777;0.7978193102893918;-1.253897446239608e-05;-9.399402053928791e-06;1.0450915200288409;10.002003332491537;0.8334929538342609;1.0446633783471762;1.044706131969359;0.7976527103269893;-0.01489502152946102;0.7979314148777217
5.305717;1.0443765164392937;0.8331956564350584;0.7978181644094683;-1.2234754638804491e-05;-9.282665427057072e-06;1.0450897920622086;10.002009096209148;0.8334929700589955;1.044666437615849;1.0447069999626966;0.7976550463985025;-0.014895021453453502;0.7979333288591796
5.315717;1.0443699524394032;0.8331988204121589;0.7978170062860196;-1.1925962262119765e-05;-9.157590300326275e-06;1.045087953387057;10.002015504900085;0.8334929697855925;1.044669526946246;1.044707849812686;0.7976573028247192;-0.014895021340470228;0.797935247061047
5.325717;1.044363256268063;0.8332021082182117;0.7978158373303347;-1.1612793771835775e-05;-9.025215109273732e-06;1.0450860159007145;10.002022595429182;0.8334929536928533;1.0446726359213885;1.0447086848225038;0.7976594790384728;-0.014895021190291126;0.7979371605283786
5.335717;1.0443564253955508;0.8332055158404278;0.7978146588985151;-1.129549223951522e-05;-8.886494514304766e-06;1.0450839903927003;10.002030413029958;0.8334929238258413;1.0446757541825957;1.044709510830956;0.7976615752753661;-0.014895021002550878;0.797939061822901
5.345717;1.0443494583410304;0.8332090403570643;0.7978134718827034;-1.0974507310103008e-05;-8.742489937527784e-06;1.0450818857700848;10.002038991913052;0.8334928826727929;1.0446788726997716;1.0447103354052225;0.7976635943916689;-0.014895020776675092;0.7979409459017696
5.355717;1.0443423542479797;0.8332126775102024;0.7978122762371035;-1.0650481691182346e-05;-8.594406632930765e-06;1.0450797084812466;10.002048328280877;0.8334928321396219;1.0446819830566008;1.0447111663212185;0.797665542910079;-0.014895020511727884;0.7979428103835852
5.365717;1.04433511209455;0.8332164205749683;0.7978110703508681;-1.0324095873070663e-05;-8.443440162916527e-06;1.045077463907095;10.002058372646358;0.8334927731020542;1.0446850764870868;1.0447120113712423;0.7976674307030394;-0.014895020206106911;0.7979446549018183
5.375717;1.0443277306102692;0.8332202610869944;0.7978098504313353;-9.995978520617322e-06;-8.290570195358777e-06;1.0450751586130231;10.002069052149794;0.8334927050830392;1.0446881439490188;1.0447128790842288;0.7976692694730876;-0.014895019857728073;0.7979464800559327
5.385717;1.0443202095983104;0.8332241896868912;0.7978086118445951;-9.666640856710203e-06;-8.136501873681087e-06;1.0450728009438612;10.002080295442832;0.8334926256237122;1.0446911761216535;1.0447137790211223;0.7976710708837765;-0.014895019464680729;0.7979482869835244
5.395717;1.044312551342032;0.8332281967248224;0.7978073517034773;-9.336423058697984e-06;-7.981806348057354e-06;1.0450703996211053;10.002092039191375;0.8334925309318607;1.0446941629668585;1.0447147205073033;0.79767284491688;-0.01489501902556813;0.7979500772471428
5.405717;1.044304761441637;0.833232272697048;0.7978060698328909;-9.005495638805979e-06;-7.827078247741455e-06;1.0450679615956178;10.002104227737567;0.8334924177976503;1.044697093943231;1.0447157110752703;0.7976745985180141;-0.014895018539256002;0.7979518523219347
5.415717;1.0442968491409432;0.8332364082084907;0.7978047683918038;-8.673879614532487e-06;-7.672931029002754e-06;1.0450654909676742;10.002116812655863;0.8334922844342262;1.0446999585933319;1.0447167563489728;0.7976763356275218;-0.014895018004593103;0.7979536131742133
5.425717;1.044288826100273;0.8332405941410086;0.797803451588795;-8.341475537225417e-06;-7.519884108948041e-06;1.0450629897250734;10.002129750295154;0.8334921296392701;1.0447027455549942;1.044717859881901;0.7976780587433511;-0.01489501742071548;0.7979553600401891
5.435717;1.0442807038238808;0.8332448215877626;0.7978021252604404;-8.008054005948632e-06;-7.368349211940665e-06;1.0450604588570926;10.002143005847259;0.8334919514135815;1.044705441347838;1.0447190221664688;0.7976797703306666;-0.014895016787739735;0.7979570921536594
5.445717;1.044272492121266;0.8332490806202903;0.7978007962614191;-7.673148971382314e-06;-7.218724332286333e-06;1.045057898629306;10.002156557653597;0.8334917461404454;1.04470803208178;1.0447202404402123;0.7976814733154928;-0.014895016107211239;0.7979588077916211
5.455717;1.0442641997632531;0.8332533602798553;0.7977994719238709;-7.335940650403818e-06;-7.071444105288818e-06;1.0450553086115035;10.002170388349441;0.83349150877002;1.0447105064071867;1.0447215097695974;0.7976831710120347;-0.014895015382182313;0.7979605044672431
5.465717;1.0442558355596478;0.8332576512926123;0.7977981594545074;-6.9952629466734e-06;-6.926965076412643e-06;1.04505268819501;10.002184472028945;0.8334912335276762;1.0447128562503307;1.044722824778577;0.7976848668241289;-0.014895014616853459;0.7979621793288024
5.475717;1.0442474087568403;0.8332619477452851;0.7977968651866976;-6.6497279006552884e-06;-6.785681696610972e-06;1.04505003755517;10.002198767107283;0.8334909151921623;1.0447150753789767;1.044724181157841;0.7976865636111866;-0.014895013815737929;0.7979638306053932
5.485717;1.0442389300252626;0.8332662451241215;0.7977955934335227;-6.29784180327389e-06;-6.647758295815628e-06;1.0450473580615809;10.00221320967979;0.8334905507790855;1.044717158244877;1.0447255755509255;0.7976882626753613;-0.01489501298302446;0.7979654591403664
5.495717;1.044230412573463;0.8332705378419756;0.7977943455500911;-5.938135177212651e-06;-6.512979554370061e-06;1.045044651324615;10.002227709839058;0.8334901399689255;1.0447191008114411;1.0447270039115628;0.7976899634775164;-0.014895012122660678;0.7979670675777553
5.505717;1.044221871033898;0.8332748193906676;0.7977931205761297;-5.569449910038795e-06;-6.380746215978001e-06;1.0450419188150928;10.002242164818048;0.8334896839757152;1.044720902227739;1.0447284604880775;0.7976916648704186;-0.014895011238750689;0.7979686575910361
5.515717;1.0442133192350722;0.8332790839341278;0.7977919168269176;-5.191240350371948e-06;-6.250233041163851e-06;1.0450391631416962;10.002256480333845;0.8334891844967744;1.0447225650246936;1.044729938296064;0.7976933667145661;-0.01489501033585091;0.797970228233478
5.525717;1.0442047701882702;0.8332833268890654;0.7977907326182639;-4.8036168983168345e-06;-6.12060560236983e-06;1.045036387639382;10.002270576231304;0.8334886435095938;1.0447240935560391;1.0447314301554367;0.7976950703482164;-0.014895009419007508;0.7979717762454208
5.535717;1.0441962379791887;0.8332875444006734;0.7977895663339856;-4.407201648726298e-06;-5.991211986480957e-06;1.0450335942019875;10.002284382880218;0.8334880632776558;1.0447254921702878;1.0447329300343862;0.797696778320283;-0.014895008493397238;0.7979732971751506
5.545717;1.0441877393922165;0.8332917328434013;0.7977884172567326;-4.002958404936513e-06;-5.861683333071436e-06;1.0450307841076578;10.00229784431008;0.8334874459505625;1.0447267640851805;1.0447344346018808;0.7976984946991534;-0.014895007563739727;0.7979747869851357
5.555717;1.0441792942307877;0.8332958882915382;0.7977872870493506;-3.5919122448838215e-06;-5.731879950993337e-06;1.0450279611497497;10.00231092037168;0.8334867936031416;1.0447279115296146;1.0447359441210928;0.7977002256042479;-0.01489500663384008;0.7979762431230015
5.565717;1.0441709239981427;0.8333000055567453;0.797786180293153;-3.17486211012526e-06;-5.601781566615858e-06;1.0450251326161133;10.002323585999784;0.8334861092889116;1.0447289371733273;1.044737461938547;0.7977019788762861;-0.014895005706486312;0.7979776638988706
5.575717;1.044162649632488;0.8333040774111194;0.7977851031669965;-2.7524042679508136e-06;-5.4714385496740415e-06;1.045022308053993;10.002335838287951;0.8334853974410468;1.0447298455143563;1.0447389928977513;0.7977037630006594;-0.014895004783766694;0.7979790475322703
5.585717;1.044154488877887;0.8333080950811105;0.7977840611644753;-2.3251017843596393e-06;-5.340953080378992e-06;1.045019497608106;10.002347702695307;0.8334846633625838;1.0447306434429429;1.0447405428901806;0.7977055865176358;-0.014895003867615256;0.7979803924876459
5.595717;1.044146454717057;0.8333120494292414;0.7977830578686387;-1.893454431772205e-06;-5.210455541848729e-06;1.04501671063727;10.002359223656805;0.8334839130841971;1.0447313404291374;1.0447421204748424;0.7977074582478844;-0.014895002960106575;0.797981698477762
5.605717;1.0441385565934307;0.8333159308769948;0.7977820956940127;-1.4577775128142579e-06;-5.080127946747388e-06;1.0450139556306646;10.002370449198414;0.8334831528275589;1.0447319484544015;1.0447437371262096;0.7977093870479959;-0.014895002063138867;0.7979829668421304
5.615717;1.0441308026887597;0.8333197287251559;0.7977811768092685;-1.0181364399147018e-06;-4.950288099053989e-06;1.0450112411528132;10.002381425837077;0.8334823882600517;1.0447324810798855;1.044745404787133;0.7977113810682868;-0.01489500117786486;0.7979841999905396
5.625717;1.0441232012313069;0.83332343209731;0.7977803025367305;-5.74286687937423e-07;-4.821435148485304e-06;1.0450085760775698;10.00239220435393;0.8334816251255691;1.0447329519491213;1.0447471341476677;0.7977134474969426;-0.01489500030467925;0.7979854004035914
5.635717;1.044115761474399;0.833327031958593;0.797779472525666;-1.2572706202751294e-07;-4.6942517512363765e-06;1.045005968654844;10.002402847487794;0.8334808701058837;1.0447333743586127;1.044748934649207;0.7977155923195495;-0.014894999443890182;0.7979865696798257
5.645717;1.0441084941799295;0.8333305223847406;0.797778685444819;3.2806906716570845e-07;-4.569625614294257e-06;1.0450034252114855;10.002413428398695;0.8334801304294256;1.0447337614844538;1.0447508145300946;0.7977178197537063;-0.014894998596265701;0.7979877083323567
5.655717;1.0441014104891657;0.8333339006263814;0.797777940260211;7.874614080967755e-07;-4.448542777037925e-06;1.0450009501256874;10.002424019069464;0.8334794132943908;1.0447341256802647;1.0447527806278192;0.7977201319191689;-0.014894997763031345;0.7979888166784296
5.665717;1.044094520274659;0.8333371664242348;0.7977772361012042;1.2525879388513771e-06;-4.331786503421075e-06;1.0449985476198544;10.002434685369176;0.8334787263911515;1.0447344783018648;1.0447548387777563;0.7977225287534003;-0.014894996945774258;0.7979898959828617
5.675717;1.0440878319768154;0.8333403209324928;0.797776571352193;1.7232635675854994e-06;-4.21975346437714e-06;1.0449962225371439;10.002445493078664;0.8334780792951346;1.0447348309349391;1.0447569944198078;0.7977250080208163;-0.014894996146550604;0.797990949313141
5.685717;1.0440813535538433;0.8333433655294792;0.7977759439775662;2.1987540615846473e-06;-4.112526176280232e-06;1.0449939781909323;10.00245650785507;0.8334774843318659;1.0447351953892616;1.044759251686354;0.7977275656983162;-0.01489499536802955;0.7979919821290898
5.695717;1.0440750930096432;0.83334630135219;0.7977753522854976;2.677674197687547e-06;-4.009974013822182e-06;1.0449918134685525;10.002467784614831;0.8334769560896429;1.0447355817392527;1.0447616114948601;0.7977301969819007;-0.01489499461338771;0.797993001972662
5.705717;1.0440690583089967;0.8333491293516934;0.7977747944573905;3.1581749737369676e-06;-3.911788928647154e-06;1.0449897220257023;10.002479352856735;0.8334765101604634;1.0447359974490935;1.044764071000762;0.7977328973705715;-0.014894993885837246;0.797994017065834
5.715717;1.0440632571288118;0.8333518501644769;0.7977742680403512;3.638283305184752e-06;-3.81750213027285e-06;1.0449876945931653;10.002491203426334;0.8334761616702361;1.0447364489954736;1.0447666246112657;0.7977356629496596;-0.014894993188055197;0.7979950349674179
5.725717;1.0440576970637285;0.8333544641969965;0.797773771101332;4.116217330811682e-06;-3.7264882046081796e-06;1.0449857231889679;10.002503294015249;0.8334759241323038;1.044736943812052;1.0447692652015659;0.797738490107942;-0.01489499252195255;0.797996061996829
5.735717;1.0440523859835251;0.8333569714626734;0.797773303462489;4.5905143966087605e-06;-3.6380086207772307e-06;1.0449838037423078;10.002515579283086;0.8334758092823613;1.0447374905466154;1.0447719852086552;0.7977413752112725;-0.014894991888907506;0.7979971029083325
5.745717;1.0440473311076035;0.8333593708703939;0.7977728659339852;5.0599359869373516e-06;-3.5513297327029082e-06;1.0449819353164123;10.00252803173999;0.8334758270820385;1.04473809792061;1.0447747775554905;0.7977443140423949;-0.01489499128997734;0.7979981605083812
5.755717;1.044042537992553;0.8333616599931358;0.7977724590289584;5.523244037472362e-06;-3.465813036449323e-06;1.0449801182956888;10.002540625427397;0.8334759850889271;1.04473877349017;1.044777635855967;0.797747301445037;-0.014894990725659965;0.7979992358190429
5.765717;1.0440380110303376;0.8333638355893833;0.7977720828434227;5.978918632384165e-06;-3.3809065979304155e-06;1.0449783531097618;10.002553312024308;0.8334762884240545;1.0447395224990577;1.04478055458391;0.7977503319820667;-0.014894990195709949;0.7980003291393124
5.775717;1.044033754098266;0.8333658941778677;0.7977717370910693;6.425023717788888e-06;-3.2960290467626337e-06;1.044976639353217;10.002566025295483;0.8334767403174766;1.0447403467887257;1.0447835299914052;0.7977534011498907;-0.014894989699397712;0.7980014410106744
5.785717;1.0440297707428203;0.8333678320278336;0.7977714209274762;6.859355163899448e-06;-3.2103137416991945e-06;1.044974975748549;10.002578694123878;0.8334773419981214;1.044741245296224;1.0447865605415425;0.7977565059111766;-0.014894989235601718;0.7980025721618365
5.795717;1.0440260639326429;0.8333696446567125;0.7977711333977578;7.279667164221377e-06;-3.12249434142064e-06;1.0449733601296034;10.002591243366057;0.833478093478097;1.0447422162504785;1.0447896462687274;0.797759644003849;-0.014894988802551409;0.7980037230164373
5.805717;1.0440226351476332;0.8333713264629773;0.7977708740755978;7.683855057498761e-06;-3.0312469130672698e-06;1.0449717890114325;10.00260359997745;0.8334789958000044;1.0447432586012966;1.0447927885518689;0.7977628128170802;-0.014894988397878096;0.7980048931494019
5.815717;1.0440194839452055;0.8333728707203684;0.7977706432106119;8.070157623757383e-06;-2.9356032185514184e-06;1.0449702578878692;10.00261570413954;0.8334800518399395;1.044744372221833;1.0447959903027688;0.797766008716871;-0.014894988018998911;0.7980060808370931
5.825717;1.0440166084578362;0.8333742697134654;0.7977704415602261;8.437276959105556e-06;-2.8349502628189667e-06;1.0449687624219506;10.002627508590075;0.8334812651940015;1.044745559204446;1.04479925511522;0.7977692268687504;-0.01489498766329099;0.7980072833774956
5.835717;1.044014006132751;0.8333755154320827;0.7977702704032734;8.784293166449735e-06;-2.7287949034011504e-06;1.0449672993313703;10.00263897494033;0.8334826395134588;1.0447468254107466;1.0448025861118302;0.7977724616152005;-0.014894987327977456;0.7980084972065883
5.845717;1.0440116744532035;0.8333766012767655;0.7977701317606477;9.110561343216165e-06;-2.616633983664671e-06;1.0449658663359693;10.00265007469342;0.8334841783612176;1.0447481788926334;1.0448059854704652;0.79777570667345;-0.01489498700990256;0.798009717276922
5.855717;1.0440096112084798;0.833377523510327;0.7977700277784324;9.415797353263657e-06;-2.4979979565140578e-06;1.044964462210347;10.002660789312195;0.8334858845574381;1.0447496272278907;1.044809453870978;0.7977789546622706;-0.014894986705492618;0.7980109376551399
5.865717;1.044007813592968;0.8333782812213236;0.7977699594354647;9.7001644254189e-06;-2.3725560805197e-06;1.0449630870369049;10.002671117533055;0.8334877603262452;1.0447511772791103;1.0448129899391931;0.7977821976040796;-0.014894986411307199;0.7980121531322856
5.875717;1.0440062773278982;0.8333788754540553;0.797769926304482;9.96409693563183e-06;-2.2401354830032734e-06;1.0449617414857835;10.00268108873691;0.833489808755613;1.0447528353120972;1.044816590433316;0.7977854285540412;-0.014894986124967704;0.7980133592429796
5.885717;1.0440049981324857;0.8333793080431372;0.7977699273555567;1.0207979684023586e-05;-2.100633127713987e-06;1.044960425800391;10.002690753267359;0.8334920340945674;1.0447546055047758;1.044820251117425;0.7977886421277808;-0.014894985845604473;0.7980145507282231
5.895717;1.0440039740605913;0.8333795801763664;0.7977699614240815;1.043201948731882e-05;-1.9539388748827555e-06;1.0449591400126594;10.002700147797071;0.8334944399117439;1.04475648823568;1.0448239676804367;0.7977918335271467;-0.014894985573329375;0.7980157205302956
5.905717;1.0440032056851156;0.8333796916815277;0.797770027066623;1.063633824421995e-05;-1.8000010034030285e-06;1.0449578844656908;10.002709279725945;0.8334970273449431;1.0447584798687515;1.044827735861087;0.797794997411068;-0.01489498530841269;0.7980168595808252
5.915717;1.044002694643106;0.8333796414322528;0.7977701221952326;1.082099469458244e-05;-1.6389467298201014e-06;1.0449566591358095;10.002718149090994;0.8334997947861859;1.0447605737081567;1.0448315510769095;0.7977981271692391;-0.01489498505095846;0.7980179569016885
5.925717;1.04400244194806;0.8333794281644038;0.7977702435403424;1.0985986490625452e-05;-1.4710394286063696e-06;1.0449554628135964;10.00272677114164;0.8335027379567426;1.0447627609104408;1.0448354085614076;0.7978012151097241;-0.014894984800865575;0.7980190006073825
5.935717;1.0440024464577207;0.8333790514946561;0.7977703863362032;1.1131478256360815e-05;-1.2965205719348393e-06;1.0449542930781808;10.002735170503136;0.8335058498147804;1.0447650321523418;1.0448393036358612;0.7978042543603652;-0.014894984557891622;0.7980199793342804
5.945717;1.0440027038788737;0.8333785125722655;0.7977705449264699;1.1257986007488039e-05;-1.11548499527163e-06;1.0449531468599442;10.002743361121412;0.8335091210218935;1.0447673791000036;1.0448432316990865;0.7978072412384377;-0.01489498432190681;0.7980208827246562
5.955717;1.0440032063856017;0.8333778142267784;0.7977707140649338;1.1366227480979531e-05;-9.27755162693979e-07;1.0449520213527415;10.002751333111807;0.8335125415794234;1.0447697935605342;1.0448471884740573;0.7978101755785199;-0.014894984093073018;0.7980217011795774
5.965717;1.044003942929553;0.8333769616280441;0.7977708899040591;1.145687537140685e-05;-7.328262606763196e-07;1.0449509137083022;10.002759050878174;0.8335161027551692;1.044772266471175;1.0448511703432317;0.7978130589660413;-0.014894983871839608;0.7980224258405687
5.975717;1.0440049008064947;0.8333759623545902;0.7977710697070527;1.1530472816661364e-05;-5.299988468592675e-07;1.0449498195538052;10.002766458805652;0.8335197974779889;1.0447747887608858;1.0448551742238468;0.7978158928620431;-0.014894983658938073;0.7980230487225364
5.985717;1.0440060680998287;0.8333748245677288;0.7977712504652514;1.158753673610575e-05;-3.1855353591836743e-07;1.0449487328522877;10.002773490337638;0.833523619397651;1.044777352865925;1.0448591969243932;0.7978186776507008;-0.014894983455394913;0.7980235626534327
5.995717;1.0440074347268893;0.8333735555578368;0.7977714279922213;1.1628804767399997e-05;-9.786987425217583e-08;1.0449476470765091;10.002780081961738;0.833527561851314;1.044779953445006;1.0448632349205387;0.7978214128558528;-0.01489498326232708;0.7980239609733343
6.005717;1.0440089911332264;0.8333721618792516;0.7977715971069118;1.1655351736215623e-05;1.325265268375901e-07;1.0449465562603126;10.002786189272044;0.8335316169817316;1.0447825870633085;1.0448672858243329;0.797824098287039;-0.014894983080340466;0.7980242368971837
6.015717;1.0440107266342689;0.8333706494685074;0.7977717520749114;1.1668360529895721e-05;3.7308282157593954e-07;1.0449454561698808;10.002791788482167;0.8335357754475397;1.0447852518718723;1.0448713503336151;0.797826734751072;-0.014894982908995047;0.7980243831013271
6.025717;1.0440126290935885;0.8333690239280571;0.7977718867626162;1.16689019934097e-05;6.243386456285495e-07;1.0449443451894405;10.002796862768674;0.8335400268322497;1.0447879473425539;1.0448754317720956;0.7978293232486527;-0.014894982746994702;0.7980243922008785
6.035717;1.0440146859872337;0.8333672916128355;0.7977719944126638;1.1657999836435238e-05;8.868542550098438e-07;1.0449432235792748;10.002801396181042;0.8335443598762987;1.044790673102829;1.0448795329903953;0.7978318634912274;-0.014894982592753887;0.7980242574099552
6.045717;1.0440168855561442;0.8333654602473608;0.7977720672961084;1.1636734242756152e-05;1.1611164987594143e-06;1.044942091569691;10.002805381179405;0.8335487622549503;1.044793427396089;1.0448836538595023;0.7978343538066813;-0.0148949824447302;0.7980239724056039
6.055717;1.0440192163913598;0.8333635384580964;0.797772096787487;1.1606275986229283e-05;1.4475111809947852e-06;1.0449409480065317;10.002808828391817;0.8335532203747018;1.0447962067794263;1.0448877912712928;0.7978367926658749;-0.0148949823017423;0.7980235314709183
6.065717;1.044021666800147;0.8333615346913327;0.7977720740896924;1.1567903718386303e-05;1.746289977760269e-06;1.044939789773458;10.002811770856114;0.8335577197776096;1.0447990077269382;1.0448919406546142;0.7978391799180463;-0.014894982163440672;0.798022931461631
6.075717;1.04402422639022;0.8333594560238967;0.7977719911396932;1.1522851309517073e-05;2.057606407874099e-06;1.0449386119110649;10.002814252422707;0.833562246529555;1.0448018284300986;1.0448960983471896;0.7978415164249062;-0.014894982030611252;0.798022173840414
6.085717;1.044026887948351;0.8333573077435606;0.7977718412451779;1.147204317099104e-05;2.381601308748111e-06;1.0449374095866082;10.002816308382359;0.8335667883922822;1.0448046684709802;1.0449002629605717;0.7978438025795838;-0.014894981904805562;0.7980212644294469
6.095717;1.0440296473407487;0.833355094216074;0.79777161967371;1.1416050279941696e-05;2.718422116362676e-06;1.0449361813701372;10.002817966414302;0.8335713343743916;1.0448075268210466;1.044904434050033;0.7978460376637887;-0.014894981787296289;0.7980202121544514
6.105717;1.0440325026657777;0.8333528203239947;0.797771323971159;1.1355227735021788e-05;3.0682137373204087e-06;1.0449349305507445;10.0028192646263;0.8335758739543727;1.0448104011539077;1.0449086107469647;0.7978482207439561;-0.014894981678333348;0.7980190281859187
6.115717;1.044035452827331;0.8333504920180176;0.7977709536250902;1.1289718914411698e-05;3.4310836644450422e-06;1.0449336633810784;10.002820261081961;0.8335803978419328;1.044813289211457;1.0449127923908166;0.7978503512329909;-0.014894981577146494;0.7980177247760291
6.125717;1.0440384959535065;0.8333481157030043;0.7977705095334793;1.1219355262722168e-05;3.8070551601470724e-06;1.0449323876913637;10.00282102415337;0.8335848992482462;1.0448161890454895;1.0449169796515325;0.7978524281602839;-0.014894981482141483;0.7980163140002032
6.135717;1.0440416290843755;0.8333456981386387;0.7977699935767301;1.1143667496553886e-05;4.196148291871138e-06;1.0449311131855308;10.00282161229286;0.8335893735221296;1.0448190974312528;1.0449211744657894;0.7978544496276884;-0.014894981391350199;0.7980148070514027
6.145717;1.0440448482055014;0.83334324691298;0.7977694081182577;1.1061987330184178e-05;4.598535500841877e-06;1.0449298503371742;10.002822069545573;0.8335938163682972;1.0448220095866878;1.0449253788915183;0.7978564134892093;-0.01489498130330293;0.7980132134938982
6.155717;1.0440481486740885;0.8333407696874482;0.797768755255887;1.0973544880367385e-05;5.0145761801364865e-06;1.0449286075855637;10.002822438747923;0.833598222781899;1.0448249201789388;1.044929594569817;0.7978583185818163;-0.0148949812176785;0.7980115405795514
6.165717;1.044051526550516;0.8333382734979462;0.7977680362453244;1.0877551946733858e-05;5.444697184724387e-06;1.044927390604279;10.002822764799264;0.833602587520579;1.0448278232507922;1.0449338228061693;0.7978601654494006;-0.014894981135390553;0.7980097938516111
6.175717;1.0440549795768062;0.8333357662181122;0.797767251576341;1.0773242810320176e-05;5.889256681432727e-06;1.0449262051839603;10.002823088569707;0.8336069056882466;1.0448307122793163;1.0449380641508703;0.7978619557887321;-0.014894981058356032;0.7980079788605372
6.185717;1.0440585075515647;0.833333257694463;0.7977664014568746;1.0659893688171576e-05;6.348507859231725e-06;1.0449250601015898;10.002823446473425;0.8336111726311776;1.0448335813381566;1.0449423182733082;0.7978636906236435;-0.014894980989243122;0.7980061025517747
6.195717;1.0440621120638693;0.8333307580798848;0.7977654868493811;1.0536951968802641e-05;6.822597160898228e-06;1.0449239671323005;10.002823870843928;0.8336153841307696;1.044836424880167;1.0449465838495635;0.7978653688511248;-0.014894980931137608;0.7980041734998738
6.205717;1.0440657956219865;0.8333282762992885;0.7977645105779861;1.0404210973459904e-05;7.3115489752671666e-06;1.0449229396868713;10.002824384573998;0.8336195370306175;1.0448392364076888;1.0449508575044157;0.7978669878715353;-0.01489498088701265;0.7980022005012425
6.215717;1.0440695617879907;0.8333258205675604;0.7977634767344605;1.0261683589804617e-05;7.815235155060743e-06;1.0449219912586754;10.002824990002637;0.8336236292181204;1.0448420087450903;1.0449551336387302;0.7978685450909949;-0.014894980859423052;0.7980001897473488
6.225717;1.0440734165282;0.8333233981363384;0.7977623888864731;1.0109208440659241e-05;8.333250368046295e-06;1.0449211339183608;10.002825656262056;0.8336276591341137;1.0448447357775392;1.0449594057361855;0.7978700383352408;-0.014894980850460787;0.7979981428015742
6.235717;1.0440773682624465;0.8333210141924711;0.7977612495891322;9.946332762279685e-06;8.864785861104308e-06;1.0449203778188616;10.00282631728561;0.8336316252571759;1.044847414169333;1.0449636669794196;0.7978714658910246;-0.014894980861537118;0.7979960576413864
6.245717;1.0440814257861517;0.8333186723308931;0.7977600608660652;9.772609379394002e-06;9.408673198670209e-06;1.044919731725776;10.002826882411979;0.8336355251897476;1.0448500438834625;1.0449679102221794;0.7978728269461287;-0.014894980893337796;0.7979939319241907
6.255717;1.0440855963981417;0.8333163756189671;0.7977588243521193;9.587784153459252e-06;9.963522087113151e-06;1.04491920347299;10.002827249688828;0.8336393545692655;1.0448526269684204;1.0449721286897227;0.7978741218454545;-0.01489498094607209;0.7979917658477359
6.265717;1.0440898850602554;0.8333141270549524;0.7977575422445271;9.391551151979284e-06;1.0527824171594062e-05;1.0449188003724101;10.002827320889379;0.8336431065017548;1.044855166099134;1.044976317052442;0.7978753519769356;-0.01489498101938356;0.7979895629905651
6.275717;1.0440942937315651;0.8333119300548594;0.7977562186736462;9.183241052553218e-06;1.1100087834413181e-05;1.044918530514824;10.002827008382118;0.833646772355169;1.0448576641338032;1.0449804723490417;0.7978765193411513;-0.014894981112175533;0.7979873291406762
6.285717;1.044098821508213;0.8333097883175993;0.7977548594762054;8.961841096867953e-06;1.1679029102514155e-05;1.0449184042501576;10.002826226091926;0.8336503433863462;1.0448601238872461;1.044984594021029;0.797877626074618;-0.014894981222902903;0.7979850708939584
6.295717;1.0441034654817645;0.8333077042293618;0.7977534707625848;8.726222985349302e-06;1.2263642294477822e-05;1.044918433357926;10.002824885986525;0.8336538111518429;1.0448625474569309;1.0449886822930758;0.7978786743197853;-0.01489498135007123;0.7979827952351088
6.305717;1.0441082214571702;0.8333056775850114;0.7977520575985029;8.47533757230677e-06;1.2853108090990318e-05;1.044918627523153;10.002822906417842;0.8336571671339358;1.044864935219781;1.0449927362428837;0.7978796665105581;-0.014894981492679408;0.797980509273159
6.315717;1.0441130853581608;0.8333037063443568;0.7977506237399541;8.208349361564434e-06;1.3446713815864884e-05;1.0449189923837743;10.002820216140659;0.833660403858712;1.0448672853244938;1.0449967531724609;0.797880605930284;-0.01489498165041987;0.7979782201444358
6.325717;1.0441180548737659;0.8333017882408562;0.7977491727185947;7.924749172296984e-06;1.404382093411688e-05;1.0449195311842694;10.002816755697973;0.8336635167674303;1.0448695948402178;1.0450007287166838;0.797881497007594;-0.014894981823339837;0.79797593561771
6.335717;1.0441231294006745;0.8332999219316601;0.7977477086064103;7.624424198517299e-06;1.4643828141875078e-05;1.044920245984481;10.002812483868302;0.8336665042515327;1.044871861574201;1.045004656924011;0.7978823450946789;-0.014894982011276396;0.7979736644013391
6.345717;1.0441283084002095;0.8332981073026487;0.7977462349846299;7.307590818347216e-06;1.5246206532524074e-05;1.0449211368807934;10.002807388375295;0.8336693658701836;1.0448740844615527;1.0450085308048724;0.7978831560461839;-0.014894982213599892;0.7979714155119202
6.355717;1.0441335892288448;0.8332963450056992;0.7977447534680437;6.974551641546317e-06;1.5850568120115414e-05;1.0449222019410322;10.002801494909505;0.8336721011561907;1.04487626245147;1.045012343465447;0.7978839359248251;-0.014894982429214342;0.797969197288627
6.365717;1.0441389652294166;0.8332946361387479;0.7977432637154822;6.625494823682578e-06;1.645660787475068e-05;1.044923438419367;10.0027948573081;0.8336747098612108;1.0448783931473837;1.0450160890522715;0.7978846910863345;-0.014894982656775474;0.7979670162780439
6.375717;1.0441444257165087;0.833292982283748;0.7977417645207225;6.260581482383262e-06;1.7063910370189266e-05;1.0449248440460286;10.00278752846346;0.8336771920984435;1.0448804720463702;1.045019762830733;0.7978854281214424;-0.014894982895177652;0.797964875972377
6.385717;1.0441499585717184;0.8332913860411482;0.7977402552034025;5.880190086174453e-06;1.7671741492396245e-05;1.044926417665996;10.00277954450671;0.8336795479922253;1.0448824930510852;1.0450233603348835;0.7978861531681478;-0.014894983143837009;0.7979627762748975
6.395717;1.0441555526775943;0.8332898516912072;0.7977387371737094;5.485039286182317e-06;1.827902002821351e-05;1.0449281595061903;10.002770936015324;0.8336817775218439;1.0448844504653458;1.045026876301671;0.797886871647042;-0.014894983402692874;0.7979607144778571
6.405717;1.0441611976203227;0.8332883844920905;0.797737214046601;5.076080313298943e-06;1.888451067818834e-05;1.044930071465118;10.002761745244046;0.8336838799607874;1.0448863409577385;1.0450303047181766;0.7978875887645785;-0.014894983672398384;0.7979586873651044
6.415717;1.0441668826657577;0.8332869891004532;0.7977356897216222;4.654256972853504e-06;1.948698313308339e-05;1.0449321558434328;10.002752027877067;0.8336858529609134;1.04488816426766;1.045033639928609;0.7978883096170991;-0.014894983954466907;0.7979566932732383
6.425717;1.044172597824455;0.833285668444221;0.7977341673284236;4.220479608809173e-06;2.0085164040331437e-05;1.0449344126585054;10.002741835719831;0.8336876928710514;1.044889923210116;1.045036876427799;0.7978890389254492;-0.0148949842509415;0.7979547328638071
6.435717;1.0441783363527342;0.8332844230987669;0.7977326506089469;3.775959469043365e-06;2.0677607565560496e-05;1.0449368387120064;10.00273120218993;0.8336893964445395;1.0448916232599643;1.0450400074450779;0.7978897810704095;-0.014894984563779487;0.7979528084022776
6.445717;1.0441840959857698;0.8332832513480002;0.7977311450201171;3.3224289538342208e-06;2.1262709098779194e-05;1.044939428188398;10.002720152060501;0.8336909621570584;1.0448932717964379;1.045043024891408;0.7978905403254481;-0.014894984894409128;0.7979509224242434
6.455717;1.0441898780915713;0.8332821499592236;0.7977296562318016;2.8618311290075293e-06;2.183888973558235e-05;1.0449421718901586;10.002708726427079;0.8336923901498797;1.0448948773027944;1.0450459203162366;0.797891320598029;-0.014894985243926165;0.7979490769545595
6.465717;1.0441956867155182;0.8332811148222913;0.7977281878296425;2.395863987532019e-06;2.2404763212517698e-05;1.0449450552019306;10.002696996653944;0.8336936814224518;1.0448964487512333;1.045048686488946;0.7978921240191696;-0.014894985613815416;0.7979472735382049
6.475717;1.0442015279818686;0.8332801411595124;0.7977267410385979;1.9258838776203978e-06;2.295915890296922e-05;1.044948057206971;10.002685053179496;0.8336948371042784;1.044897995629014;1.0450513201353062;0.7978929499510975;-0.014894986006349071;0.7979455132842377
6.485717;1.0442074083975834;0.8332792241041591;0.797725316379807;1.452999140144044e-06;2.350099377894387e-05;1.044951153481406;10.002672981080343;0.8336958575932224;1.0448995278857747;1.0450538234670756;0.7978937960450013;-0.014894986424081123;0.7979437965888442
6.495717;1.0442133327739473;0.8332783591867498;0.7977239154297928;9.780449660682934e-07;2.4029140712120968e-05;1.0449543213829198;10.002660846858861;0.8336967411023775;1.0449010550531432;1.0450562029483086;0.7978946598271499;-0.014894986868925106;0.7979421225032608
6.505717;1.0442193033037028;0.833277541655027;0.7977225415745849;5.015198633345491e-07;2.4542468619019576e-05;1.044957541968659;10.002648702171703;0.8336974827061566;1.044902585903053;1.0450584670208731;0.7978955393113812;-0.01489498734155437;0.7979404881198894
6.515717;1.04422531964238;0.8332767657572709;0.7977211993825274;2.35956062857216e-08;2.503989351402777e-05;1.0449607975421134;10.002636585186536;0.8336980751754304;1.0449041287228003;1.0450606244310103;0.7978964329458585;-0.014894987841489574;0.7979388887348918
6.525717;1.0442313797105256;0.8332760251377088;0.7977198926844337;-4.5588950562347183e-07;2.5520319369726895e-05;1.044964070495467;10.002624515203234;0.8336985107651756;1.0449056904967415;1.045062683794733;0.7978973394796003;-0.014894988367902413;0.7979373183499118
6.535717;1.0442374806638997;0.8332753138496222;0.7977186228865984;-9.373945136738465e-07;2.5982635909160544e-05;1.044967345055016;10.002612502057328;0.8336987824114523;1.0449072763052023;1.0450646540522694;0.797898257751908;-0.01489498892043566;0.7979357702049643
6.545717;1.0442436190204978;0.8332746270882566;0.7977173896365753;-1.4213829443942706e-06;2.642573278666441e-05;1.0449706084003012;10.00260057362623;0.8336988846730622;1.0449088904475918;1.0450665444621072;0.7978991856707895;-0.01489498949932375;0.797934237716939
6.555717;1.0442497906217794;0.8332739606845693;0.7977161930217604;-1.9079163151866598e-06;2.6848467113285075e-05;1.0449738502288177;10.002588793494493;0.8336988150106999;1.0449105365638154;1.0450683637827975;0.7979001186690301;-0.014894990104837618;0.7979327147422436
6.565717;1.0442559916779632;0.8332733097133121;0.7977150345969394;-2.3966337321164264e-06;2.7249735664009883e-05;1.0449770625025818;10.002577248767789;0.8336985744391646;1.0449122152951802;1.0450701191808958;0.7979010493876787;-0.014894990736631232;0.7979311948498174
6.575717;1.0442622195911844;0.8332726678555327;0.7977139170429652;-2.887161753259817e-06;2.7628575540187957e-05;1.0449802390500254;10.002566025025056;0.8336981671006538;1.0449139225830677;1.0450718152169454;0.7979019690712104;-0.014894991393682545;0.7979296714916513
6.585717;1.0442684719410424;0.8332720279851004;0.7977128437954022;-3.3793510819281737e-06;2.7984168753403173e-05;1.0449833741691932;10.002555192823614;0.8336975990590111;1.0449156508563915;1.045073453097355;0.7979028689533618;-0.014894992074644675;0.797928139383366
6.595717;1.0442747452743268;0.8332713832621073;0.7977118190246599;-3.873144459549004e-06;2.8315875479472205e-05;1.0449864618318987;10.002544800192782;0.8336968768117873;1.0449173916722392;1.0450750302192948;0.7979037401750569;-0.014894992778023992;0.7979265956738307
6.605717;1.0442810352569853;0.8332707284929506;0.7977108474019655;-4.368475759381496e-06;2.862325860376291e-05;1.0449894963430508;10.00253486161208;0.8336960066690232;1.044919137406777;1.0450765410051517;0.7979045734576928;-0.014894993502207748;0.7979250400833452
6.615717;1.0442873374851533;0.8332700613087428;0.7977099333769091;-4.865312737964269e-06;2.890599493193745e-05;1.0449924726484285;10.002525356505739;0.8336949950967315;1.0449208814241913;1.0450779791899836;0.7979053603698745;-0.01489499424544623;0.7979234739501182
6.625717;1.0442936481179146;0.8332693818815194;0.7977090809293905;-5.3636927956073635e-06;2.9163792981532497e-05;1.044995385600675;10.002516247926199;0.8336938490754089;1.0449226181051503;1.0450793394588078;0.7979060948031214;-0.014894995005796888;0.7979218993051478
6.635717;1.0442999634159573;0.8332686915812637;0.7977082941387025;-5.863726480890984e-06;2.9396377062986087e-05;1.0449982296788645;10.002507506992805;0.8336925763490479;1.044924343045762;1.045080618013872;0.7979067723637417;-0.014894995780976014;0.7979203192819851
6.645717;1.0443062784429935;0.8332679923850979;0.7977075776599807;-6.3655291889612425e-06;2.9603529654238045e-05;1.045000999448536;10.002499120984032;0.833691186187776;1.0449260517470262;1.0450818125954204;0.7979073885931409;-0.01489499656800354;0.7979187388213111
6.655717;1.0443125861776583;0.8332672869128068;0.7977069367976395;-6.869114562160715e-06;2.978510886118287e-05;1.045003689894856;10.002491085840663;0.8336896907373447;1.044927737161888;1.045082920915452;0.7979079382333899;-0.01489499736302988;0.7979171636591004
6.665717;1.044318877315389;0.8332665782567289;0.7977063771258045;-7.374432729370868e-06;2.9940935582363746e-05;1.0450062965523617;10.002483397366634;0.8336881053036428;1.0449293893199287;1.045083938253351;0.7979084160056468;-0.014894998161775226;0.7979155982860703
6.675717;1.0443251409067544;0.833265869838654;0.7977059033310525;-7.881525775457238e-06;3.00707709415738e-05;1.0450088154837067;10.002476044072909;0.8336864459626411;1.0449309973346723;1.0450848565857396;0.7979088177169127;-0.014894998960119355;0.7979140451111622
6.685717;1.0443313653799184;0.8332651652978122;0.7977055179586561;-8.390578855944629e-06;3.0174488746832325e-05;1.0450112430940068;10.002469002320993;0.8336847262275909;1.0449325505567746;1.0450856658587393;0.7979091403241712;-0.014894999754326182;0.7979125052182449
6.695717;1.044337539430942;0.8332644682515876;0.7977052212099863;-8.901827754631079e-06;3.0252186872519352e-05;1.0450135758099905;10.002462238102154;0.8336829558532703;1.0449340389605797;1.0450863561513999;0.7979093809498793;-0.014895000541008405;0.7979109789983618
6.705717;1.0443436529167178;0.8332637817858158;0.7977050113218879;-9.415449348083808e-06;3.0304147457109233e-05;1.0450158101283107;10.002455715046548;0.833681141790768;1.044935454571888;1.0450869191720629;0.797909535742155;-0.014895001316991412;0.7979094652230946
6.715717;1.0443496966783243;0.8332631076329654;0.7977048851020034;-9.931475756991539e-06;3.0330712290886324e-05;1.0450179440100829;10.002449404357792;0.833679289201189;1.0449367918053287;1.0450873486778383;0.79790959938718;-0.014895002079285416;0.7979079599468549
6.725717;1.0443556609553877;0.833262445715756;0.7977048394563317;-1.0449715137180454e-05;3.0332165056890424e-05;1.0450199784880325;10.002443286921975;0.8336774016581263;1.04493804568972;1.0450876400903064;0.7979095660665075;-0.014895002825326792;0.7979064574022847
6.735717;1.0443615344719406;0.8332617944561833;0.7977048726543188;-1.0969753738759376e-05;3.0308769108424546e-05;1.0450219169870063;10.002437349661005;0.8336754813353355;1.0449392109098794;1.0450877891639438;0.7979094312572264;-0.014895003553218936;0.7979049520239733
6.745717;1.0443673050600197;0.8332611515733939;0.7977049841424346;-1.1491060441097394e-05;3.0260978783405225e-05;1.0450237633547197;10.002431589160315;0.8336735299310533;1.0449402826144811;1.0450877907479346;0.7979091926216453;-0.01489500426172428;0.7979034394211946
6.755717;1.0443729606117107;0.8332605152908842;0.7977051746583058;-1.2013134736382116e-05;3.01896240840124e-05;1.0450255214670985;10.002426012841708;0.8336715498824824;1.044941257537331;1.045087639555138;0.7979088497341505;-0.014895004950025915;0.7979019158569918
6.765717;1.0443784900660316;0.8332598854140989;0.7977054464509711;-1.2535655793642644e-05;3.009584011367401e-05;1.0450271953494585;10.002420628860273;0.8336695452253743;1.0449421349546768;1.045087331646292;0.7979084034175546;-0.014895005617467923;0.7979003770734405
6.775717;1.0443838843532474;0.8332592632192902;0.7977058021307368;-1.3058457059185061e-05;2.9980803504276177e-05;1.0450287878872309;10.002415437864281;0.8336675220080634;1.0449429174543;1.0450868643439803;0.7979078548583939;-0.014895006263506939;0.7978988178438056
6.785717;1.044389136812448;0.8332586504998399;0.797706243695192;-1.3581301668335292e-05;2.984555394947962e-05;1.045030300259568;10.002410431117791;0.8336654879447387;1.0449436108826362;1.0450862358354713;0.7979072053658129;-0.014895006887650957;0.7978972327930474
6.795717;1.0443942438181795;0.8332580490735391;0.7977067728857148;-1.4103725005904907e-05;2.969098484047118e-05;1.0450317335242572;10.002405593011735;0.8336634514434189;1.0449442231238468;1.045085445799249;0.7979064576360217;-0.014895007489215384;0.7978956173300116
6.805717;1.0443992056796014;0.8332574607219004;0.7977073916810159;-1.4624979563974684e-05;2.951782556104395e-05;1.0450330897382683;10.002400912652186;0.8336614212252954;1.0449447625963109;1.045084496019605;0.7979056167451168;-0.014895008067225256;0.7978939680744911
6.815717;1.0444040263503387;0.833256886938377;0.7977081022583801;-1.5143974287925406e-05;2.932662151812103e-05;1.0450343713045684;10.002396401024914;0.8336594065297883;1.0449452372705388;1.0450833897900156;0.7979046897192447;-0.014895008620475218;0.7978922828894489
6.825717;1.0444087115907794;0.8332563286946832;0.797708906495712;-1.565931056229693e-05;2.9117880848350236e-05;1.0450355802695905;10.002392096610695;0.8336574166883378;1.0449456544719062;1.0450821302216726;0.7979036853661768;-0.014895009147639396;0.7978905601614271
6.835717;1.0444132667368986;0.8332557862015852;0.7977098055937861;-1.6169500023631303e-05;2.889212546374197e-05;1.0450367185652876;10.002388049460496;0.8336554603339803;1.0449460210245276;1.045080719452732;0.7979026145601393;-0.01489500964757272;0.7978887975324268
6.845717;1.0444176954914066;0.8332552589390426;0.7977108005190223;-1.6673188494764124e-05;2.864964524656135e-05;1.0450377882032065;10.002384296446964;0.8336535448673253;1.0449463424015142;1.045079160009804;0.7979014896154034;-0.014895010119565524;0.7978869911955491
6.855717;1.0444220007901663;0.8332547465561738;0.7977118921770325;-1.716918856587931e-05;2.8390342335125817e-05;1.045038790688913;10.002380849764757;0.8336516758358281;1.0449466212192313;1.0450774557610407;0.7979003228869208;-0.014895010563308917;0.7978851363079733
6.865717;1.0444261869359348;0.8332542497155131;0.7977130803441204;-1.765638580642249e-05;2.8113853784257364e-05;1.0450397268491642;10.002377707313345;0.8336498564640081;1.0449468566442441;1.0450756102532328;0.7978991254905665;-0.014895010978915062;0.7978832276082797
6.875717;1.0444302602948488;0.8332537702150736;0.797714362438714;-1.813360982201294e-05;2.7819733745212334e-05;1.0450405971565997;10.002374870272876;0.8336480878105519;1.0449470453891678;1.0450736248832873;0.7978979066157882;-0.014895011367282109;0.7978812599267189
6.885717;1.0444342271007936;0.8332533109174949;0.7977157331604452;-1.859952628212708e-05;2.750754943242443e-05;1.0450414017501142;10.002372345398605;0.8336463692886463;1.0449471839204423;1.045071498502345;0.7978966737411619;-0.014895011730469173;0.797879229763235
6.895717;1.0444380898955787;0.8332528756579483;0.7977171849749054;-1.9052726072180843e-05;2.7176843006993258e-05;1.0450421413037936;10.00237013108347;0.8336446992140407;1.0449472700600575;1.045069227163037;0.7978954336878744;-0.014895012071532902;0.7978771372587394
6.905717;1.0444418461083638;0.8332524691835627;0.797718708906661;-1.9491974017833802e-05;2.6827068749415387e-05;1.0450428185208591;10.002368211160874;0.8336430749645706;1.044947302952064;1.045066804838532;0.7978941932308882;-0.014895012393901043;0.7978749865214595
6.915717;1.0444454904793632;0.8332520971861633;0.7977202952115913;-1.9916353972225487e-05;2.645767523815598e-05;1.0450434385765557;10.002366566791107;0.833641492483142;1.0449472823837278;1.0450642252693791;0.7978929585634372;-0.014895012700953638;0.7978727845127657
6.925717;1.0444490181797168;0.833251766083697;0.7977219337137625;-2.032526791516954e-05;2.6068260031494724e-05;1.0450440087863362;10.002365185556055;0.8336399458650101;1.0449472083880862;1.045061482604057;0.7978917348557689;-0.014895012995993438;0.7978705395436924
6.935717;1.0444524254679153;0.8332514825393718;0.7977236136304776;-2.0718321658903506e-05;2.565867546180524e-05;1.0450445378615647;10.002364060921591;0.8336384276022751;1.0449470817996172;1.0450585708048903;0.7978905264867465;-0.014895013282141815;0.7978682596647628
6.945717;1.0444557091857465;0.8332512536941988;0.7977253233963766;-2.109512608270828e-05;2.522906415478945e-05;1.0450450344185036;10.002363201367652;0.8336369291085745;1.0449469054770844;1.0450554832198609;0.7978893375006451;-0.014895013561890831;0.7978659516309905
6.955717;1.0444588669370836;0.8332510879603712;0.7977270509994876;-2.1455256455942654e-05;2.4779772327444865e-05;1.0450455053878887;10.002362644924878;0.8336354411164114;1.044946684904602;1.0450522128424824;0.7978881720030231;-0.014895013836675146;0.7978636211582265
6.965717;1.0444618975306392;0.8332509944269972;0.7977287846302789;-2.1798387591695647e-05;2.4311167082191214e-05;1.0450459550690456;10.00236245158377;0.8336339535560446;1.044946427617182;1.0450487539583702;0.7978870343131539;-0.01489501410695353;0.7978612739077028
6.975717;1.0444648009325757;0.8332509808901234;0.7977305134202507;-2.212435080170441e-05;2.3823540629579995e-05;1.0450463851674607;10.00236267474051;0.8336324552733413;1.0449461411406422;1.045045104349557;0.7978859286102378;-0.014895014372579967;0.7978589163457002
6.985717;1.0444675776769072;0.8332510528075794;0.7977322278815736;-2.2433116479957963e-05;2.3317206169207863e-05;1.0450467955226257;10.0023633424827;0.8336309350203933;1.0449458304439097;1.0450412660060415;0.7978848577229595;-0.014895014633124943;0.7978565565176539
6.995717;1.0444702280008138;0.8332512138609318;0.797733919659903;-2.2724766307555166e-05;2.2792651757408437e-05;1.045047184435199;10.002364460207746;0.8336293831696119;1.044945497893114;1.045037244518696;0.7978838222040954;-0.01489501488813262;0.7978542042758153
7.005717;1.0444727513616596;0.8332514665820625;0.7977355807588091;-2.299938345333108e-05;2.2250604119640752e-05;1.045047548476129;10.00236602164102;0.8336277918875723;1.044945145878395;1.0450330478711085;0.7978828210291231;-0.01489501513711273;0.7978518705101205
7.015717;1.0444751466995816;0.8332518123697169;0.797737202786521;-2.325692361306666e-05;2.1692002647166694e-05;1.045047882690972;10.002368020875558;0.8336261540282658;1.0449447783360781;1.0450286852869042;0.7978818529152398;-0.014895015379259328;0.7978495659662262
7.025717;1.0444774124728686;0.8332522518124584;0.7977387767160548;-2.349717167162379e-05;2.1117934702865855e-05;1.0450481820231965;10.002370461849614;0.8336244624844092;1.0449443998630776;1.0450241672100702;0.797880917085028;-0.014895015613238116;0.797847300288903
7.035717;1.0444795460618137;0.8332527855173251;0.797740292982974;-2.3719767725639352e-05;2.052956685562703e-05;1.0450484435246552;10.002373355075793;0.8336227105663704;1.0449440144139546;1.0450195055687266;0.7978800135795371;-0.01489501583722942;0.7978450818533279
7.045717;1.0444815438693729;0.8332534147247924;0.7977417419974429;-2.3924301832630257e-05;1.9928064649519956e-05;1.0450486669973105;10.002376698664715;0.8336208927620548;1.044943624665984;1.0450147138448678;0.7978791431945899;-0.01489501604908813;0.7978429177798035
7.055717;1.044483401834046;0.8332541407346284;0.7977431157284786;-2.411042982960487e-05;1.9314541418520556e-05;1.0450488530430495;10.002380465681433;0.8336190048993479;1.0449432324778354;1.045009807332846;0.7978783069250163;-0.014895016246552838;0.7978408131508538
7.065717;1.0444851146294776;0.8332549632224493;0.7977444091602244;-2.4277836382288438e-05;1.8690083919641492e-05;1.0450490011632627;10.002384613128633;0.8336170440893568;1.0449428398993956;1.0450048026468763;0.7978775052725433;-0.014895016427705085;0.7978387704671003
7.075717;1.044486674856355;0.8332558798293658;0.7977456195745126;-2.4426048533635613e-05;1.8055739921134294e-05;1.0450491101418902;10.00238909259094;0.8336150086816969;1.0449424489988737;1.044999716438484;0.7978767384185645;-0.014895016591470661;0.7978367903207263
7.085717;1.0444880742792602;0.8332568875080243;0.7977467449219453;-2.4554354823399333e-05;1.741238379600944e-05;1.0450491791543812;10.002393850313823;0.8336128976532328;1.0449420605139546;1.0449945646127348;0.7978760069231627;-0.014895016737749296;0.7978348725867906
7.095717;1.0444893055231859;0.8332579829954961;0.7977477838229455;-2.4661935068527294e-05;1.676064988773888e-05;1.045049207829115;10.002398823378016;0.8336107102184;1.0449416737180883;1.0449893631977136;0.7978753111811036;-0.014895016867310278;0.7978330171977994
7.105717;1.0444903620409018;0.8332591621731872;0.7977487362387683;-2.474803631652989e-05;1.610108817552528e-05;1.0450491958868469;10.002403933988973;0.8336084464815551;1.0449412882165774;1.044984130173238;0.7978746501380558;-0.014895016981671394;0.7978312241333447
7.115717;1.0444912377029945;0.8332604200951411;0.7977496026526683;-2.4812027145759252e-05;1.5434316806833844e-05;1.0450491432418787;10.002409088609362;0.8336061082294243;1.0449409046477618;1.0449788848338846;0.7978740206851136;-0.014895017083002105;0.7978294929417332
7.125717;1.044491928397158;0.8332617513727016;0.79775038300677;-2.485334421742516e-05;1.4761019528503441e-05;1.0450490506413856;10.002414185666892;0.8336036988327153;1.0449405230800735;1.044973644273825;0.797873417481483;-0.014895017174092681;0.7978278221457429
7.135717;1.0444924335784065;0.8332631495287074;0.7977510774357252;-2.4871442909396502e-05;1.4081975915030303e-05;1.0450489195113677;10.002419128023247;0.8336012229572242;1.044940141442565;1.0449684213879735;0.7978728337553055;-0.014895017258003107;0.7978262085402605
7.145717;1.04449275471855;0.8332646057061103;0.7977516875593093;-2.486577109970256e-05;1.3398176623329185e-05;1.0450487498036196;10.002423839448934;0.8335986864233831;1.0449397550900819;1.0449632263733808;0.797872263662294;-0.014895017337266265;0.7978246464252465
7.155717;1.0444928929367092;0.8332661088196709;0.7977522166570045;-2.4835771325295625e-05;1.2710918107476302e-05;1.0450485377940362;10.002428277596268;0.8335960947851578;1.0449393572235024;1.044958070191936;0.7978717039996871;-0.014895017413516001;0.7978231272767602
7.165717;1.0444928487146918;0.8332676473056586;0.7977526693753457;-2.478095610229913e-05;1.2021834535988223e-05;1.045048275920359;10.002432434944168;0.8335934514580781;1.044938939768336;1.0449529675944036;0.797871153376462;-0.01489501748806582;0.7978216407159849
7.175717;1.0444926226405837;0.8332692101018244;0.797753051580042;-2.4701039259100443e-05;1.1332811080522743e-05;1.04504795397743;10.002436326201792;0.8335907579751922;1.0449384945899334;1.044947937278428;0.7978706106276827;-0.014895017562543644;0.7978201764895487
7.185717;1.0444922155874192;0.8332707861138272;0.7977533699752646;-2.4596012967142937e-05;1.0645760966258406e-05;1.0450475607027678;10.002439967423184;0.8335880156653913;1.0449380147240204;1.044942999950876;0.7978700746844213;-0.014895017638729835;0.7978187259231484
7.195717;1.0444916285013575;0.8332723633773388;0.7977536319533278;-2.446608500890464e-05;9.962312213350314e-06;1.0450470850689122;10.00244335878684;0.8335852261767027;1.0449374938435194;1.0449381765549859;0.7978695449934889;-0.014895017718228851;0.7978172817076675
7.205717;1.0444908628013228;0.8332739288082786;0.7977538461870868;-2.431161129877201e-05;9.28356604720911e-06;1.0450465165871219;10.002446471673702;0.8335823908082399;1.0449369253078484;1.044933486694315;0.7978690210319748;-0.014895017802491698;0.7978158367557093
7.215717;1.0444899215051464;0.8332754686571417;0.7977540230022689;-2.4133062693098513e-05;8.610146006264476e-06;1.0450458453143585;10.00244923879133;0.8335795105766132;1.0449363041737916;1.0449289478836186;0.7978685017564089;-0.014895017892710931;0.7978143838786826
7.225717;1.0444888097999883;0.833276969340608;0.7977541734821105;-2.393085149069408e-05;7.942469205329268e-06;1.0450450620599523;10.002451556354718;0.8335765878748348;1.0449356298531938;1.0449245766499213;0.7978679858759103;-0.014895017989697563;0.797812916262269
7.235717;1.044487534632368;0.833278418328942;0.7977543076435798;-2.370514573550672e-05;7.280987899328402e-06;1.045044158610472;10.002453298074279;0.8335736284251442;1.0449349058292063;1.044920389685722;0.7978674722365676;-0.014895018094082373;0.7978114283946518
7.245717;1.0444861043877347;0.8332798045712935;0.7977544333112525;-2.3455920104420428e-05;6.626210958700038e-06;1.0450431287015314;10.002454334101357;0.8335706411103914;1.0449341374252423;1.0449164031853941;0.7978669601457998;-0.014895018206321825;0.7978099171961277
7.255717;1.0444845287223266;0.8332811182884557;0.7977545565601636;-2.3183129222424148e-05;5.978557567890078e-06;1.0450419693847202;10.002454551487634;0.8335676356906894;1.0449333294240855;1.0449126306970755;0.7978664499622725;-0.014895018326344827;0.7978083817490175
7.265717;1.044482817401469;0.8332823505739081;0.797754682672979;-2.288680927592844e-05;5.338310481284953e-06;1.045040681587602;10.002453870500897;0.8335646214447401;1.0449324847298092;1.0449090808596138;0.7978659431995153;-0.014895018453268795;0.7978068220450073
7.275717;1.0444809784477647;0.8332834925396586;0.7977548168256186;-2.2567131502851427e-05;4.705720259721172e-06;1.0450392702773261;10.002452245228753;0.8335616080760565;1.0449316051929447;1.0449057569582327;0.7978654419761304;-0.014895018585489677;0.7978052385079207
7.285717;1.0444790175481853;0.8332845338754117;0.7977549641865891;-2.2224452943461793e-05;4.081193680358476e-06;1.0450377443571075;10.00244964584098;0.8335586072407974;1.0449306933251057;1.0449026590866022;0.7978649485350833;-0.014895018721035538;0.7978036322470902
7.295717;1.0444769394025315;0.8332854625409165;0.7977551287709808;-2.1859326448180793e-05;3.4653951676383272e-06;1.0450361153951078;10.002446045650366;0.8335556326988037;1.044929752496264;1.0448997867382235;0.7978644648084212;-0.014895018857688833;0.7978020057079376
7.305717;1.0444747496420828;0.8332862665613355;0.7977553119126293;-2.1472476461692563e-05;2.85911495573929e-06;1.0450343957757946;10.002441428851752;0.8335526984547154;1.044928785735355;1.0448971393002229;0.7978639921033329;-0.014895018993058798;0.7978003630022295
7.315717;1.0444724558408052;0.8332869355140113;0.7977555118228903;-2.106478191092135e-05;2.2632039651003443e-06;1.0450325977052;10.00243579540419;0.833549816564707;1.0449277943315174;1.0448947149468055;0.7978635310344939;-0.014895019125296952;0.7977987092665603
7.325717;1.0444700674031082;0.8332874597824681;0.7977557242069764;-2.0637212000950468e-05;1.6786459551961566e-06;1.0450307330680797;10.00242914529112;0.8335469966437445;1.0449267770438802;1.044892509769529;0.7978630812283743;-0.014895019253898488;0.7977970501878002
7.335717;1.0444675947333946;0.8332878293309923;0.7977559435818884;-2.019068677934659e-05;1.1065167573183461e-06;1.045028812823002;10.002421463503564;0.8335442467319519;1.044925731545097;1.0448905180673558;0.7978626411835656;-0.014895019379473748;0.7977953921781392
7.345717;1.0444650479845956;0.8332880341454822;0.7977561649129444;-1.9726008551781283e-05;5.479254227494817e-07;1.045026845409488;10.002412721773247;0.8335415743532294;1.0449246568197028;1.044888733346448;0.7978622094650459;-0.014895019502738721;0.7977937424208731
7.355717;1.0444624366618473;0.8332880655865839;0.7977563849809269;-1.9243929342243557e-05;3.997463907582136e-09;1.0450248362046197;10.002402881413394;0.8335389873022299;1.0449235532529413;1.0448871486543967;0.7978617864022506;-0.014895019623660999;0.7977921086381917
7.365717;1.0444597704296903;0.8332879159908272;0.797756602889586;-1.8745255511169606e-05;-5.242217855255982e-07;1.0450227897918922;10.002391886982588;0.8335364937079115;1.044922422227113;1.0448857557506188;0.7978613738057625;-0.014895019741144577;0.7977904985998533
7.375717;1.0444570586900572;0.8332875766058705;0.7977568189928699;-1.8230968055304883e-05;-1.0358944425501717e-06;1.0450207128877105;10.00237966866551;0.8335341015711842;1.0449212678038846;1.0448845443440176;0.7978609731714397;-0.014895019853164656;0.7977889195801975
7.385717;1.0444543083027924;0.8332870373803821;0.7977570334095873;-1.7702345273004328e-05;-1.530446253600149e-06;1.0450186148354144;10.002366159763367;0.8335318179694504;1.0449200980404019;1.0448835031661432;0.7978605851471453;-0.014895019957248295;0.797787377946643
7.395717;1.0444515222958077;0.8332862894842304;0.7977572456759386;-1.716094818357352e-05;-2.00749662380095e-06;1.0450165065048698;10.002351311931516;0.8335296479667793;1.04491892346596;1.0448826215314861;0.7978602107448568;-0.014895020051013529;0.7977858788738886
7.405717;1.04444870125326;0.8332853280800397;0.7977574541930644;-1.6608460791859006e-05;-2.4666997822915575e-06;1.0450144000375512;10.002335104956838;0.833527594918494;1.0449177538641572;1.0448818888491445;0.797859852076983;-0.014895020132328381;0.7977844269372592
7.415717;1.0444458456300463;0.8332841535786522;0.797757655131393;-1.6046566275651907e-05;-2.9077004516991513e-06;1.0450123089422305;10.00231755605069;0.8335256621246746;1.044916596111317;1.0448812934840515;0.7978595111179871;-0.014895020199335909;0.7977830275704711
7.425717;1.0444429565976603;0.8332827710608647;0.7977578427978247;-1.5476918146456435e-05;-3.3302134276327383e-06;1.0450102476081415;10.002298724131837;0.8335238527475738;1.044915454257768;1.044880822815554;0.7978591885744747;-0.014895020250695567;0.797781687622888
7.435717;1.0444400355712493;0.8332811891763667;0.7977580112115921;-1.4901189145966256e-05;-3.733975502613769e-06;1.0450082310667415;10.00227870465061;0.833522168491448;1.0449143299789287;1.0448804639776679;0.7978588846368676;-0.014895020285501047;0.7977804142168622
7.445717;1.044437083982466;0.8332794200205639;0.797758154894892;-1.4321168076249957e-05;-4.118603469346649e-06;1.045006275059263;10.002257615294273;0.833520610267295;1.0449132226442115;1.0448802042325673;0.7978585996121154;-0.014895020302912213;0.7977792133900605
7.455717;1.0444341037473008;0.8332774791121305;0.7977582685994141;-1.3738781178314844e-05;-4.483637110714367e-06;1.0450043958507365;10.002235580736096;0.8335191797016842;1.0449121304615858;1.0448800306507702;0.7978583332167709;-0.014895020302227951;0.7977780895620976
7.465717;1.0444310979525038;0.8332753838314281;0.797758347328837;-1.3155964240602698e-05;-4.828749525991209e-06;1.0450026097520886;10.002212727565661;0.8335178786792288;1.044911051326553;1.0448799301613914;0.7978580839574827;-0.014895020283015818;0.7977770452286639
7.475717;1.0444280712739902;0.8332731509781548;0.7977583873260203;-1.2574481785985986e-05;-5.153869823080403e-06;1.0450009321586713;10.002189182881146;0.8335167078293804;1.0449099825403692;1.0448798903005194;0.797857849490976;-0.014895020244705333;0.7977760806308932
7.485717;1.0444250295067414;0.8332707950296555;0.797758387215989;-1.1995930795896372e-05;-5.459159615467839e-06;1.044999376639303;10.002165061455205;0.8335156662939832;1.0449089212002565;1.0448798993217367;0.7978576273735963;-0.014895020186222772;0.7977751936279032
7.495717;1.0444219782402215;0.8332683274349674;0.79775834836462;-1.1421899013110678e-05;-5.744952240436179e-06;1.044997954947523;10.002140448327216;0.8335147529155219;1.044907864672645;1.0448799448321775;0.797857415358632;-0.014895020106189063;0.7977743802182563
7.505717;1.0444189218294415;0.8332657571662715;0.7977582740770814;-1.085394828659614e-05;-6.011685488250775e-06;1.0449966775809478;10.00211539174878;0.8335139672523898;1.0449068112745143;1.0448800122536184;0.7978572111643202;-0.014895020003152347;0.797773635950096
7.515717;1.0444158634486678;0.8332630918598793;0.7977581681815655;-1.0293458289963431e-05;-6.259788394754875e-06;1.0449955542996652;10.002089910589625;0.8335133092520037;1.0449057619611515;1.0448800854188562;0.7978570119930615;-0.014895019875404496;0.7977729572652332
7.525717;1.0444128059485625;0.8332603378266257;0.7977580345156613;-9.741581872513575e-06;-6.489522923445861e-06;1.0449945940240488;10.002064010260222;0.8335127779002034;1.0449047205928332;1.0448801490462194;0.7978568144586285;-0.014895019720623908;0.7977723421346962
7.535717;1.04440975230783;0.8332574994592037;0.7977578778514866;-9.199266995309037e-06;-6.700878638369037e-06;1.0449938037085722;10.002037690975696;0.8335123704786394;1.0449036924379678;1.0448801909102627;0.7978566153513041;-0.014895019535853798;0.797771789941814
7.545717;1.0444067048314947;0.833254579980091;0.7977577045221259;-8.667303650407163e-06;-6.893583108487551e-06;1.0449931870008142;10.002010947370334;0.8335120835967633;1.0449026826736656;1.0448802027037014;0.7978564121010567;-0.01489501931809831;0.7977713007425061
7.555717;1.0444036635487233;0.8332515829136221;0.7977575215304782;-8.146503844509601e-06;-7.067212668361369e-06;1.0449927435622368;10.001983773938283;0.8335119154256379;1.0449016943805038;1.0448801795113465;0.797856202533927;-0.01489501906500432;0.7977708748053935
7.565717;1.044400624722223;0.8332485119724043;0.7977573354621911;-7.63789035967514e-06;-7.221418924342312e-06;1.0449924691605335;10.001956170498598;0.8335118674317928;1.0449007261666685;1.0448801187629388;0.7978559847721672;-0.014895018774988422;0.7977705128799186
7.575717;1.0443975814131057;0.833245369615754;0.7977571521873572;-7.142603151180665e-06;-7.3561326961581095e-06;1.0449923561821577;10.001928133782487;0.8335119440927421;1.0448997713755743;1.0448800197656214;0.7978557567874629;-0.014895018447067887;0.7977702166343841
7.585717;1.044394526468165;0.8332421567017654;0.7977569767569934;-6.661600190311245e-06;-7.471520220637662e-06;1.0449923938321946;10.001899647262116;0.8335121512596778;1.0448988198378724;1.0448798831981396;0.7978555153953533;-0.014895018080703027;0.7977699889329112
7.595717;1.044391454344515;0.8332388735992391;0.797756812935404;-6.195545464574395e-06;-7.567802755475512e-06;1.044992568249237;10.001870687518059;0.8335124948517918;1.044897861015937;1.044879709876035;0.7978552562796966;-0.01489501767549473;0.797769834156115
7.605717;1.0443883605051623;0.8332355210075135;0.7977566627202742;-5.7449644651532285e-06;-7.645177150236155e-06;1.0449928638576143;10.001841233642766;0.8335129798106171;1.0448968856702283;1.0448795000419295;0.7978549752539734;-0.014895017230890152;0.7977697580775095
7.615717;1.0443852415176558;0.8332321001814933;0.7977565273629766;-5.310376847500062e-06;-7.703815481526743e-06;1.044993265611019;10.00181126334953;0.8335136092462406;1.0448958844505416;1.0448792538856897;0.797854668680936;-0.014895016746382791;0.7977697665926636
7.625717;1.044382095973441;0.8332286136410328;0.7977564096065715;-4.892237917639493e-06;-7.743807277037829e-06;1.0449937601506873;10.001780747314678;0.833514384726472;1.04489484617769;1.0448789715348383;0.7978543322725843;-0.014895016222058714;0.7977698643846476
7.635717;1.044378923307598;0.8332250661322648;0.797756313989826;-4.4908182078382805e-06;-7.765032514273322e-06;1.0449943355401028;10.001749650647676;0.8335153072471996;1.044893758641948;1.0448786517029218;0.7978539601177743;-0.014895015658714213;0.7977700549943116
7.645717;1.0443757220257297;0.8332214645639305;0.7977562447264892;-4.10625218163504e-06;-7.767180704872775e-06;1.0449949811074934;10.001717941407907;0.8335163776227356;1.044892610109008;1.0448782907919474;0.7978535454765202;-0.014895015057357033;0.7977703419447914
7.655717;1.0443724905978653;0.8332178162464675;0.7977562041263857;-3.7387643573349603e-06;-7.749982768216184e-06;1.0449956872927477;10.001685604440599;0.8335175960481424;1.0448913899182113;1.0448778833685421;0.7978530820999862;-0.014895014418843154;0.7977707292452099
7.665717;1.0443692297924068;0.8332141265856263;0.7977561925018273;-3.3887489290773656e-06;-7.713305937071148e-06;1.044996444164977;10.001652650369573;0.8335189614527747;1.0448900896341469;1.0448774231612887;0.7978525644104005;-0.014895013744159594;0.7977712200655321
7.675717;1.0443659434816488;0.8332103983888415;0.7977562085928882;-3.0565777581661003e-06;-7.657013105878472e-06;1.0449972400852938;10.001619113825996;0.8335204713203137;1.0448887040896817;1.044876904178184;0.79785198732575;-0.014895013034933567;0.797771815156604
7.685717;1.0443626369605459;0.8332066326321349;0.7977562502496285;-2.7424522918905783e-06;-7.580902406160903e-06;1.0449980622473127;10.001585041449216;0.8335221219002746;1.0448872301354069;1.0448763214949617;0.7978513467354755;-0.014895012293511667;0.7977725133740738
7.695717;1.0443593152451092;0.8332028291096746;0.7977563148393176;-2.4464114306943952e-06;-7.484768551117238e-06;1.0449988973707172;10.001550474551758;0.8335239088889592;1.044885665479713;1.0448756704220359;0.7978506398336088;-0.014895011522662932;0.7977733132707779
7.705717;1.044355984020571;0.8331989871481866;0.7977563989747674;-2.1683383526006927e-06;-7.368426998222016e-06;1.044999731233217;10.001515438009216;0.8335258282379672;1.0448840108378195;1.0448749447374766;0.7978498646337734;-0.014895010725511073;0.7977742137964259
7.715717;1.0443526506876641;0.8331951066751353;0.7977564981586507;-1.9080281742930443e-06;-7.231760144170545e-06;1.0450005479348468;10.001479941041401;0.8335278762186342;1.044882271813267;1.04487413657362;0.7978490198240682;-0.014895009905608088;0.7977752140677775
7.725717;1.0443493227463032;0.8331911888545211;0.7977566067051922;-1.6653355199200776e-06;-7.074818101037219e-06;1.0450013291438192;10.001443991985298;0.8335300491739067;1.0448804566252239;1.0448732375923628;0.797848105636676;-0.014895009066785647;0.7977763124115267
7.735717;1.0443460061257315;0.8331872362285353;0.7977567178999787;-1.440190269476605e-06;-6.897885049053864e-06;1.0450020537157614;10.001407619581052;0.8335323430117059;1.0448785735655894;1.044872239338116;0.7978471235536003;-0.014895008213193518;0.7977775055098896
7.745717;1.0443427058612424;0.8331832527008203;0.7977568247318975;-1.2324792328179887e-06;-6.7015625478000625e-06;1.0450026993213257;10.001370874084952;0.8335347522190139;1.0448766319067309;1.0448711326791924;0.7978460739161003;-0.014895007349583538;0.7977787888611455
7.755717;1.044339427831252;0.8331792433067735;0.7977569210967662;-1.041953317638512e-06;-6.486869859065356e-06;1.0450032462529404;10.00133380382598;0.8335372693341029;1.0448746433870044;1.0448699073258552;0.7978449544392577;-0.014895006481288333;0.7977801576402589
7.765717;1.0443361797489599;0.8331752137680614;0.7977570021424577;-8.681091330858766e-07;-6.255184828617005e-06;1.0450036805362672;10.001296433857336;0.8335398853255439;1.0448726216376287;1.0448685532869817;0.7978437616303583;-0.01489500561385124;0.7977816067801754
7.775717;1.0443329706875208;0.8331711699033083;0.7977570635943848;-7.100787152779621e-07;-6.0080010451821775e-06;1.0450039936107565;10.001258760456226;0.8335425904275142;1.0448705808904526;1.0448670642860163;0.7978424933026383;-0.014895004752531298;0.797783130997789
7.785717;1.0443298099367828;0.833167117302019;0.7977571019552332;-5.668088708465459e-07;-5.7466786662157205e-06;1.0450041798027365;10.001220760330941;0.8335453739850307;1.044868534779898;1.0448654392707228;0.7978411494711449;-0.01489500390191584;0.7977847250231013
7.795717;1.0443267060190193;0.8331630616222252;0.7977571158632591;-4.374403759703396e-07;-5.47237600522823e-06;1.0450042345302362;10.001182408803798;0.8335482232127422;1.0448664949719646;1.0448636803668623;0.7978397314654544;-0.014895003065924457;0.7977863833135332
7.805717;1.044323664573929;0.8331590091590932;0.7977571064295439;-3.2139698658388467e-07;-5.1861442412494555e-06;1.0450041537318557;10.00114369489532;0.8335511236239481;1.044864470460413;1.0448617903909505;0.7978382411988334;-0.014895002248045276;0.797788099531945
7.815717;1.0443206860601288;0.8331549668728189;0.7977570757388672;-2.1811704344112477e-07;-4.888984820839216e-06;1.0450039335763917;10.00110462602641;0.8335540611758206;1.0448624678442442;1.0448597724679536;0.7978366810909776;-0.014895001451305052;0.7977898665915105
7.825717;1.0443177668331227;0.8331509417210636;0.7977570257383084;-1.2687729411086138e-07;-4.581868585651798e-06;1.0450035703008622;10.001065221691558;0.8335570233629157;1.0448604921207654;1.0448576311860587;0.7978350545200789;-0.01489500067800286;0.7977916771820371
7.835717;1.0443149021897626;0.8331469404849532;0.7977569589683563;-4.694102134008158e-08;-4.265799299902738e-06;1.0450030601715012;10.001025504402373;0.8335599991530379;1.0448585473343148;1.044855373515232;0.7978333672892142;-0.014894999929842808;0.7977935236792086
7.845717;1.0443120877791872;0.8331429701966991;0.79775687943565;2.2248629920267926e-08;-3.941790146602024e-06;1.0450023988511041;10.000985501018908;0.8335629792268042;1.044856635948342;1.0448530084963201;0.7978316284016302;-0.014894999208476511;0.7977953972998436
7.855717;1.044309319793198;0.8331390379835728;0.7977567921305163;8.108772845251413e-08;-3.6107673296580546e-06;1.0450015808340538;10.00094524602958;0.8335659564674738;1.0448547584588685;1.0448505462452604;0.7978298485794466;-0.014894998515689843;0.7977972882560644
7.865717;1.0443065947815509;0.8331351505024421;0.7977567017111264;1.2985256706435058e-07;-3.273632031023807e-06;1.0450006007719121;10.000904768500007;0.8335689256209835;1.0448529158923503;1.044847997063644;0.7978280384951004;-0.014894997853225334;0.7977991871901066
7.875717;1.0443039087844372;0.8331313138421235;0.7977566114315945;1.6862711057516655e-07;-2.9314215754396326e-06;1.0449994550229684;10.000864072166392;0.833571882590705;1.0448511130335862;1.0448453705105396;0.7978262085032823;-0.014894997222631177;0.7978010864255429
7.885717;1.044301256801889;0.8331275341021329;0.7977565228568526;1.9734016301066235e-07;-2.5852856792377485e-06;1.0449981410024962;10.000823128642502;0.8335748246156812;1.0448493594045596;1.0448426745153143;0.7978243688371929;-0.014894996624876838;0.79780298058115
7.895717;1.0442986343587592;0.833123817985729;0.79775643628099;2.159838044016692e-07;-2.236281449556833e-06;1.0449966560369035;10.0007818830505;0.833577750542724;1.0448476684600303;1.044839915698698;0.7978225292119172;-0.014894996059938657;0.7978048663368579
7.905717;1.044296039878682;0.8331201726981925;0.797756351622011;2.2477336815618177e-07;-1.8852299184586892e-06;1.0449949972628738;10.000740260698981;0.833580660491736;1.0448460555404027;1.0448371006474118;0.7978206982971627;-0.014894995526958672;0.7978067412876202
7.915717;1.0442934741477383;0.8331166056831153;0.7977562689237353;2.2405875357732568e-07;-1.532704851650935e-06;1.0449931617638255;10.000698173560872;0.8335835549137284;1.0448445350994628;1.0448342361185292;0.7978188831593378;-0.014894995024848753;0.797808602612295
7.925717;1.044290937898947;0.8331131250585534;0.7977561878881366;2.141013831459868e-07;-1.1790573926213473e-06;1.0449911466682722;10.000655532142702;0.8335864326431496;1.0448431187891296;1.0448313289227236;0.797817088775177;-0.014894994552918144;0.7978104461558077
7.935717;1.0442884316087429;0.8331097403607909;0.7977561073887365;1.9500328569784058e-07;-8.244931237623269e-07;1.044988949401276;10.000612257126848;0.8335892893316279;1.0448418154340222;1.044828387231171;0.7978153185740476;-0.014894994111199746;0.797812266468395
7.945717;1.0442859567175609;0.8331064626593656;0.7977560254479168;1.6683947033697603e-07;-4.692816086567706e-07;1.0449865673409482;10.000568287427038;0.8335921179517429;1.0448406320623973;1.0448254211362766;0.797813575341492;-0.014894993700400627;0.7978140574376933
7.955717;1.0442835157491983;0.8331033038323464;0.7977559394327813;1.2976519446315652e-07;-1.1395080564231275e-07;1.0449839963468834;10.000523589335838;0.8335949103769315;1.0448395742277514;1.0448224408068487;0.7978118611844998;-0.01489499332174373;0.7978158122126809
7.965717;1.0442811120063527;0.8331002752276271;0.7977558462427083;8.401039631566756e-08;2.4072962097021034e-07;1.0449812298394856;10.000478165946319;0.8335976582465726;1.0448386450844744;1.0448194547664211;0.7978101770964365;-0.014894992976850095;0.7978175230032297
7.975717;1.0442787491364023;0.8330973865851677;0.7977557418974394;2.983222292395064e-08;5.938601590338816e-07;1.0449782599092534;10.000432066117465;0.8336003534576487;1.0448378444853625;1.0448164697883882;0.7978085229260657;-0.014894992667639967;0.7978191822487155
7.985717;1.0442764296717284;0.8330946464888117;0.7977556210821004;-3.257795316776703e-08;9.444668967705785e-07;1.0449750793015866;10.000385385014564;0.833602989212463;1.0448371695697114;1.0448134911452331;0.7978068978445322;-0.01489499239606133;0.7978207841370705
7.995717;1.0442741537140674;0.8330920633589837;0.7977554776104406;-1.0313968544890097e-07;1.291510761441628e-06;1.0449716828824975;10.000338248702283;0.8336055604566385;1.044836615262294;1.0448105228991116;0.7978053006356445;-0.01489499216357349;0.7978223246281257
8.005717;1.0442719196580972;0.833089644781466;0.7977553052101545;-1.817443612394602e-07;1.633838998603813e-06;1.0449680679076576;10.000290792744543;0.8336080630503933;1.0448361731327376;1.0448075683293467;0.797803729341251;-0.014894991970716295;0.7978238004767996
8.015717;1.0442697261899878;0.8330873959322435;0.7977550978653856;-2.6809508109709906e-07;1.9701855392043085e-06;1.0449642328501183;10.000243149893974;0.8336104929763507;1.0448358313321722;1.0448046293637598;0.7978021810418138;-0.014894991816929633;0.797825208466675
8.025717;1.0442675727945703;0.8330853188429861;0.7977548497199811;-3.617596224384428e-07;2.2993675518037556e-06;1.0449601760790266;10.00019545336886;0.8336128460745537;1.044835576265683;1.0448017050946394;0.7978006521734632;-0.01489499170084205;0.7978265449003383
8.035717;1.0442654588183518;0.8330834124382085;0.7977545549796445;-4.6233609974889484e-07;2.6204941029592383e-06;1.0449558960299823;10.000147843973298;0.8336151181619351;1.0448353933508525;1.0447987916406365;0.7977991389427819;-0.014894991621031892;0.7978278055905217
8.045717;1.0442633835834847;0.8330816733021175;0.7977542084921139;-5.695334124304777e-07;2.9329716683346126e-06;1.0449513922725424;10.00010046533368;0.8336173059409598;1.0448352670339962;1.0447958837952394;0.7977976371664558;-0.014894991576484393;0.7978289866230392
8.055717;1.0442613470447508;0.8330800970435415;0.7977538069194894;-6.831154168719436e-07;3.236438528210447e-06;1.044946666132598;10.000053450964957;0.8336194086295265;1.0448351814680115;1.0447929763986314;0.7977961412439544;-0.014894991566274475;0.7978300855601044
8.065717;1.0442593496648704;0.8330786792291776;0.7977533493791011;-8.027469054903111e-07;3.5307091020597888e-06;1.044941721558726;10.000006912427418;0.8336214288862157;1.0448351216824896;1.0447900650085056;0.7977946435306542;-0.014894991589106609;0.7978311027345363
8.075717;1.0442573925562002;0.8330774151911965;0.7977528369624364;-9.279469385915469e-07;3.815590184256883e-06;1.0449365661791088;9.99996093267793;0.8336233716768041;1.044835074227058;1.044787146170907;0.7977931353545004;-0.014894991643279436;0.7978320416181791
8.085717;1.0442554780898536;0.8330762991619214;0.7977522717720537;-1.0582528369153378e-06;4.090705262233614e-06;1.0449312106491977;9.999915570188344;0.8336252422933378;1.0448350271428906;1.04478421668504;0.7977916091453995;-0.01489499172670581;0.7978329074530348
8.095717;1.044253609731694;0.833075323937191;0.7977516561171528;-1.1933914264668396e-06;4.355644301774454e-06;1.0449256665145872;9.999870868420054;0.8336270456461602;1.0448349706459115;1.044781272775915;0.7977900604263685;-0.014894991836976637;0.7978337053146695
8.105717;1.0442517914694258;0.8330744818553021;0.7977509919188861;-1.3333881365649642e-06;4.610326235520251e-06;1.0449199446061275;9.999826858763807;0.8336287865851278;1.0448348984971607;1.0447783100701309;0.7977884884002774;-0.014894991971857662;0.7978344392383946
8.115717;1.0442500287355339;0.8330737666845931;0.797750280418971;-1.4786427697540602e-06;4.855159684903422e-06;1.044914054657801;9.99978356300709;0.8336304695879385;1.0448348088958401;1.0447753237523596;0.7977868947639826;-0.014894992129727511;0.7978351120459891
8.125717;1.044248330203049;0.8330731749977645;0.7977495225216782;-1.6299006443533665e-06;5.090905467070614e-06;1.04490800522312;9.99974100543137;0.8336320981147107;1.044834704166101;1.044772309277644;0.7977852820069022;-0.014894992309380507;0.7978357250506037
8.135717;1.0442467076859978;0.8330727056568555;0.7977487197592505;-1.7881963950820375e-06;5.3184523536019815e-06;1.0449018033594124;9.999699224846237;0.8336336752100572;1.0448345884245187;1.0447692638809059;0.7977836525580038;-0.014894992509509588;0.7978362782289672
8.145717;1.044245173944876;0.833072357769227;0.7977478752421745;-1.9547964221190643e-06;5.5386085552945985e-06;1.044895454836205;9.999658274660538;0.8336352043974551;1.0448344644658987;1.044766187241122;0.7977820090491833;-0.014894992728517803;0.7978367709042905
8.155717;1.0442437402008675;0.8330721293774426;0.7977469940041474;-2.1310714406309493e-06;5.751978116725841e-06;1.0448889648636925;9.99961821873815;0.8336366893348309;1.0448343328593432;1.044763080701997;0.797780355002682;-0.014894992964866124;0.7978372025490766
8.165717;1.0442424143894111;0.8330720179315125;0.7977460828430767;-2.318366278587714e-06;5.959031969035425e-06;1.044882338893774;9.999579131466302;0.8336381329860622;1.0448341939736836;1.044759946430543;0.7977786949933108;-0.01489499321740354;0.7978375736048892
8.175717;1.0442412010133295;0.8330720211483448;0.7977451503940912;-2.517868447287751e-06;6.160249356253813e-06;1.0448755834161338;9.999541093429126;0.8336395366396091;1.0448340497509123;1.0447567866262988;0.7977770343413164;-0.014894993485198535;0.7978378853179977
8.185717;1.0442401026364403;0.8330721373530234;0.7977442076725693;-2.7304558253569237e-06;6.35613622145562e-06;1.0448687058618313;9.99950417997767;0.8336408986404646;1.044833902723389;1.0447536022906059;0.7977753791681227;-0.014894993767324408;0.7978381385567356
8.195717;1.0442391214163704;0.8330723658056921;0.7977432676078523;-2.9566083905697228e-06;6.547174423833272e-06;1.0448617141896457;9.999468454796173;0.8336422144548719;1.0448337545862045;1.0447503930153264;0.7977737366258437;-0.014894994062995175;0.7978383328327124
8.205717;1.0442382603438602;0.8330727071213682;0.7977423432119001;-3.196427256948628e-06;6.733773393853492e-06;1.0448546175038473;9.999433969224482;0.8336434786236254;1.0448336062908665;1.0447471580244525;0.7977721145775651;-0.014894994371676509;0.7978384658073188
8.215717;1.0442375244459483;0.8330731631950443;0.7977414467699755;-3.4497638060062593e-06;6.916129975583385e-06;1.0448474264854481;9.999400755155525;0.8336446864642185;1.0448334580966097;1.0447438960876445;0.7977705209154166;-0.014894994692812396;0.7978385335295388
8.225717;1.0442369206776647;0.833073736340062;0.7977405905285241;-3.716469588663953e-06;7.093992850142201e-06;1.0448401530319282;9.99936881631851;0.8336458346080341;1.04483330841239;1.0447406042370508;0.797768962759939;-0.014894995025249947;0.7978385317806186
8.235717;1.0442364563695685;0.8330744280900181;0.797739786962805;-3.996613006707041e-06;7.266558836194747e-06;1.0448328105792266;9.999338135694215;0.8336469212034243;1.04483315243442;1.044737278355969;0.7977674456765703;-0.01489499536684054;0.797838457458495
8.245717;1.044236137897283;0.8330752389574918;0.7977390478942429;-4.2904155486290775e-06;7.432722687558857e-06;1.044825414759662;9.999308689518907;0.8336479456371279;1.044832982315657;1.0447339165975222;0.797765973903284;-0.01489499571462305;0.797838308695657
8.255717;1.0442359705778672;0.8330761692833704;0.7977383829385136;-4.598028545234965e-06;7.591540352106612e-06;1.0448179825359638;9.999280438024732;0.8336489080365991;1.044832788825959;1.0447305226031893;0.7977645517105404;-0.014894996065273714;0.7978380844487641
8.265717;1.044235959038395;0.833077219149176;0.7977377987659607;-4.919443193907649e-06;7.742526115560434e-06;1.0448105301332908;9.99925329883873;0.8336498092452787;1.044832562917581;1.0447271050929925;0.7977631840950548;-0.01489499641533521;0.797837784652658
8.275717;1.044236107065825;0.8330783868086249;0.7977373003200864;-5.254499967952165e-06;7.88566670929635e-06;1.0448030717397812;9.999227142284303;0.8336506499694699;1.0448322968761543;1.0447236743366553;0.797761876309642;-0.014894996761233946;0.7978374103701765
8.285717;1.0442364174880874;0.8330796675419427;0.797736892575234;-5.602873771020646e-06;8.021280845128813e-06;1.0447956199196788;9.999201816384911;0.8336514288391036;1.0448319856197907;1.0447202397872686;0.797760633612248;-0.014894997099306764;0.7978369641070014
8.295717;1.0442368928528523;0.833081054045903;0.7977365809762113;-5.964103382258303e-06;8.149759902267118e-06;1.0447881868685753;9.999177175795127;0.8336521422550285;1.0448316277090755;1.0447168110196063;0.7977594613227555;-0.014894997425873378;0.7978364507355502
8.305717;1.0442375360092948;0.8330825378396621;0.7977363705406536;-6.337697246664353e-06;8.271291139467453e-06;1.044780784401797;9.999153093331413;0.8336527868695972;1.0448312253576737;1.0447133992754323;0.797758364265665;-0.014894997737251786;0.7978358776234035
8.315717;1.0442383491967002;0.8330841111046494;0.7977362646930439;-6.723147062738021e-06;8.385882281405625e-06;1.0447734222298806;9.999129449126498;0.833653361578762;1.0448307834817583;1.0447100172787784;0.7977573457600153;-0.014894998029904374;0.7978352533411481
8.325717;1.0442393321029109;0.8330857680104999;0.7977362647223276;-7.119833699539569e-06;8.493625964891257e-06;1.044766107213028;9.999106122359805;0.8336538672646702;1.0448303076534426;1.044706678413824;0.7977564068949554;-0.014894998300822873;0.7978345859638777
8.335717;1.0442404808834704;0.8330875043262252;0.7977363695482526;-7.527021515900553e-06;8.594735351195703e-06;1.0447588446263023;9.999083006860435;0.8336543057481278;1.0448298011437331;1.044703396090471;0.7977555466249399;-0.01489499854770172;0.7978338817616807
8.345717;1.0442417890658844;0.8330893162847693;0.7977365756325893;-7.94390200053942e-06;8.689350914113308e-06;1.0447516386344429;9.999060034606298;0.8336546786143352;1.0448292633149898;1.0447001822453865;0.7977547627768196;-0.014894998768871051;0.7978331448931919
8.355717;1.044243248506161;0.8330912000710324;0.7977368777206034;-8.369489202753623e-06;8.777460215678806e-06;1.044744491110771;9.999037188409055;0.8336549857859212;1.044828691119485;1.0446970456462439;0.7977540533937141;-0.014894998963523318;0.7978323784385221
8.365717;1.0442448483456337;0.8330931513376532;0.7977372700978164;-8.80239620826536e-06;8.858937902545026e-06;1.0447374012329398;9.999014495366913;0.8336552254972692;1.044828081518655;1.044693991871873;0.7977534175236144;-0.014894999131959652;0.797831585810314
8.375717;1.044246573864064;0.8330951646820536;0.7977377477815591;-9.240729904068208e-06;8.933591618373963e-06;1.0447303669393253;9.998992001888496;0.8336553959663949;1.0448274322551143;1.0446910235376516;0.7977528545785141;-0.014894999275323107;0.7978307711123912
8.385717;1.0442484077633993;0.8330972337886373;0.7977383070222658;-9.682195367064763e-06;9.001206849540172e-06;1.044723387013564;9.998969751074368;0.8336554963504349;1.0448267422167254;1.0446881398608272;0.7977523630040287;-0.014894999395213255;0.7978299385389499
8.395717;1.0442503317538707;0.8330993516512175;0.79773894412488;-1.0124329710393682e-05;9.061504557578606e-06;1.0447164619965001;9.998947777054314;0.8336555264764016;1.044826012814355;1.0446853379887187;0.797751940202541;-0.014894999493450013;0.797829091571169
8.405717;1.0442523264659094;0.8331015104111562;0.7977396540357841;-1.0564782051104305e-05;9.11406246255996e-06;1.0447095932047532;9.998926104060349;0.8336554869282314;1.044825249065727;1.0446826153573654;0.7977515835524994;-0.014894999571712574;0.7978282319173614
8.415717;1.0442543721720237;0.8331037016377285;0.7977404309047986;-1.10014468507711e-05;9.158442487640014e-06;1.044702781587366;9.998904737751126;0.8336553794437648;1.0448244589014628;1.0446799703388352;0.7977512910303208;-0.014894999631389393;0.7978273587064195
8.425717;1.0442564509309709;0.8331059167555332;0.7977412695835182;-1.1432382631393544e-05;9.194422380962256e-06;1.0446960284633464;9.998883658428648;0.8336552065611716;1.0448236504068695;1.044677401442008;0.7977510609721932;-0.01489499967400217;0.7978264687664355
8.435717;1.0442585471413357;0.8331081464077572;0.7977421663668287;-1.185574051381898e-05;9.222018890016981e-06;1.0446893367750099;9.998862829617696;0.8336549713870229;1.0448228290278765;1.0446749061266163;0.7977508915161071;-0.014894999701729984;0.7978255576394423
8.445717;1.0442606468345312;0.8331103799664873;0.7977431189783257;-1.2269825887167815e-05;9.241413077542429e-06;1.0446827109392265;9.99884221323477;0.8336546786622729;1.0448219977846487;1.044672480167978;0.7977507805667862;-0.014894999717402466;0.797824620764944
8.455717;1.0442627387485395;0.8331126069924633;0.797744125701003;-1.2673188473514795e-05;9.2529730123984e-06;1.0446761565768994;9.998821770149078;0.8336543354727651;1.044821159229098;1.044670118750128;0.7977507263478845;-0.014894999723923113;0.7978236545598931
8.465717;1.044264815869562;0.8331148186939841;0.7977451843536337;-1.3064672372878849e-05;9.25721503232269e-06;1.0446696807929075;9.998801447558002;0.8336539500981159;1.0448203152869326;1.0446678183019218;0.7977507279706874;-0.014894999723659088;0.7978226570080742
8.475717;1.044266874054822;0.8331170068209028;0.797746292537219;-1.3443446697875527e-05;9.254698824877465e-06;1.0446632914700527;9.998781172437008;0.8336535302953286;1.0448194657100527;1.0446655769293127;0.7977507852928185;-0.014894999718392563;0.7978216275802853
8.485717;1.044268909645762;0.8331191620993234;0.7977474479508488;-1.3808960753906482e-05;9.246035634888103e-06;1.0446569953970537;9.9987608523524;0.8336530823985405;1.044818609017105;1.0446633935617085;0.7977508978118314;-0.014894999709618767;0.7978205667679878
8.495717;1.0442709194011957;0.8331212753836346;0.7977486476484;-1.4160791263666795e-05;9.23186440316966e-06;1.0446507969188057;9.998740378199233;0.833652611182606;1.0448177452118628;1.0446612669510398;0.7977510640198372;-0.014894999698504429;0.7978194754209504
8.505717;1.0442729015339216;0.8331233400872914;0.7977498878583172;-1.4498521930370995e-05;9.212639682629135e-06;1.044644697933838;9.998719635740516;0.833652119990301;1.0448168767014492;1.0446591948656863;0.7977512821553135;-0.014894999685537424;0.7978183539119237
8.515717;1.0442748553824523;0.8331253522282288;0.7977511644277206;-1.4821727372326423e-05;9.188430383249902e-06;1.044638698437189;9.998698523016845;0.8336516109779375;1.0448160076576052;1.0446571737434958;0.7977515507784082;-0.01489499967050319;0.7978172015968998
8.525717;1.0442767797378052;0.8331273081389213;0.797752472730564;-1.51299619840029e-05;9.158910372111827e-06;1.0446327972696303;9.998676963603614;0.8336510855331928;1.0448151431278074;1.044655199156415;0.7977518682843213;-0.01489499965292294;0.7978160167562198
8.535717;1.0442786725289863;0.8331292033681542;0.7977538074571663;-1.5422745737491625e-05;9.123532969194843e-06;1.044626993105976;9.99865491715274;0.8336505445626847;1.044814288644392;1.0446532670704525;0.7977522326296598;-0.014894999632459558;0.797814796971013
8.545717;1.0442805328639146;0.8331310339979108;0.797755162247789;-1.5699664719543236e-05;9.081802219351271e-06;1.044621284759513;9.998632378630575;0.8336499888632698;1.0448134514982328;1.044651374935897;0.7977526417292057;-0.014894999608908829;0.7978135398076891
8.555717;1.0442823624630406;0.8331327981511113;0.7977565294485836;-1.5960559495062147e-05;9.033373604099792e-06;1.0446156701652975;9.998609361183735;0.8336494202843318;1.0448126415225343;1.0446495213504865;0.7977530935881475;-0.014894999582020417;0.7978122430671089
8.565717;1.0442841647490895;0.8331344963523047;0.7977579009896355;-1.620562032133876e-05;8.977861555302929e-06;1.0446101451876757;9.998585890039978;0.8336488425801735;1.0448118692336579;1.0446477045857252;0.7977535860517306;-0.014894999551321434;0.797810905100173
8.575717;1.0442859428597953;0.8331361313679748;0.7977592693408867;-1.6435361176819973e-05;8.914716658242105e-06;1.044604703963742;9.998562013857523;0.8336482602192125;1.0448111431799862;1.0446459223121458;0.7977541169534262;-0.014894999516039328;0.7978095258883692
8.585717;1.044287698973886;0.833137707594254;0.7977606278676033;-1.6650521956706384e-05;8.843362510292871e-06;1.0445993404721987;9.998537802463401;0.8336476764233499;1.044810468833883;1.0446441738441767;0.7977546844409453;-0.0148949994754505;0.7978081074295296
8.595717;1.044289436331159;0.8331392296381024;0.7977619714987312;-1.685190692251827e-05;8.76331314188411e-06;1.044594050035725;9.99851332504318;0.8336470931530537;1.0448098501826237;1.0446424624655994;0.7977552867298734;-0.014894999429250412;0.7978066527693516
8.605717;1.044291161348149;0.833140700702683;0.7977632971328174;-1.7040309770219e-05;8.674226930629045e-06;1.0445888304520223;9.998488637806668;0.8336465125121516;1.0448092923513512;1.0446407954443306;0.7977559218122121;-0.014894999377456766;0.7978051649330902
8.615717;1.0442928824466198;0.8331421220744379;0.7977646028755526;-1.721653167233722e-05;8.576017772513022e-06;1.0445836819725696;9.998463797933784;0.8336459369874166;1.0448088014057515;1.044639182393367;0.7977565880061275;-0.014894999320230872;0.7978036463618465
8.625717;1.044294607130799;0.8331434944564668;0.797765886611931;-1.7381272926863633e-05;8.468926701183134e-06;1.0445786057753654;9.998438878028171;0.8336453685589216;1.0448083816718052;1.0446376328625506;0.797757284893532;-0.014894999257589183;0.7978020986532806
8.635717;1.0442963410690802;0.8331448196884054;0.7977671450591343;-1.753499049115819e-05;8.353549414910312e-06;1.0445736022087935;9.998413952273118;0.8336448079688179;1.044808034565403;1.0446361548166256;0.797758013359258;-0.014894999188944073;0.7978005226938162
8.645717;1.0442980894382483;0.8331461011329727;0.7977683742375843;-1.7677982027899097e-05;8.230771601416125e-06;1.0445686702617314;9.998389078064712;0.8336442545394057;1.0448077597923315;1.0446347557004902;0.7977587744424757;-0.014894999113197489;0.7977989189643535
8.655717;1.0442998584762735;0.8331473432945744;0.7977695709595953;-1.7810528219789652e-05;8.101491412185942e-06;1.0445638091751552;9.998364302336945;0.833643706893794;1.0448075569798578;1.0446334434995712;0.7977595679067305;-0.014894999029330351;0.7977972874253288
8.665717;1.044301656085164;0.8331485513240783;0.7977707338915506;-1.7932765804858204e-05;7.966394713293371e-06;1.0445590201393262;9.998339673708449;0.8336431637863542;1.0448074259740088;1.0446322256147467;0.7977603915212151;-0.014894998936781131;0.7977956273736185
8.675717;1.0443034906581012;0.8331497303147022;0.7977718632167441;-1.8044435522238244e-05;7.826055857931701e-06;1.0445543054026472;9.99831524249586;0.8336426242631044;1.0448073657141435;1.0446311077781092;0.7977612419247787;-0.014894998835661007;0.7977939377619396
8.685717;1.044305368766998;0.833150885007252;0.7977729594911734;-1.8144877064794626e-05;7.681185152681012e-06;1.0445496662535565;9.998291051164147;0.833642087627102;1.044807373877521;1.0446300949741802;0.797762116767684;-0.014894998726893987;0.7977922174457869
8.695717;1.044307294318456;0.8331520198635833;0.7977740232918175;-1.823325179610574e-05;7.532763062024586e-06;1.0445451019337877;9.998267120343206;0.8336415529643295;1.0448074477625506;1.0446291940215098;0.7977630160339247;-0.014894998611932981;0.7977904650081341
8.705717;1.044309268846414;0.8331531382586713;0.7977750560634322;-1.83087327507519e-05;7.3819919581674386e-06;1.0445406099527075;9.998243453112751;0.8336410186924362;1.0448075849235914;1.044628415395735;0.7977639412055899;-0.014894998492143647;0.7977886786040105
8.715717;1.0443112912480335;0.8331542410671293;0.7977760610446054;-1.8370629851841542e-05;7.230160507970504e-06;1.0445361876387453;9.998220061285476;0.8336404836332856;1.04480778321252;1.0446277716943155;0.7977648935333281;-0.014894998368262085;0.7977868566527666
8.725717;1.0443133586607705;0.8331553264013913;0.7977770435082006;-1.841846154877e-05;7.078580161745955e-06;1.04453183317522;9.998196975767227;0.8336399483448429;1.044808040878628;1.04462727419692;0.7977658737910119;-0.014894998240203041;0.7977849990935588
8.735717;1.0443154686067162;0.8331563907527573;0.7977780101092441;-1.845188882299497e-05;6.928545292519084e-06;1.0445275448869529;9.998174230181144;0.8336394140874441;1.0448083575324885;1.0446269305026274;0.7977668836643049;-0.014894998107355206;0.7977831075471479
8.745717;1.0443176197654398;0.8331574306384525;0.7977789671769;-1.8470646541815797e-05;6.781177500167699e-06;1.0445233204312745;9.99815184745933;0.8336388805040884;1.0448087348558956;1.0446267434859544;0.797767925909653;-0.014894997969145368;0.7977811843141087
8.755717;1.0443198113347305;0.8331584439216639;0.7977799187316447;-1.8474607636018185e-05;6.6372255897591585e-06;1.0445191579185231;9.99812984016565;0.8336383454079814;1.044809175900104;1.0446267122760773;0.7977690028031601;-0.014894997825409975;0.7977792322599908
8.765717;1.044322042409465;0.8331594300289357;0.7977808656443163;-1.8463842559702227e-05;6.496989607690044e-06;1.0445150580227747;9.998108209872989;0.8336378068410126;1.0448096845322012;1.0446268354964008;0.7977701156284929;-0.014894997676291329;0.7977772562201475
8.775717;1.0443243117891199;0.8331603896436529;0.7977818061041915;-1.8438542389715873e-05;6.3604800681484786e-06;1.0445110248653753;9.998086942585251;0.8336372645776841;1.0448102652892353;1.0446271129711042;0.7977712645312657;-0.014894997521941464;0.7977752637588634
8.785717;1.0443266183795723;0.8331613249133684;0.7977827363380017;-1.839876431578796e-05;6.227692426113959e-06;1.0445070653733852;9.998066011264548;0.8336367196577599;1.0448109220094246;1.044627543874661;0.7977724473572707;-0.01489499736266289;0.7977732639769551
8.795717;1.0443289617622737;0.8331622400327181;0.7977836513692975;-1.834413397959123e-05;6.0987448382246145e-06;1.0445031880025768;9.998045385203524;0.8336361732259358;1.0448116558228209;1.0446281244683449;0.7977736602162288;-0.014894997199254387;0.7977712661149455
8.805717;1.044331341725231;0.8331631416735213;0.7977845459584714;-1.8273811544310895e-05;5.973926997971029e-06;1.0444994015765514;9.998025037275275;0.8336356261158822;1.044812464598604;1.0446288480655188;0.7977748998148501;-0.014894997032886825;0.797769279322324
8.815717;1.0443337566369093;0.8331640386321166;0.7977854151051592;-1.8186709930925257e-05;5.853774721143194e-06;1.0444957145304776;9.998004949163033;0.8336350785308481;1.0448133442868586;1.044629706508037;0.7977761637234035;-0.01489499686468408;0.797767312785754
8.825717;1.0443362021565061;0.833164940576981;0.7977862540689423;-1.8081680247813413e-05;5.7390663108466744e-06;1.0444921341844076;9.997985112652236;0.8336345297324727;1.0448142904646656;1.0446306919002957;0.7977774485815531;-0.01489499669544085;0.7977653757274409
8.835717;1.0443386712839082;0.8331658568588926;0.7977870584312603;-1.7957559328401233e-05;5.630754217427564e-06;1.0444886660657493;9.997965518816006;0.8336339790181212;1.0448152987139894;1.044631798383258;0.7977787488360369;-0.014894996525538176;0.797763477781534
8.845717;1.0443411551170112;0.8331667953957426;0.797787824451209;-1.7813154822381302e-05;5.529876051967327e-06;1.0444853140042687;9.997946144575753;0.8336334266713217;1.0448163640461627;1.0446330234810097;0.7977800565855441;-0.014894996354918907;0.7977616295161835
8.855717;1.0443436430527684;0.8331677611958692;0.7977885491841158;-1.7647311161495654e-05;5.4373906738772205e-06;1.0444820809880626;9.997926953835986;0.8336328731991108;1.0448174802322183;1.0446343675833007;0.7977813628114446;-0.01489499618297298;0.7977598420883897
8.865717;1.0443461220058812;0.8331687557698727;0.7977892301167756;-1.745907455184522e-05;5.354067672239407e-06;1.0444789701170079;9.997907908705013;0.833632318431683;1.0448186403636668;1.0446358318021234;0.7977826594732572;-0.014894996008349159;0.7977581259829174
8.875717;1.0443485758498168;0.8331697774113525;0.7977898656978294;-1.7247786745104234e-05;5.280485716097832e-06;1.0444759851760088;9.997888969648187;0.833631761905708;1.0448198388366892;1.0446374168172536;0.7977839400172438;-0.014894995828807697;0.7977564901179459
8.885717;1.0443509871645025;0.8331708214643624;0.7977904566759512;-1.7013073008854853e-05;5.217031196656084e-06;1.044473130068367;9.997870076302432;0.8336312041367054;1.0448210729114873;1.0446391232002925;0.797785197901282;-0.014894995641330516;0.797754941965951
8.895717;1.0443533409248356;0.8331718818493196;0.7977910063150698;-1.675478593746877e-05;5.1639653552859336e-06;1.0444704071990827;9.997851135237466;0.8336306480474026;1.044822342373031;1.0446409514325838;0.7977864252369862;-0.01489499544252772;0.797753487796539
8.905717;1.0443556261279143;0.8331729537212567;0.7977915194922393;-1.647287748797175e-05;5.121603572813632e-06;1.0444678163454812;9.997832038012069;0.8336300990703454;1.044823647591429;1.0446429014743845;0.7977876124413187;-0.014894995228912989;0.7977521326313984
8.915717;1.044357833520856;0.8331740349471747;0.7977920020029087;-1.6167362589943282e-05;5.090475558667141e-06;1.0444653545632971;9.997812691639927;0.8336295631825272;1.0448249874064717;1.044644972871865;0.7977887486734054;-0.014894994996889508;0.7977508805824368
8.925717;1.0443599523036917;0.8331751257863658;0.7977924602914658;-1.5838529190806592e-05;5.071317558929084e-06;1.0444630162616773;9.997793039769515;0.8336290448110617;1.044826358097817;1.0446471652942089;0.7977898226175382;-0.014894994742796375;0.7977497356375716
8.935717;1.044361968494585;0.8331762282694918;0.7977929008748038;-1.5487025073759816e-05;5.0648537839131025e-06;1.0444607930004317;9.997773071683476;0.8336285466393151;1.044827753780035;1.0446494786162845;0.7977908227147638;-0.014894994463013981;0.7977487018228121
8.945717;1.0443638659023133;0.833177345753774;0.797793329402603;-1.5113590777539049e-05;5.071518950319007e-06;1.0444586736836106;9.997752811186064;0.8336280707514988;1.044829167549339;1.0446519121193398;0.7977917369218173;-0.014894994153966602;0.7977477820467763
8.955717;1.0443656290090724;0.8331784819394531;0.7977937500460159;-1.4718859211377724e-05;5.091299670882929e-06;1.044456645995123;9.99773228471842;0.8336276191652178;1.0448305923269934;1.0446544638099573;0.7977925531532531;-0.014894993812461697;0.7977469769066947
8.965717;1.044367244776268;0.8331796399012522;0.7977941654095408;-1.4303407431739624e-05;5.123751313173905e-06;1.044454698790205;9.997711497667026;0.833627193542745;1.0448320213331592;1.0446571309612531;0.7977932605881478;-0.014894993436362134;0.7977462847391769
8.975717;1.0443687023267068;0.83318082103643;0.7977945769351918;-1.3867815119620687e-05;5.1680935274963685e-06;1.044452824182146;9.997690439377948;0.8336267954597527;1.0448334485404585;1.0446599106901815;0.7977938506851134;-0.014894993024776426;0.7977457025711352
8.985717;1.0443699925635723;0.8331820240472219;0.7977949854224474;-1.3412702084407667e-05;5.223192209720379e-06;1.0444510180792974;9.99766910377246;0.8336264266577186;1.0448348689489677;1.0446627992885986;0.7977943170334523;-0.014894992577503555;0.7977452273401909
8.995717;1.0443711086830179;0.8331832460054761;0.7977953910274037;-1.2938801328782964e-05;5.287486930149495e-06;1.0444492793376867;9.99764750840843;0.8336260881303807;1.044836278899543;1.0446657911210502;0.7977946545512394;-0.014894992094334208;0.7977448569406712
9.005717;1.0443720468317745;0.8331844845464257;0.7977957933192938;-1.2446882681342347e-05;5.359109004572506e-06;1.0444476091761523;9.99762569882394;0.8336257791265761;1.0448376765165817;1.044668878375499;0.7977948593385952;-0.014894991574967851;0.7977445908603882
9.015717;1.044372806044636;0.8331857386038057;0.7977961920044754;-1.1937475985208475e-05;5.43617614698647e-06;1.0444460118742824;9.997603732971177;0.8336254969764821;1.0448390619121832;1.0446720519841548;0.7977949296514399;-0.014894991019612825;0.7977444300609522
9.025717;1.0443733879184396;0.8331870083145415;0.7977965874753524;-1.1410708815850226e-05;5.5170496715395085e-06;1.0444444953432326;9.997581662996124;0.8336252374629493;1.044840437498777;1.0446753025971642;0.7977948670541286;-0.014894990429351737;0.7977443757501098
9.035717;1.0443737968943119;0.8331882952063012;0.7977969808836357;-1.0866380986779076e-05;5.600403293098566e-06;1.0444430690339457;9.997559528026295;0.8336249954572658;1.0448418082926672;1.0446786205800318;0.7977946763224125;-0.014894989805710199;0.7977444275892844
9.045717;1.044374040149059;0.8331896021115465;0.797797374562108;-1.0304066205192827e-05;5.68512056853412e-06;1.0444417402353572;9.997537350622348;0.8336247653904862;1.0448431809017618;1.044681995573252;0.7977943637840296;-0.014894989150238111;0.7977445825351754
9.055717;1.04437412645029;0.8331909321916936;0.7977977726155792;-9.723141887117112e-06;5.770151939719703e-06;1.0444405127983558;9.99751513772525;0.8336245415121695;1.044844561760233;1.0446854168471125;0.797793935721678;-0.014894988464873185;0.7977448349577243
9.065717;1.044374065468113;0.8331922877829818;0.7977981804486526;-9.122773097603811e-06;5.854439762491209e-06;1.0444393886210728;9.997492893786637;0.8336243183803336;1.0448459564906185;1.0446888746038034;0.7977933980565001;-0.014894987752573566;0.7977451775516501
9.075717;1.0443738680468384;0.8331936700190613;0.7977986033817056;-8.501905677359247e-06;5.936967416256933e-06;1.0444383686039862;9.997470635850302;0.8336240916473728;1.0448473693958433;1.044692361163689;0.7977927563730313;-0.014894987017449839;0.79774560267483
9.085717;1.0443735455588194;0.8331950786661063;0.7977990460114335;-7.859362324070857e-06;6.016789086612875e-06;1.0444374526563078;9.997448398684615;0.8336238587963838;1.0448488022687223;1.044695872223667;0.7977920156996109;-0.014894986264326577;0.7977461039472591
9.095717;1.0443731077830094;0.8331965119493846;0.7977995127021598;-7.1940095457711645e-06;6.0928461978303465e-06;1.0444366410292174;9.99742622667242;0.8336236190494005;1.0448502545551952;1.0446994083571821;0.7977911808969975;-0.014894985498215928;0.7977466774346675
9.105717;1.0443725618652517;0.8331979672223827;0.797800008218074;-6.5048893780504234e-06;6.163788928636289e-06;1.044435935999567;9.997404156520053;0.833623371831424;1.0448517244521016;1.044702974470018;0.7977902574027449;-0.014894984724257418;0.7977473219531381
9.115717;1.0443719139022425;0.8331994423383696;0.7978005380960972;-5.791343495587833e-06;6.22808834410223e-06;1.044435341629763;9.997382206726328;0.8336231150847323;1.0448532095891228;1.04470657691853;0.7977892515578012;-0.014894983947751825;0.7977480381026106
9.125717;1.0443711714009085;0.8332009369848205;0.7978011083085543;-5.053072787853967e-06;6.2843440402290985e-06;1.0444348626156927;9.997360377417687;0.8336228457385709;1.0448547086399713;1.0447102215975745;0.7977881709725281;-0.01489498317353357;0.797748826493087
9.135717;1.0443703445691512;0.8332024534001756;0.7978017239025188;-4.29002444876715e-06;6.33156646066345e-06;1.0444345034314537;9.997338652205421;0.8336225618960287;1.0448562229512866;1.0447139136018277;0.7977870247149514;-0.014894982405257558;0.7977496869447168
9.145717;1.044369446083339;0.8332039960310775;0.7978023881148333;-3.5022855647959654e-06;6.369265907682759e-06;1.0444342678569392;9.997317007327664;0.8336222638993636;1.0448577566163553;1.0447176562045408;0.7977858225097583;-0.01489498164558113;0.7977506189481286
9.155717;1.0443684901474584;0.8332055707843207;0.7978031023681409;-2.6900804063748622e-06;6.397346285492092e-06;1.0444341596219393;9.99729542561743;0.8336219534202273;1.0448593159492987;1.044721449608727;0.7977845736132221;-0.014894980897052934;0.7977516220365221
9.165717;1.0443674919385773;0.8332071845207943;0.7978038655624913;-1.8537298511829436e-06;6.415896280761501e-06;1.044434183505372;9.99727389702894;0.8336216322250394;1.0448609073449053;1.0447252910329892;0.7977832867448831;-0.0148949801628075;0.7977526962490629
9.175717;1.044366467660926;0.8332088443210458;0.7978046736646388;-9.936704446689174e-07;6.4249287711912105e-06;1.044434345288996;9.99725241290279;0.8336213021667285;1.044862533749835;1.0447291756286057;0.7977819707958136;-0.014894979446484683;0.7977538434369351
9.185717;1.0443654339874868;0.8332105565934725;0.7978055207973022;-1.1064898039582491e-07;6.4242514074794444e-06;1.0444346512199174;9.997230972703;0.8336209661435332;1.0448641937559233;1.044733096872488;0.7977806344027742;-0.014894978751767157;0.79775506787207
9.195717;1.0443644058696524;0.833212326705315;0.7978063997538243;7.941701883375729e-07;6.413584062714796e-06;1.0444351074679967;9.99720959161733;0.8336206281415526;1.0448658838899272;1.0447370459804102;0.7977792844114387;-0.014894978082047929;0.7977563751920833
9.205717;1.0443633939452475;0.8332141590547752;0.7978073018997969;1.7194440225692415e-06;6.392726356231645e-06;1.0444357191103293;9.997188299076134;0.8336202915806006;1.0448676009013187;1.0447410120476293;0.7977779255673324;-0.014894977440200161;0.7977577712441871
9.215717;1.0443624037451487;0.8332160566469019;0.7978082184425912;2.664017176723183e-06;6.361609916512478e-06;1.044436490439175;9.997167136274923;0.8336199571408478;1.0448693419106774;1.044744984129389;0.797776561780293;-0.014894976828377017;0.7977592614328239
9.225717;1.0443614372390324;0.8332180201161494;0.7978091419083663;3.626900348012637e-06;6.320278322996368e-06;1.044437426867309;9.997146153671233;0.8336196216394219;1.0448711025389947;1.0447489529307792;0.797775196935011;-0.014894976247949266;0.7977608501639539
9.235717;1.0443604953761572;0.8332200477473485;0.7978100659959734;4.606858107216662e-06;6.268847347064032e-06;1.0444385355955326;9.99712540504552;0.8336192790003113;1.0448728754072971;1.0447529100500472;0.7977738347337935;-0.014894975699753881;0.7977625406330093
9.245717;1.0443595799049243;0.8332221366989085;0.7978109846595564;5.6021802449919e-06;6.207432414085023e-06;1.0444398246467117;9.997104938035962;0.8336189224785929;1.044874651402788;1.0447568464984573;0.7977724789547471;-0.014894975184379879;0.7977643348045446
9.255717;1.0443586939847147;0.8332242838765087;0.7978118924177343;6.610843768775987e-06;6.136050058743713e-06;1.0444413009894824;9.997084793607554;0.8336185462866543;1.044876422804245;1.0447607525754552;0.7977711342970366;-0.014894974702009942;0.7977662332243263
9.265717;1.044357842175641;0.8332264860994519;0.7978127859333709;7.630825341253352e-06;6.054609449774081e-06;1.0444429680859069;9.997065017723525;0.8336181463764655;1.0448781846693143;1.044764618788411;0.797769806553056;-0.014894974252205904;0.7977682348784974
9.275717;1.0443570303938665;0.8332287405879746;0.7978136645310959;8.660362474298862e-06;5.963036412610234e-06;1.0444448251277498;9.997045663171422;0.8336177208345856;1.0448799330619998;1.0447684368142083;0.7977685017028497;-0.014894973834459087;0.7977703371099663
9.285717;1.044356266146328;0.8332310459543033;0.7978145287364907;9.697914346924325e-06;5.861390492873658e-06;1.0444468682173587;9.997026781264163;0.8336172696988311;1.0448816626033253;1.0447721999894564;0.7977672247700409;-0.014894973449290784;0.7977725353947166
9.295717;1.0443555583553514;0.8332334022817035;0.7978153781944093;1.0741823513426103e-05;5.7499273213946954e-06;1.0444490908293564;9.997008420128491;0.8336167942336914;1.0448833661288677;1.0447759031527584;0.7977659796373411;-0.01489497309888299;0.7977748239468345
9.305717;1.0443549163263168;0.8332358102868413;0.7978162101761497;1.1790132640445015e-05;5.629205746246591e-06;1.0444514835890208;9.996990623511987;0.8336162963311917;1.0448850364160331;1.0447795416120678;0.7977647699683907;-0.014894972786751365;0.7977771972803789
9.315717;1.0443543490395335;0.8332382710013184;0.7978170196238131;1.2840699757937332e-05;5.500277533339045e-06;1.0444540360261276;9.996973418308322;0.8336157784272344;1.0448866671348187;1.0447831100752374;0.7977635997567597;-0.01489497251676222;0.7977796505341562
9.325717;1.0443538654670277;0.8332407850976753;0.7978178009938078;1.3891346301971228e-05;5.364816920970833e-06;1.0444567399309872;9.996956797726778;0.8336152432055406;1.04488825162708;1.0447866036956146;0.7977624727616345;-0.014894972292102333;0.7977821785344074
9.335717;1.0443534747733711;0.8332433513459222;0.797818550121834;1.4939949343127319e-05;5.2249924532842266e-06;1.0444595900189568;9.99694071992482;0.8336146927570018;1.044889781329221;1.0447900204191178;0.7977613916984728;-0.01489497211478231;0.7977847756799074
9.345717;1.0443531854977657;0.833245966689892;0.7978192642905735;1.598452315415366e-05;5.0831151669686235e-06;1.04446258061025;9.996925128939964;0.8336141281258017;1.044891245553737;1.0447933612218128;0.7977603579479914;-0.014894971985914381;0.7977874368265347
9.355717;1.0443530052286374;0.8332486284646555;0.7978199411730245;1.7023255629537628e-05;4.941295439261614e-06;1.044465702965489;9.99690998541531;0.8336135493588173;1.044892632924973;1.0447966282144376;0.7977593721516448;-0.014894971906247804;0.797790158172213
9.365717;1.0443529417153468;0.8332513359349479;0.7978205782622595;1.8054484010860102e-05;4.801272713286588e-06;1.044468946046855;9.996895288092674;0.8336129557441297;1.0448939335610348;1.0447998229928421;0.7977584350929118;-0.014894971876366653;0.7977929370733806
9.375717;1.0443530038737623;0.8332540904986608;0.7978211733890179;1.9076734987718218e-05;4.664366675333446e-06;1.044472297959281;9.99688106991307;0.8336123466518435;1.0448951403684963;1.0448029458220722;0.79775754779381;-0.014894971896698838;0.7977957713436484
9.385717;1.044353201930354;0.833256896283005;0.7978217257571042;2.0088855724309136e-05;4.531434832850585e-06;1.0444757470943664;9.99686737187887;0.8336117220638853;1.044896248749817;1.044805995639782;0.7977567110396419;-0.014894971967506337;0.797798659573668
9.395717;1.0443535469057783;0.8332597607985932;0.7978222364023865;2.1090045146718757e-05;4.4029077467683094e-06;1.0444792843158337;9.996854222353567;0.8336110818958323;1.04489725567038;1.0448089709478208;0.7977559246174654;-0.014894972088800206;0.7978016014328428
9.405717;1.044354049922514;0.833262694547355;0.7978227077430511;2.2079773590079537e-05;4.278935966909876e-06;1.0444829039549743;9.996841643479591;0.8336104257552756;1.044898158866242;1.0448118704067526;0.7977551866354319;-0.014894972260404156;0.7978045969607378
9.415717;1.0443547223078171;0.833265709650909;0.7978231424156584;2.305771242598978e-05;4.1595340428977035e-06;1.044486602262841;9.996829665530479;0.8336097538454434;1.0448989555722634;1.044814692639761;0.7977544937483945;-0.01489497248226167;0.7978076458375286
9.425717;1.0443555756798792;0.8332688179554318;0.7978235419350332;2.4023582781197896e-05;4.0447446081952034e-06;1.044490376210904;9.996818317978656;0.8336090672408552;1.0448996407266595;1.0448174365948293;0.797753841653045;-0.014894972754586313;0.7978107472821157
9.435717;1.0443566205919772;0.8332720300089927;0.7978239064812371;2.4976912804915014e-05;3.934890811851288e-06;1.0444942239419195;9.996807607435835;0.8336083668561061;1.0449002064328323;1.0448201030770523;0.7977532251203244;-0.014894973077496595;0.797813900194928
9.445717;1.0443578650644185;0.833275355721181;0.797824235874442;2.591688824238103e-05;3.830740886373127e-06;1.044498145351398;9.996797515207538;0.8336076528838116;1.0449006436214534;1.044822696094533;0.7977526380183309;-0.014894973450417242;0.7978171027354627
9.455717;1.044359314675845;0.833278805319814;0.7978245304629166;2.6842353357041274e-05;3.7333424866437964e-06;1.0445021415582227;9.996788014854964;0.8336069256499606;1.0449009447964925;1.0448252220026513;0.7977520733486902;-0.014894973871874462;0.7978203519196205
9.465717;1.0443609729615078;0.8332823893747434;0.7978247918621048;2.7751958395322575e-05;3.643625758905621e-06;1.0445062138123056;9.99677908107111;0.8336061859987576;1.0449011064531413;1.0448276866609296;0.7977515233444399;-0.014894974339895076;0.7978236441558918
9.475717;1.044362840879293;0.8332861184349154;0.7978250232041905;2.8644356333785567e-05;3.5620945129832428e-06;1.0445103629262542;9.996770681267492;0.8336054345579366;1.0449011297436712;1.044830093706777;0.797750979829977;-0.014894974852595758;0.7978269762331487
9.485717;1.0443649161437638;0.8332900026398474;0.7978252281646715;2.9518279072036995e-05;3.4887645404111893e-06;1.0445145883091498;9.996762767219247;0.8336046716156247;1.044901018683423;1.0448324449762494;0.7977504346744337;-0.0148949754083029;0.7978303461513961
9.495717;1.044367193067233;0.8332940503616971;0.797825410430826;3.0372548662755748e-05;3.4233085077821785e-06;1.044518886287462;9.996755279062567;0.8336038978277847;1.0449007772658587;1.0448347409541008;0.79774988042182;-0.014894976005259334;0.797833752934625
9.505717;1.0443696630416024;0.833298266088033;0.7978255743289289;3.120609510793284e-05;3.365278335644541e-06;1.044523249781401;9.996748159307419;0.8336031143402304;1.044900408092509;1.0448369817849084;0.7977493106160354;-0.014894976641682824;0.7978371953283074
9.515717;1.0443723157394456;0.8333026496461993;0.7978257245561645;3.20179113553785e-05;3.3142426473959284e-06;1.0445276693822627;9.996741360865204;0.8336023218347031;1.0448999133061219;1.0448391704441373;0.7977487194856643;-0.014894977315930374;0.7978406709749936
9.525717;1.0443751409023216;0.8333071972742861;0.7978258649230283;3.280695610186068e-05;3.2697329196839002e-06;1.044532134341138;9.996734842504193;0.833601520047839;1.0448992958414802;1.0448413150450588;0.7977481015416574;-0.01489497802601384;0.7978441764803785
9.535717;1.0443781304160025;0.8333119023977841;0.7978259978383143;3.357213200731549e-05;3.231154463245445e-06;1.0445366338174271;9.996728572776567;0.8336007089810701;1.0448985593773699;1.0448434270898739;0.7977474511925895;-0.014894978769205263;0.7978477074615538
9.545717;1.0443812794292693;0.8333167553216204;0.7978261243025663;3.431242767931489e-05;3.1978537549085496e-06;1.0445411584630102;9.996722547920074;0.8335998902649441;1.0448977075786983;1.044845517431759;0.7977467627076207;-0.01489497954250324;0.7978512581955044
9.555717;1.0443845852478004;0.833321743640007;0.7978262435788035;3.502713048181311e-05;3.1692183788307907e-06;1.044545701257997;9.996716800241574;0.8335990672166265;1.0448967444233126;1.0448475935881822;0.7977460307610755;-0.014894980343132476;0.7978548212648824
9.565717;1.044388044694006;0.8333268536683991;0.7978263535332394;3.5715929560818814e-05;3.1447432939813486e-06;1.0445502578216097;9.996711388883574;0.8335982440760884;1.0448956761061745;1.0448496601918003;0.7977452506860108;-0.014894981168532313;0.7978583880417148
9.575717;1.0443916521330696;0.8333320712639128;0.7978264520445243;3.637891570581538e-05;3.1241251354321893e-06;1.0445548269884293;9.996706381301307;0.8335974249441698;1.0448945128816736;1.0448517216762103;0.797744418792997;-0.014894982016148495;0.7978619491354506
9.585717;1.044395399873182;0.8333373820998665;0.7978265377618027;3.701660410651058e-05;3.1073042741288967e-06;1.044559410763402;9.996701830673903;0.8335966126638804;1.0448932697709732;1.0448537843606602;0.7977435338278719;-0.01489498288324125;0.7978654939794994
9.595717;1.0443992801472917;0.8333427722869682;0.7978266095696533;3.762987249575814e-05;3.0944603488151146e-06;1.0445640126340698;9.996697764645871;0.8335958078301903;1.0448919661097062;1.0448558560509646;0.7977425978610245;-0.014894983767032853;0.7978690113631133
9.605717;1.0444032863206598;0.8333482287232341;0.7978266660991897;3.821969771505398e-05;3.086007022669856e-06;1.0445686350440297;9.996694199418409;0.8335950086216775;1.044890623584338;1.0448579446996595;0.797741614873531;-0.014894984665084276;0.7978724908344706
9.615717;1.0444074127276473;0.8333537390707378;0.7978267060206176;3.878689212546592e-05;3.0825023226591287e-06;1.0445732782440509;9.996691162538093;0.8335942120349198;1.044889264049519;1.0448600583093643;0.7977405889124268;-0.014894985575316246;0.7978759224054658
9.625717;1.044411653656001;0.8333592927362948;0.7978267286654228;3.9332009212747145e-05;3.084482461195433e-06;1.0445779418974785;9.996688702578457;0.833593415123245;1.0448879092924672;1.0448622058197738;0.7977395238838815;-0.014894986495678263;0.7978792945716993
9.635717;1.0444160013948172;0.8333648825175166;0.797826734191269;3.985540556816051e-05;3.0923549803420886e-06;1.044582627401474;9.996686885058121;0.8335926153329681;1.044886581942914;1.0448643980576764;0.7977384241422618;-0.014894987423795155;0.7978825933143989
9.645717;1.0444204443256209;0.8333705050048683;0.7978267233273758;4.035739480454016e-05;3.1063800101908252e-06;1.0445873381297082;9.996685780536275;0.8335918104536464;1.044885305613402;1.0448666478607571;0.7977372944306813;-0.01489498835674669;0.7978858038283758
9.655717;1.0444249664055776;0.8333761596580788;0.7978266975627898;4.083826411476327e-05;3.1265939029116285e-06;1.0445920781479168;9.996685458222728;0.8335909980624887;1.0448841039093595;1.0448689682341001;0.7977361394609214;-0.014894989291224021;0.797888913973445
9.665717;1.0444295479593955;0.8333818478579849;0.7978266589932254;4.129807124399789e-05;3.1526599942573725e-06;1.044596850953084;9.996685997818142;0.8335901749012613;1.0448829987915997;1.044871369710285;0.7977349638392707;-0.014894990223979871;0.7978919164824816
9.675717;1.0444341677467799;0.8333875728742328;0.7978266090263632;4.173656275851147e-05;3.183886807210705e-06;1.0446016583366855;9.996687499306825;0.8335893369377644;1.0448820086226982;1.044873859077644;0.7977337723992346;-0.014894991152091745;0.7978948082197553
9.685717;1.0444388061304655;0.8333933398106224;0.7978265476105544;4.215340353169531e-05;3.219471255892772e-06;1.044606499490055;9.99669006856774;0.8335884796839956;1.0448811464762375;1.0448764391587995;0.7977325704208205;-0.014894992072983372;0.7978975880626258
9.695717;1.044443447015412;0.8333991534865178;0.797826473757407;4.2548481832077085e-05;3.258672861259796e-06;1.0446113712740985;9.996693797109339;0.833587598603216;1.0448804197643795;1.0448791090673126;0.7977313628942956;-0.014894992984378444;0.797900255299894
9.705717;1.0444480769444275;0.8334050154197893;0.7978263860483887;4.2921998715116295e-05;3.3007619609446318e-06;1.0446162701504338;9.996698754061205;0.8335866898640508;1.0448798310923166;1.044881865077709;0.7977301537545121;-0.014894993884176663;0.7979028087165534
9.715717;1.0444526839373645;0.8334109232206058;0.7978262822583867;4.3274267398615734e-05;3.344940017354886e-06;1.0446211940297767;9.996704986645689;0.8335857504254217;1.0448793799781486;1.0448847016356273;0.7977289464958583;-0.01489499477039123;0.7979052464064881
9.725717;1.0444572580220115;0.8334168725849532;0.7978261592287916;4.3605476990190896e-05;3.3904088926023173e-06;1.044626142485522;9.996712527535614;0.83358477668086;1.0448790648831872;1.0448876124721262;0.7977277447597794;-0.014894995641192768;0.7979075662378513
9.735717;1.0444617914558214;0.8334228588541929;0.797826014443333;4.391565184676821e-05;3.4364777263193817e-06;1.0446311163556863;9.996721406011156;0.8335837633458442;1.0448788840853263;1.0448905913225541;0.7977265509876705;-0.01489499649468954;0.7979097658895917
9.745717;1.0444662774365223;0.833428876912128;0.7978258478673074;4.420463793632758e-05;3.4825409776424186e-06;1.044636116894974;9.996731650808314;0.8335827038548308;1.044878835578321;1.0448936311256054;0.7977253641984463;-0.014894997328521101;0.7979118420051499
9.755717;1.0444707089449923;0.8334349213780974;0.7978256619379474;4.447199185198668e-05;3.5280464706956035e-06;1.044641143674554;9.996743280123612;0.8335815911987109;1.0448789168977175;1.0448967229255035;0.797724179550336;-0.014894998139989048;0.7979137900309806
9.765717;1.0444750793953437;0.8334409877392975;0.7978254602388969;4.4716954135172465e-05;3.5725349817724134e-06;1.04464619316029;9.996756292851407;0.8335804186557704;1.0448791248493727;1.0448998568728443;0.7977229900323446;-0.014894998926775352;0.7979156054762993
9.775717;1.0444793834373562;0.8334470728884529;0.7978252461573638;4.493859487952018e-05;3.61556245832781e-06;1.0446512603527467;9.99677066599281;0.8335791810892555;1.044879455821014;1.0449030249097642;0.7977217888212202;-0.014894999687579595;0.7979172845914659
9.785717;1.044483615704927;0.8334531742990626;0.7978250223075869;4.513602689833065e-05;3.65659550747276e-06;1.044656341766378;9.99678634624291;0.8335778768487512;1.0448799068754115;1.0449062227046866;0.7977205715652537;-0.014895000422166883;0.7979188234608571
9.795717;1.044487769911911;0.8334592885894588;0.7978247912229723;4.5308510263223446e-05;3.6950780904572685e-06;1.0446614367041571;9.996803244194814;0.8335765086312446;1.0448804760200394;1.0449094491590747;0.7977193376694812;-0.014895001130980112;0.7979202174245742
9.805717;1.0444918401641028;0.8334654106808422;0.7978245560279438;4.545538251550965e-05;3.730461061962841e-06;1.044666546994054;9.996821248799073;0.8335750818488716;1.0448811613898603;1.0449127045251456;0.7977180898932552;-0.014895001814937369;0.797921461903796
9.815717;1.044495821678475;0.8334715335042651;0.797824319861483;4.557597247787379e-05;3.762130078408857e-06;1.0446716762004211;9.99684025188434;0.8335736024174842;1.0448819610122404;1.0449159896386706;0.7977168324509978;-0.014895002475537556;0.7979225536330037
9.825717;1.044499709605267;0.8334776480976798;0.7978240852340016;4.5669565072145935e-05;3.789444234028279e-06;1.0446768280660272;9.996860160054089;0.8335720762081195;1.0448828731322957;1.044919305703748;0.7977155684836075;-0.01489500311473768;0.7979234916211966
9.835717;1.0445034982065726;0.8334837448192295;0.7978238540342084;4.573539739169373e-05;3.811789779693116e-06;1.0446820046070802;9.996880890748686;0.8335705091434178;1.044883896076033;1.0449226530076474;0.7977142990634154;-0.014895003734229816;0.7979242772142473
9.845717;1.0445071812931919;0.8334898143926456;0.7978236277233265;4.5772771148448234e-05;3.828504845427496e-06;1.0446872050889646;9.996902365396542;0.8335689070468435;1.0448850277660993;1.0449260299685506;0.7977130243649512;-0.014895004334515119;0.7979249128721739
9.855717;1.0445107530958397;0.8334958475812178;0.7978234074645271;4.578119600882629e-05;3.8388745413700124e-06;1.0446924268576034;9.996924505443024;0.8335672758186873;1.044886265128361;1.0449294334223813;0.7977117447691929;-0.0148950049146224;0.7979254010856774
9.865717;1.0445142089060089;0.8335018350073025;0.7978231937541903;4.576034128603446e-05;3.842315508126343e-06;1.0446976676187263;9.996947231749974;0.8335656216209155;1.0448876037843098;1.0449328583553317;0.7977104608603094;-0.014895005472574985;0.7979257445581402
9.875717;1.0445175448777124;0.8335077674587145;0.7978229859516008;4.570986182533579e-05;3.838500047519018e-06;1.0447029270905488;9.996970464820325;0.8335639504413093;1.044889038472279;1.0449362967375426;0.7977091730642365;-0.014895006006191114;0.7979259468823765
9.885717;1.0445207576392892;0.8335136358896343;0.797822782830686;4.562938790394125e-05;3.827280780478817e-06;1.0447082064271065;9.996994119497996;0.8335622672730856;1.044890563804673;1.0449397367039597;0.7977078809089894;-0.014895006513951717;0.7979260127349987
9.895717;1.0445238448196679;0.8335194315065314;0.7978225838764609;4.5518685207421056e-05;3.8086084286073175e-06;1.044713505805245;9.997018106295497;0.8335605756140047;1.0448921746118065;1.0449431624420218;0.7977065823545869;-0.014895006995386111;0.7979259474067004
9.905717;1.044526806269704;0.8335251460928069;0.7978223898723935;4.537770006711418e-05;3.782553181330029e-06;1.0447188227634527;9.997042345564742;0.8335588781240981;1.0448938657078122;1.044946555712266;0.7977052743762802;-0.014895007450828205;0.797925756393846
9.915717;1.0445296449674637;0.8335307724162241;0.7978222022193865;4.5206459280244546e-05;3.7493976493419157e-06;1.0447241533595426;9.997066771314573;0.8335571783373591;1.0448956320984384;1.044949898802254;0.797703953978518;-0.014895007881136351;0.7979254454229728
9.925717;1.0445323667200694;0.8335363048391562;0.7978220221223813;4.5005048915622794e-05;3.709723944331982e-06;1.0447294938697371;9.997091324894523;0.8335554816349549;1.0448974703558356;1.044953175913643;0.7977026183715664;-0.014895008287501692;0.7979250204177463
9.935717;1.0445349790770762;0.833541739502336;0.7978218510407974;4.4773676969251056e-05;3.664363588061444e-06;1.0447348401829823;9.997115956902753;0.8335537943417538;1.0448993792064312;1.0449563716076529;0.7977012653614667;-0.014895008671142523;0.7979244880558803
9.945717;1.0445374903763656;0.8335470733007951;0.7978216918978819;4.451263851103606e-05;3.6141714970935572e-06;1.0447401867696429;9.997140625661018;0.8335521223277104;1.0449013576247002;1.0449594689491033;0.7976998944428396;-0.014895009033271839;0.7979238571815765
9.955717;1.0445399089465772;0.8335523022544264;0.7978215491882129;4.422222827882493e-05;3.5597357168296895e-06;1.044745527191933;9.997165289567372;0.8335504707583399;1.0449034029162845;1.0449624503543091;0.7976985072968561;-0.014895009375463975;0.797923139240665
9.965717;1.0445422428554478;0.8335574203984626;0.7978214279226631;4.390278338545686e-05;3.501281013294969e-06;1.0447508546276842;9.997189913452653;0.8335488449718425;1.044905510889524;1.0449653004331247;0.7976971076289869;-0.014895009699729471;0.7979223473578672
9.975717;1.0445445001371803;0.8335624198015654;0.7978213329468229;4.355481279757267e-05;3.438871117269817e-06;1.044756162165633;9.997214476532722;0.8335472516964556;1.044907676771161;1.0449680074532304;0.797695700543991;-0.014895010007924234;0.7979214956672512
9.985717;1.0445466881500605;0.8335672918867455;0.7978212689460696;4.3179060160767286e-05;3.3726324296872227e-06;1.044761443590866;9.997238956418549;0.8335456998243074;1.0449098961621621;1.044970562464221;0.797694291293682;-0.014895010301166122;0.797920599257989
9.995717;1.0445488126458566;0.8335720289673673;0.7978212407039234;4.277643856374557e-05;3.3028086494420084e-06;1.0447666933092805;9.997263310137493;0.8335442001565371;1.0449121661714782;1.0449729586940375;0.7976928844337174;-0.01489501057994058;0.7979196736217072
10.005717;1.0445508781056452;0.8335766246375106;0.7978212532018277;4.234788110444153e-05;3.229709731473171e-06;1.0447719057024003;9.997287488418362;0.8335427642505043;1.0449144856942223;1.0449751924274078;0.797691483614118;-0.014895010844441225;0.7979187330533557
10.015717;1.0445528881061596;0.8335810733076455;0.7978213109059749;4.189426311235511e-05;3.1536712513891515e-06;1.044777075836397;9.997311467472722;0.83354140341788;1.0449168549427075;1.0449772637640813;0.7976900916072772;-0.014895011094572672;0.7979177891464748
10.025717;1.044554844048389;0.8335853691606281;0.797821416763625;4.1416466266578066e-05;3.0751330985259744e-06;1.0447822008482384;9.997335255154324;0.8335401286329732;1.0449192754718135;1.0449791763058627;0.7976887106424011;-0.0148950113299928;0.7979168507781093
10.035717;1.044556743059606;0.8335895049708368;0.7978215720509626;4.0915419845187706e-05;2.994669355471457e-06;1.0447872804982619;9.997358866472856;0.8335389507053076;1.0449217496228491;1.0449809365204956;0.7976873421011482;-0.014895011550491269;0.7979159254642912
10.045717;1.0445585766017764;0.8335934727837698;0.7978217766957942;4.039202695445373e-05;2.912839510963503e-06;1.0447923164999546;9.997382296632004;0.8335378802181599;1.044924279289354;1.0449825538692548;0.7976859856619526;-0.014895011756434859;0.7979150206297349
10.055717;1.04456033152415;0.8335972657190999;0.7978220292481175;3.984712340711296e-05;2.8301556675081586e-06;1.0447973109613964;9.997405515846369;0.8335369277578394;1.0449268655675785;1.0449840411375217;0.7976846397713105;-0.014895011948814532;0.7979141439986063
10.065717;1.0445619947095517;0.8336008775596797;0.7978223268799953;3.928154593985953e-05;2.7472453713935638e-06;1.0448022653339022;9.99742848753305;0.8335361042650409;1.044929507733655;1.0449854129572265;0.7976833030517693;-0.014895012128721387;0.7979133033319523
10.075717;1.0445635575277812;0.8336043014412826;0.7978226656328974;3.869622321890633e-05;2.6649473914610216e-06;1.0448071803967507;9.997451192895122;0.833535420680025;1.0449322015764337;1.044986682794585;0.7976819747735912;-0.014895012296721459;0.7979125053825621
10.085717;1.0445650150562669;0.8336075314215269;0.7978230405447936;3.809222891131327e-05;2.584252584663569e-06;1.0448120560609382;9.997473638012595;0.833534887207439;1.0449349397990635;1.0449878616160553;0.7976806552488062;-0.014895012452630193;0.7979117544311534
10.095717;1.0445663625880408;0.8336105652938774;0.7978234461169907;3.747085427243771e-05;2.506138131855368e-06;1.044816889974431;9.997495834707667;0.8335345128507764;1.0449377138092006;1.0449889594151365;0.7976793467713202;-0.014895012595708624;0.797911051404334
10.105717;1.0445675944846564;0.8336134046230609;0.7978238771023082;3.683377953626181e-05;2.4314027670355903e-06;1.0448216758544737;9.997517782816713;0.8335343048005073;1.044940515152232;1.0449899866464192;0.7976780531615312;-0.014895012725104762;0.7979103945129299
10.115717;1.0445687049534136;0.8336160523241768;0.7978243285444482;3.618323179289482e-05;2.3606536858301915e-06;1.044826403714598;9.997539475492493;0.8335342678979033;1.0449433364114664;1.0449909530192194;0.7976767781527379;-0.014895012840400474;0.7979097810811363
10.125717;1.0445696890770966;0.8336185109149797;0.7978247950603428;3.552190820776815e-05;2.2944395830881026e-06;1.0448310621677328;9.997560910966891;0.8335344048547487;1.0449461713714256;1.0449918652356285;0.7976755244886794;-0.014895012941966783;0.7979092085912517
10.135717;1.0445705439302766;0.8336207828914441;0.7978252699822608;3.4852662931632025e-05;2.2333833301487085e-06;1.0448356408645079;9.997582094814858;0.8335347165504902;1.044949014634439;1.044992726061762;0.7976742935150418;-0.014895013030868558;0.7979086742747061
10.145717;1.0445712687490933;0.8336228721264874;0.7978257445695193;3.4178182780305143e-05;2.178224563000179e-06;1.0448401319128109;9.997603041680664;0.8335352018034566;1.044951860943242;1.0449935346624353;0.7976730849246246;-0.014895013108496233;0.797908174050998
10.155717;1.044571863441178;0.8336247840088479;0.7978262081673173;3.3500775420645894e-05;2.1297632493643905e-06;1.044844530636194;9.997623785901915;0.8335358570399656;1.0449547045735685;1.0449942881147445;0.7976718972601816;-0.014895013176203587;0.7979077019884699
10.165717;1.0445723265952844;0.833626523918543;0.7978266499207693;3.2822291856927276e-05;2.0886992711370487e-06;1.0448488353376413;9.997644388833322;0.8335366762713426;1.0449575395248651;1.0449949838217312;0.7976707291382779;-0.014895013234902638;0.7979072515343606
10.175717;1.0445726545188316;0.8336280966772905;0.797827060593976;3.2144227473223935e-05;2.0554805877589687e-06;1.044853045100627;9.997664926908259;0.8335376516985114;1.0449603594826147;1.044995620705365;0.7976695804649869;-0.01489501328477793;0.7979068173046695
10.185717;1.0445728413843882;0.8336295076566966;0.7978274327974147;3.146783609048035e-05;2.0303697260439925e-06;1.044857157431707;9.997685464387486;0.8335387751661969;1.0449631574761067;1.04499619839718;0.7976684526081488;-0.014895013325442867;0.7979063953771897
10.195717;1.0445728803342045;0.8336307634990033;0.7978277600711701;3.079407662845658e-05;2.0137056364801694e-06;1.044861168182651;9.997706038604287;0.8335400396040767;1.0449659271337923;1.044996716028754;0.7976673475534097;-0.014895013356217957;0.7979059829839987
10.205717;1.0445727656663077;0.8336318722976592;0.7978280364591561;3.0123516829645246e-05;2.0059972750812723e-06;1.0448650729232472;9.997726675298566;0.8335414391878773;1.0449686643882348;1.044997171727038;0.7976662676318327;-0.014895013376131102;0.7979055788960685
10.215717;1.0445724945103054;0.8336328434160348;0.7978282568027912;2.9456378155959905e-05;2.0076733192098958e-06;1.0448688682627982;9.997747407339833;0.8335429687225664;1.0449713673980445;1.0449975627250903;0.7976652159297044;-0.014895013383912335;0.7979051837388682
10.225717;1.0445720670432004;0.8336336860633804;0.7978284168158168;2.8792733242121674e-05;2.0188342789537334e-06;1.044872552461035;9.997768274316991;0.8335446234956654;1.0449740351613737;1.0449978852443171;0.7976641962855882;-0.01489501337832773;0.7979048000056409
10.235717;1.0445714865896738;0.8336344077020946;0.7978285132068471;2.8132685694573334e-05;2.0392131349441096e-06;1.0448761247349951;9.997789318309064;0.8335463996222562;1.0449766667135483;1.0449981338085792;0.7976632132646925;-0.014895013358598077;0.7979044320950612
10.245717;1.0445707599261322;0.8336350143298322;0.7978285441062442;2.7476398155381866e-05;2.0681747968084138e-06;1.0448795840552296;9.997810586968905;0.8335482944440171;1.0449792618023634;1.0449983010117745;0.7976622722434951;-0.014895013324476814;0.7979040854411705
10.255717;1.0445698970887916;0.8336355123031997;0.7978285086220925;2.682398677906626e-05;2.104786018246066e-06;1.0448829285460954;9.997832136928288;0.8335503065503329;1.0449818216075681;1.044998378319851;0.797661378766831;-0.014895013276208463;0.7979037650617512
10.265717;1.0445689104608686;0.833635909203612;0.7978284059100089;2.617533384522921e-05;2.1480331578571604e-06;1.0448861550353878;9.997854030298168;0.8335524351039942;1.0449843485831425;1.0449983575440178;0.7976605371794795;-0.014895013214643309;0.797903475260713
10.275717;1.0445678135698548;0.8336362128839202;0.7978282355236169;2.552991013880917e-05;2.1969808994938026e-06;1.0448892582730687;9.997876326006537;0.8335546788212728;1.0449868463507552;1.044998231642579;0.7976597491831816;-0.01489501314121186;0.7979032202330033
10.285717;1.0445666205690776;0.8336364310928951;0.7978279982504041;2.4886751664086312e-05;2.250836718482726e-06;1.044892230331548;9.99789907939821;0.8335570355002674;1.0449893201382225;1.0449979942418541;0.7976590134132782;-0.014895013057688715;0.797903004089072
10.295717;1.0445653461352586;0.8336365723245515;0.7978276957730392;2.4244710506219445e-05;2.3091207843677674e-06;1.0448950614873316;9.997922353666048;0.8335595019338347;1.0449917768937704;1.0449976394496892;0.7976583268280627;-0.014895012965986977;0.7979028298647343
10.305717;1.0445640053071852;0.8336366455262485;0.7978273300697134;2.360286737173286e-05;2.3719042328158996e-06;1.0448977430337687;9.99794622262102;0.8335620731893953;1.0449942235982375;1.044997161616221;0.7976576867475597;-0.0148950128679065;0.7979026985953871
10.315717;1.0445626134242594;0.8336366590850315;0.7978269038086833;2.2960737083014124e-05;2.4398597694927786e-06;1.0449002695177252;9.99797075518816;0.8335647423613107;1.0449966646135358;1.0449965545596522;0.7976570920418165;-0.014895012764810003;0.7979026094388703
10.325717;1.0445611850402474;0.8336366207648955;0.7978264211680204;2.2318126749112947e-05;2.5139957036735193e-06;1.0449026385431965;9.997996002187653;0.8335675012967639;1.0449991010059179;1.0449958128014107;0.7976565436202678;-0.014895012657551497;0.7979025604418472
10.335717;1.044559731787097;0.8336365376805865;0.7978258877990768;2.167493871630258e-05;2.5953107243604526e-06;1.0449048497035966;9.998022005862596;0.8335703405410486;1.045001532060863;1.044994934073234;0.7976560446344116;-0.014895012546701749;0.7979025492360287
10.345717;1.0445582617635933;0.8336364163387964;0.7978253093537303;2.103113272087373e-05;2.6846568547714267e-06;1.044906903580713;9.998048823621115;0.833573249167611;1.0450039560491355;1.0449939202357705;0.7976556000733814;-0.014895012432849618;0.797902573162935
10.355717;1.0445567817840022;0.8336362635702019;0.7978246900742773;2.0386673403739788e-05;2.7827697815263757e-06;1.0449088003350038;9.9980765345584;0.8335762158372219;1.0450063691598555;1.0449927774849892;0.7976552157173556;-0.014895012316750143;0.7979026290506824
10.365717;1.044555301103606;0.8336360872411298;0.7978240330954381;1.9741304732582917e-05;2.8903643663039497e-06;1.0449105387087696;9.998105221739745;0.833579230111299;1.045008764688597;1.0449915166977644;0.7976548971372094;-0.014895012198886386;0.797902713000608
10.375717;1.0445538337815412;0.8336358962272842;0.7978233410687776;1.909440499294292e-05;3.008176565897494e-06;1.044912116604401;9.998134957393585;0.8335822827953341;1.0450111336569836;1.0449901531328318;0.7976546492366874;-0.014895012078769069;0.7979028198885699
10.385717;1.0445523975448363;0.8336357005282145;0.7978226156265653;1.8445232483953042e-05;3.1368068825735933e-06;1.044913532296546;9.998165798046259;0.8335853647952739;1.0450134661510222;1.0449887052661955;0.7976544763124672;-0.014895011954974011;0.797902943338065
10.395717;1.0445510108544076;0.8336355111554259;0.7978218568794556;1.7793336470329087e-05;3.2765161055042224e-06;1.0449147841875597;9.998197775619241;0.8335884657712033;1.0450157526461534;1.0449871934250103;0.7976543825243813;-0.014895011825801772;0.7979030767711872
10.405717;1.044549691246597;0.8336353387073367;0.7978210638378197;1.7138669444987506e-05;3.4272181938976896e-06;1.044915870464561;9.998230892924427;0.8335915741826615;1.0450179848185088;1.0449856394885773;0.7976543726502885;-0.014895011689618605;0.7979032141174605
10.415717;1.044548454685864;0.8336351913411078;0.7978202350775201;1.648145277661985e-05;3.588617805031054e-06;1.044916791208846;9.998265134111556;0.8335946776418125;1.0450201554980805;1.044984066340001;0.7976544528630776;-0.014895011544750585;0.7979033493942448
10.425717;1.0445473149221802;0.8336350737386997;0.7978193691048876;1.582213357210044e-05;3.7602731596672e-06;1.0449175504094965;9.99830046951412;0.8335977633312163;1.0450222581093407;1.0449824954833022;0.7976546308127591;-0.01489501138958265;0.7979034763603862
10.435717;1.0445462832561991;0.8336349875028253;0.7978184642081287;1.5161432241681345e-05;3.9415389362921985e-06;1.0449181552661047;9.99833684433885;0.8336008198780389;1.0450242864812584;1.044980945700914;0.7976549146699907;-0.014895011222916978;0.7979035891192343
10.445717;1.0445453681822374;0.8336349325739403;0.7978175180956215;1.4500344152934212e-05;4.131563022913493e-06;1.044918614593654;9.99837417402972;0.8336038388128688;1.0450262349438317;1.044979434151176;0.797655312035514;-0.014895011043898728;0.79790368284956
10.455717;1.0445445749968651;0.8336349085439073;0.7978165277942699;1.3840099800711564e-05;4.329432297458068e-06;1.04491893735542;9.998412352977784;0.8336068136500576;1.0450280980104023;1.0449779773407468;0.7976558296933113;-0.014895010851678202;0.7979037536844107
10.465717;1.0445439064583464;0.8336349146660884;0.7978154893867132;1.3182120308347586e-05;4.534355103182673e-06;1.0449191312581683;9.99845126103353;0.8336097385991837;1.0450298703784193;1.04497659107484;0.7976564741255747;-0.014895010645478358;0.7979037978569749
10.475717;1.0445433636987231;0.833634949027428;0.79781439817822;1.2527980530837042e-05;4.745769550965522e-06;1.0449192024481995;9.998490767193827;0.8336126082783974;1.0450315479525796;1.0449752903375573;0.7976572515395265;-0.014895010424775102;0.797903810744138
10.485717;1.0445429468360141;0.8336350080303945;0.7978132503076114;1.1879292396273629e-05;4.963372544079025e-06;1.0449191556810564;9.998530733913494;0.8336154177689874;1.0450331282748284;1.044974089769282;0.7976581668765435;-0.014895010189193337;0.7979037864196683
10.495717;1.0445426561057216;0.8336350864791117;0.7978120439684692;1.1237411855618706e-05;5.187084891091757e-06;1.04491899399403;9.9985710137883;0.8336181627648969;1.0450346094965188;1.044973004367147;0.7976592233178432;-0.014895009938499012;0.7979037179593482
10.505717;1.0445424924716498;0.8336351783903694;0.7978107789638901;1.0603161498425944e-05;5.416950486685127e-06;1.0449187195530558;9.998611444552052;0.8336208396628646;1.0450359896940722;1.0449720493973984;0.7976604227691733;-0.014895009672862542;0.7979035981242649
10.515717;1.0445424562279955;0.8336352785052519;0.7978094563075765;9.976846651994768e-06;5.652970318993309e-06;1.0449183360970424;9.998651859922076;0.8336234454301955;1.0450372671762826;1.0449712398929696;0.797661766175933;-0.01489500939313213;0.7979034195059638
10.525717;1.0445425447416692;0.8336353830352908;0.797808078555338;9.358422336040988e-06;5.894971682897387e-06;1.0449178501903331;9.998692105502153;0.8336259769040817;1.0450384407707785;1.0449705902145912;0.7976632537335858;-0.01489500910104146;0.7979031742266502
10.535717;1.0445427516458192;0.8336354889780614;0.7978066498274172;8.747519227226328e-06;6.1426708270252905e-06;1.0449172701798324;9.99873204174427;0.8336284300058527;1.0450395098728487;1.044970112592828;0.7976648849607041;-0.01489500879911774;0.7979028543778878
10.545717;1.044543068200058;0.8336355939992198;0.797805174820379;8.143448155560977e-06;6.395831248761643e-06;1.0449166043502356;9.998771546921997;0.8336308004968312;1.0450404739826182;1.0449698148442823;0.7976666578044167;-0.014895008490129098;0.7979024526898285
10.555717;1.0445434843483565;0.8336356968156617;0.7978036575919065;7.545350197686712e-06;6.654273579475906e-06;1.0449158592701868;9.998810526784592;0.8336330852641277;1.045041331863718;1.0449696994139475;0.797668567946283;-0.014895008176589524;0.7979019625646486
10.565717;1.044543987012194;0.83363579600563;0.79780210174152;6.952362570415147e-06;6.9177773521308675e-06;1.0449150393333644;9.998848914407294;0.833635281752099;1.0450420816362251;1.0449697645953784;0.7976706097691338;-0.01489500786074038;0.7979013783994565
10.575717;1.0445445581888122;0.8336358883367373;0.7978005112694427;6.36375497583851e-06;7.186039909061705e-06;1.0449141483100293;9.998886660148662;0.8336373863507177;1.0450427215770095;1.0449700064782452;0.7976727776973711;-0.014895007544972194;0.7979006963196352
10.585717;1.0445451768746583;0.8336359690080019;0.7977988903117512;5.7790234134579214e-06;7.458668830138469e-06;1.0449131917923382;9.998923724086227;0.8336393936002872;1.045043249552459;1.0449704198678567;0.7976750666799387;-0.014895007232254759;0.7978999141548194
10.595717;1.0445458231894258;0.8336360335417278;0.7977972425955144;5.197846152514662e-06;7.735150442560703e-06;1.0449121784652433;9.998960075133576;0.8336412966865742;1.0450436611382743;1.0449709980324906;0.7976774722059896;-0.014895006926085436;0.7978990308295342
10.605717;1.044546480249694;0.8336360791143833;0.7977955720212794;4.6200099953727925e-06;8.0148200495991e-06;1.0449111193590555;9.998995702535566;0.8336430889625512;1.0450439498554955;1.0449717318250724;0.7976799899988429;-0.014895006630164978;0.7978980460861245
10.615717;1.044547133651892;0.8336361041493253;0.7977938836843849;4.045453753042804e-06;8.296851986815279e-06;1.0449100265373974;9.999030636365744;0.8336447651227573;1.0450441107197528;1.0449726093450076;0.7976826155097848;-0.014895006348099506;0.7978969599707819
10.625717;1.0445477711509585;0.833636107421544;0.7977921837003152;3.4743991244299644e-06;8.580224425958866e-06;1.044908912907981;9.999064956638914;0.8336463211343877;1.0450441432027926;1.0449736173486956;0.7976853431041389;-0.014895006082955945;0.7978957714545336
10.635717;1.0445483830679707;0.8336360880745949;0.7977904775437005;2.9073787046737484e-06;8.86362263927368e-06;1.0449077925018193;9.999098778386026;0.833647753920017;1.045044051164111;1.0449747425944071;0.7976881647818922;-0.014895005836826564;0.7978944775381045
10.645717;1.0445489619449004;0.8336360460991163;0.7977887686369464;2.3450025437077824e-06;9.145477494552593e-06;1.0449066803243665;9.999132228324719;0.8336490614746128;1.045043841672676;1.044975971676094;0.7976910695179743;-0.014895005610737824;0.7978930743316623
10.655717;1.0445495004997423;0.8336359827327473;0.7977870585681331;1.7877539032501087e-06;9.424248103060254e-06;1.0449055918543446;9.99916543783538;0.8336502429397733;1.0450435236776798;1.044977291047041;0.79769404410172;-0.014895005404907602;0.7978915593533904
10.665717;1.0445499897710704;0.8336359007621152;0.7977853487805316;1.236109210530999e-06;9.698621637676223e-06;1.0449045414944071;9.999198544787946;0.8336512981303056;1.0450431062663212;1.044978688098911;0.7976970750371286;-0.014895005219203396;0.7978899327066653
10.675717;1.044550419610513;0.8336358037605115;0.7977836425035993;6.906549054569991e-07;9.967518273843361e-06;1.0449035404967353;9.99923168380664;0.8336522261992618;1.0450425978447486;1.0449801524872717;0.7977001505335005;-0.014895005053433583;0.7978881964433763
10.685717;1.0445507802086866;0.8336356940497205;0.7977819449195582;1.5196344378117787e-07;1.0230096446748522e-05;1.044902595953401;9.999264975284598;0.8336530236894173;1.0450420067567292;1.044981676570803;0.7977032613324496;-0.01489500490739009;0.7978863534367827
10.695717;1.0445510624114493;0.8336355711791954;0.797780261345039;-3.795279358826521e-07;1.0485690707529422e-05;1.0449017105422633;9.9992985314873;0.8336536837039378;1.0450413420377567;1.0449832543033344;0.7977063996783171;-0.014895004780995745;0.7978844059121429
10.705717;1.0445512568002386;0.8336354320398787;0.7977785956575305;-9.035384768700876e-07;1.0733629677536604e-05;1.0449008827168034;9.999332468940564;0.8336541976953817;1.0450406130553993;1.044984879370948;0.7977095577068317;-0.014895004674427914;0.7978823541881807
10.715717;1.0445513530281145;0.8336352721505192;0.7977769500232545;-1.4199146263253607e-06;1.0973135935612797e-05;1.0449001077259141;9.999366906881097;0.8336545583466088;1.0450398279545074;1.0449865435518142;0.7977127269970473;-0.014895004587996627;0.797880197584077
10.725717;1.0445513401858115;0.8336350874179578;0.7977753249463351;-1.9285159279998717e-06;1.1203412180836503e-05;1.044899379254123;9.999401951710878;0.8336547612619964;1.0450389925221766;1.0449882354891868;0.7977158992272707;-0.014895004522092458;0.7978779367126159
10.735717;1.044551207372478;0.8336348751151049;0.7977737192240045;-2.429114459127868e-06;1.1423755631011703e-05;1.0448986911919806;9.999437683731346;0.8336548052304784;1.0450381099885835;1.0449899406929128;0.7977190670714552;-0.014895004477287891;0.7978755749511669
10.745717;1.0445509432529874;0.833634633069572;0.7977721303389121;-2.921419306688441e-06;1.1633556089238898e-05;1.0448980385190008;9.99947416152668;0.8336546911892597;1.0450371800223412;1.0449916431750033;0.7977222247577747;-0.01489500445427042;0.7978731187227013
10.755717;1.0445505347576618;0.8336343579235909;0.797770555016762;-3.40516109181321e-06;1.1832284867724923e-05;1.0448974173388526;9.999511432740338;0.8336544205829309;1.0450361977786742;1.0449933271362364;0.7977253678581419;-0.014895004453496785;0.7978705770248309
10.765717;1.0445499673070622;0.8336340444499362;0.7977689893148427;-3.880197142128565e-06;1.2019590856655775e-05;1.0448968250875474;9.999549533675477;0.8336539947609485;1.0450351554382036;1.0449949778436682;0.7977284922106326;-0.01489500447489354;0.7978679606012022
10.775717;1.0445492276586175;0.8336336868747144;0.7977674291599306;-4.346588628493941e-06;1.2195386987856134e-05;1.0448962608129897;9.999588486699663;0.833653415213021;1.0450340446407367;1.0449965823046838;0.7977315926372455;-0.014895004517974248;0.797865281007982
10.785717;1.044548306579646;0.8336332802713485;0.7977658720771619;-4.804529976948864e-06;1.2359753188726077e-05;1.0448957255551092;9.99962830400443;0.8336526835472285;1.0450328576843206;1.044998129996513;0.7977346628230904;-0.014895004582262207;0.7978625499373451
10.795717;1.0445471992124027;0.8336328205478541;0.7977643185649657;-5.254159383339787e-06;1.2512749377669411e-05;1.0448952228554889;9.999668995506315;0.8336518014649614;1.0450315881304397;1.044999613325234;0.7977376966063812;-0.014895004667598726;0.7978597787771526
10.805717;1.0445459040084826;0.8336323042830688;0.7977627717133314;-5.695466236185044e-06;1.2654364131535818e-05;1.0448947590492588;9.999710570253008;0.8336507713105095;1.0450302307182018;1.0450010273826271;0.7977406892359389;-0.01489500477429722;0.7978569778493902
10.815717;1.0445444216105733;0.8336317283070191;0.7977612357711276;-6.12839923560134e-06;1.2784587007467152e-05;1.044894343131571;9.999753023460062;0.833649596693145;1.045028780400729;1.0450023694298232;0.797743637876316;-0.014895004903518484;0.7978541560342574
10.825717;1.0445427548174662;0.8336310887721468;0.7977597151187169;-6.552933539202838e-06;1.2903487976539415e-05;1.0448939850509709;9.999796330953867;0.8336482821080755;1.0450272320818659;1.0450036385320722;0.7977465420671216;-0.014895005057655106;0.797851321477692
10.835717;1.0445409097800016;0.8336303814890197;0.7977582137120923;-6.968969539371695e-06;1.3011224398460904e-05;1.04489369290387;9.999840455785163;0.8336468323721197;1.0450255813146268;1.0450048345702168;0.7977494039573704;-0.01489500524008852;0.7978484822201135
10.845717;1.0445388969500455;0.8336296033685733;0.7977567340054292;-7.376216690783337e-06;1.3107913277847384e-05;1.0448934714235618;9.999885342492574;0.8336452531264051;1.0450238247273858;1.045005956567226;0.7977522272558196;-0.014895005454478963;0.7978456461720889
10.855717;1.0445367301413349;0.8336287535748105;0.7977552764694564;-7.774111208192214e-06;1.319350175380557e-05;1.044893321763003;9.999930911286132;0.8336435513715083;1.0450219602892605;1.0450070023635607;0.7977550155178504;-0.014895005704246766;0.7978428210792896
10.865717;1.0445344245465369;0.8336278340712603;0.7977538410281917;-8.16184973529177e-06;1.3267837508767119e-05;1.0448932417625363;9.999977071587253;0.83364173481287;1.0450199879754254;1.0450079703223139;0.797757771226987;-0.014895005992406915;0.7978400141630106
10.875717;1.0445319960456074;0.8336268488002705;0.7977524281421426;-8.538546854020815e-06;1.33308360901019e-05;1.0448932273114158;10.000023737785526;0.8336398105680636;1.0450179106742774;1.045008860603137;0.7977604958538057;-0.014895006321570236;0.7978372308998217
10.885717;1.044529460703115;0.8336258019668094;0.7977510379497214;-8.90338584880108e-06;1.3382530309370124e-05;1.0448932738962349;10.000070833589378;0.8336377846299139;1.0450157345672262;1.0450096748666475;0.7977631904381487;-0.014895006694060254;0.7978344740906594
10.895717;1.0445268326860666;0.8336246975323913;0.7977496690994275;-9.25580212652744e-06;1.34230595891026e-05;1.0448933765690311;10.00011828482756;0.8336356624363164;1.0450134684361403;1.0450104156887268;0.7977658560386351;-0.01489500711212322;0.7978317448384763
10.905717;1.0445241226240418;0.8336235399365487;0.7977483186164507;-9.595630907417491e-06;1.3452656861929308e-05;1.0448935297071955;10.000166011770393;0.8336334498899167;1.0450111226556833;1.0450110861053927;0.797768493480929;-0.014895007577877985;0.7978290447842972
10.915717;1.0445213383497163;0.8336223342183843;0.797746982707824;-9.923095799760058e-06;1.3471567339019988e-05;1.0448937281469917;10.000213937258732;0.8336311543691306;1.0450087082415795;1.0450116892375358;0.7977711030591383;-0.014895008092974879;0.7978263771941819
10.925717;1.044518487171258;0.833621085215946;0.7977456575845189;-1.023873511051596e-05;1.3479997643856306e-05;1.0448939682923937;10.00026199418872;0.833628785716891;1.0450062361268995;1.0450122287038324;0.7977736846978178;-0.014895008658367436;0.7978237463985388
10.935717;1.0445155772652706;0.8336197969356328;0.7977443399302115;-1.0543300605480289e-05;1.3478174107950083e-05;1.044894248551982;10.000310113073223;0.8336263568604697;1.0450037172909696;1.0450127093594752;0.7977762376273483;-0.014895009274309947;0.7978211570225638
10.945717;1.04451261723013;0.8336184721160794;0.7977430276404429;-1.0837642130859358e-05;1.3466456281591258e-05;1.0448945692834715;10.000358212731749;0.8336238828265228;1.04500116262723;1.0450131370720146;0.7977787596646582;-0.014895009940620622;0.7978186133335049
10.955717;1.0445096155925915;0.8336171114506729;0.7977417204098557;-1.1122673142478308e-05;1.3445415414162766e-05;1.0448949322570098;10.000406212243034;0.8336213782134484;1.044998582156156;1.045013517876988;0.7977812471697618;-0.01489501065701835;0.7978161184347226
10.965717;1.0445065813528533;0.8336157130841584;0.7977404192590275;-1.1399380155532837e-05;1.3415738215818864e-05;1.0448953403428192;10.000454042532636;0.8336188551591818;1.0449959854736983;1.0450138571198335;0.7977836954921566;-0.014895011423165254;0.7978136737588367
10.975717;1.0445035248202412;0.8336142734164715;0.7977391257671682;-1.1668754846722123e-05;1.3377990115832774e-05;1.044895797005713;10.000501644271688;0.833616323513927;1.0449933827145472;1.045014158362946;0.7977860992850105;-0.01489501223862719;0.7978112794535258
10.985717;1.0445004581758501;0.8336127892216576;0.7977378418951789;-1.1931634862624756e-05;1.3332443316450937e-05;1.0448963055560625;10.000548962325144;0.8336137932050895;1.044990783855639;1.0450144221386752;0.7977884523110257;-0.014895013102969418;0.7978089357137088
10.995717;1.0444973956260744;0.8336112594901574;0.7977365699896868;-1.2188566583863686e-05;1.327908805991631e-05;1.044896869467997;10.00059593739919;0.8336112766102841;1.044988197430916;1.045014645005664;0.7977907471790734;-0.014895014015738154;0.7978066437453474
11.005717;1.044494353016834;0.8336096856972701;0.7977353127690406;-1.2439743743061842e-05;1.3217761212828437e-05;1.0448974928382773;10.0006424986428;0.8336087887654337;1.0449856307114087;1.0450148200021518;0.7977929759539117;-0.014895014976335837;0.7978044050412019
11.015717;1.0444913475474968;0.8336080714668025;0.7977340731662406;-1.2684977201513682e-05;1.314818555508524e-05;1.0448981790762422;10.000688561200189;0.8336063459893064;1.0449830910376063;1.0450149387554144;0.7977951310138355;-0.014895015984127834;0.7978022203198668
11.025717;1.0444883980154815;0.8336064226470737;0.7977328536026002;-1.2923774995646084e-05;1.306987701631512e-05;1.0448989290803181;10.000734019979607;0.8336039646097262;1.0449805862317059;1.045014993120474;0.7977972050542257;-0.014895017038705728;0.7978000902388614
11.035717;1.0444855241427002;0.8336047470106667;0.7977316552146441;-1.315558189425844e-05;1.2982140036736532e-05;1.0448997409826863;10.000778750267893;0.8336016599271651;1.0449781238488918;1.0450149751473483;0.7977991910423204;-0.014895018139868347;0.7977980168380853
11.045717;1.0444827444721918;0.8336030528471323;0.7977304777921701;-1.3379976955550021e-05;1.2884252123032042e-05;1.0449006111501002;10.000822629001958;0.8335994452258574;1.0449757112369211;1.045014877181177;0.797801083107706;-0.014895019287240225;0.7977960034040542
11.055717;1.0444800747107768;0.8336013474767521;0.7977293198351492;-1.359670570722798e-05;1.2775650978774414e-05;1.0449015348179274;10.000865556865056;0.8335973316337096;1.0449733561778274;1.0450146929914716;0.7978028773559677;-0.014895020479825301;0.7977940531721182
11.065717;1.0444775278167149;0.8335996370217637;0.797728178161737;-1.3805652510335614e-05;1.265599877386706e-05;1.0449025056289207;10.000907458630323;0.8335953287791418;1.0449710663320906;1.0450144179691125;0.7978045716892652;-0.014895021715907916;0.7977921683629405
11.075717;1.0444751151339353;0.8335979271116359;0.7977270482528193;-1.4006822032546802e-05;1.2525239855620359e-05;1.0449035158268178;10.000948271688156;0.8335934452958889;1.0449688475565881;1.0450140479302086;0.797806164963671;-0.014895022993376042;0.7977903495013513
11.085717;1.044472847074832;0.8335962235485002;0.797725926060231;-1.420028010169437e-05;1.2383660912212504e-05;1.0449045578444247;10.000987940006306;0.8335916886172;1.0449667022196392;1.045013578892092;0.7978076558149476;-0.014895024310091638;0.7977885947795751
11.095717;1.0444707335715486;0.8335945322301725;0.7977248097984593;-1.4386043364195516e-05;1.2231810978038408e-05;1.0449056256189215;10.00102641493996;0.8335900641476345;1.0449646286413135;1.045013008045684;0.7978090421913899;-0.01489502566399233;0.7977869001418623
11.105717;1.044468784769887;0.8335928584349346;0.7977237003508273;-1.4563990671171698e-05;1.2070372525416403e-05;1.044906715829158;10.001063658255573;0.8335885753567182;1.044962622408843;1.0450123337940882;0.7978103225608839;-0.014895027052766225;0.7977852605933037
11.115717;1.0444670102454;0.8335912065635842;0.7977226006820011;-1.473380414560101e-05;1.1900183620351804e-05;1.0449078282542197;10.001099640812157;0.8335872253259172;1.0449606789728132;1.0450115551334211;0.7978114970751229;-0.014895028473500056;0.7977836718467666
11.125717;1.0444654172207233;0.8335895798558057;0.7977215153296267;-1.4894883975331985e-05;1.1722283487023795e-05;1.0449089634756792;10.001134341274748;0.8335860172043771;1.044958796039878;1.0450106715046121;0.7978125668925329;-0.014895029922914194;0.7977821310766992
11.135717;1.044464011339375;0.8335879790884384;0.7977204504062014;-1.5046264840193802e-05;1.1537746605014864e-05;1.0449101212607397;10.001167751502871;0.8335849531169675;1.044956974845788;1.0450096821758412;0.7978135335019034;-0.014895031397934782;0.797780636687816
11.145717;1.0444627998817946;0.8335864014873889;0.7977194137693439;-1.5186685927280553e-05;1.1347432173065077e-05;1.0449113022312058;10.001199876715514;0.8335840337104062;1.0449552202219234;1.0450085854986884;0.7978143994588662;-0.014895032896007313;0.797779187500072
11.155717;1.044461793157381;0.8335848410599596;0.797718414907379;-1.531487319878312e-05;1.1151945016019382e-05;1.0449125094050717;10.00123072991763;0.8335832574720572;1.0449535394888185;1.0450073798134447;0.7978151688392422;-0.014895034415063336;0.7977777822417518
11.165717;1.04446100252265;0.8335832902155007;0.7977174642467578;-1.5429769100496903e-05;1.0951900362701767e-05;1.0449137473135834;10.00126033185916;0.8335826192083675;1.0449519407511838;1.0450060656744542;0.7978158469851475;-0.014895035953115495;0.7977764200164011
11.175717;1.0444604378960722;0.83358174123562;0.7977165717973741;-1.553040967539149e-05;1.0748282823688693e-05;1.044915020389327;10.001288708865031;0.833582110256414;1.0449504314460603;1.0450046473084034;0.7978164401926209;-0.01489503750769766;0.7977751008568431
11.185717;1.0444601067858392;0.8335801857642443;0.7977157455880068;-1.561563247364854e-05;1.0542510950206277e-05;1.0449163321793902;10.001315888074613;0.8335817203005988;1.0449490173179872;1.0450031315298995;0.7978169549731148;-0.014895039075879517;0.797773825857997
11.195717;1.0444600134264468;0.833578613544827;0.7977149905968612;-1.568410473538001e-05;1.0336132753657072e-05;1.0449176857672844;10.001341900436337;0.8335814381430291;1.04494770252711;1.0450015251465703;0.7978173973679772;-0.014895040654731677;0.7977725975936216
11.205717;1.0444601572463375;0.8335770133700979;0.7977143086822066;-1.5734682050710817e-05;1.0130556523351892e-05;1.0449190848376753;10.001366782291381;0.8335812515381503;1.0449464906966857;1.0449998336177249;0.797817772559431;-0.01489504224128732;0.7977714201806634
11.215717;1.044460532661119;0.8335753758375135;0.7977136996344445;-1.5766647238136423e-05;9.927073723629845e-06;1.0449205338293397;10.001390569823124;0.8335811475725298;1.0449453849874444;1.0449980609475993;0.7978180840160719;-0.014895043831977315;0.7977702976341293
11.225717;1.0444611311551912;0.8335736950265419;0.7977131624883845;-1.5779669114955547e-05;9.726973901732273e-06;1.0449220365851961;10.001413296957905;0.833581112824944;1.0449443876453706;1.0449962097778254;0.7978183326686528;-0.01489504542237784;0.7977692315636339
11.235717;1.0444619438083311;0.8335719678958587;0.7977126962237037;-1.5773699383871132e-05;9.531559346354926e-06;1.044923595016851;10.00143499477306;0.833581132542919;1.044943500036685;1.0449942823518836;0.7978185169856474;-0.014895047007631385;0.7977682201958658
11.245717;1.0444629625555306;0.8335701918280812;0.7977123004493084;-1.5749003834033908e-05;9.34209987388967e-06;1.0449252094672503;10.00145568805623;0.833581190210349;1.0449427221477812;1.0449922819785895;0.7978186335950683;-0.014895048583107568;0.7977672593973698
11.255717;1.0444641800150656;0.8335683618825923;0.7977119759921916;-1.5706304070490102e-05;9.159786471314651e-06;1.0449268800164082;10.001475401251332;0.8335812682383986;1.0449420523223643;1.044990213338095;0.7978186776661572;-0.014895050144692506;0.7977663448960626
11.265717;1.044465588172596;0.8335664701288487;0.7977117243354571;-1.5646902948659282e-05;8.985643518142432e-06;1.0449286064888155;10.00149417276571;0.8335813493284443;1.044941488420455;1.0449880809360264;0.7978186427753097;-0.014895051688345415;0.797765473209305
11.275717;1.0444671772534082;0.8335645071766952;0.7977115470303318;-1.5572661411535888e-05;8.820347514929509e-06;1.0449303865552333;10.001512057195942;0.8335814183241874;1.0449410290089827;1.044985886721477;0.7978185212881915;-0.014895053209478148;0.7977646409219624
11.285717;1.0444689366001667;0.8335624635982075;0.7977114461927036;-1.5485716284234852e-05;8.664114703143851e-06;1.0449322140677746;10.001529109080932;0.8335814640041861;1.0449406739388567;1.0449836296919208;0.7978183056128003;-0.014895054703077804;0.7977638453007454
11.295717;1.0444708568989634;0.8335603301883331;0.7977114246571948;-1.5388138850010695e-05;8.516836509201688e-06;1.0449340800346063;10.001545359584005;0.8335814798652189;1.0449404246413256;1.0449813091433757;0.7978179884285;-0.014895056164104374;0.7977630864841111
11.305717;1.0444729307812506;0.83355809811239;0.7977114851896416;-1.5281850965206122e-05;8.378255525590621e-06;1.0449359751120266;10.001560807296618;0.8335814632974383;1.0449402831591057;1.044978928348962;0.7978175619307972;-0.014895057587399315;0.7977623681596043
11.315717;1.0444751506117567;0.8335557593025245;0.7977116301674259;-1.5168724421995514e-05;8.248003714646854e-06;1.0449378908754028;10.001575437737909;0.8335814136194895;1.0449402509174337;1.0449764946693698;0.7978170181506316;-0.01489505896762098;0.7977616957905617
11.325717;1.0444775064216563;0.8335533063350294;0.7977118622978215;-1.5050610079917045e-05;8.125672275436098e-06;1.044939820174965;10.001589253762605;0.833581330450734;1.0449403294140422;1.0449740173020694;0.7978163498330879;-0.014895060299626674;0.7977610744302613
11.335717;1.0444799866869565;0.8335507326108018;0.7977121851261675;-1.4929168625631428e-05;8.010980997698259e-06;1.0449417581179503;10.001602288988085;0.8335812134428249;1.044940520948373;1.0449715054240225;0.7978155507652633;-0.014895061578963874;0.79776050760583
11.345717;1.044482580109894;0.833548034019242;0.7977126026936787;-1.4805567705981381e-05;7.903920893027159e-06;1.0449437028713935;10.001614602118831;0.8335810629427601;1.0449408278007157;1.0449689666674677;0.7978146161581695;-0.01489506280210683;0.7977599969324711
11.355717;1.044485276317091;0.8335452101701386;0.7977131196285084;-1.4680397731898867e-05;7.804752751899825e-06;1.044945655255108;10.001626269685202;0.8335808803235261;1.0449412514784204;1.0449664056929813;0.7978135428916624;-0.014895063966279041;0.7977595422511193
11.365717;1.0444880666693994;0.8335422635602416;0.797713742080242;-1.4554034480708382e-05;7.713843845619635e-06;1.0449476178544947;10.001637380539881;0.8335806676000135;1.0449417923568516;1.0449638236210788;0.797812329133558;-0.014895065069140536;0.7977591424175449
11.375717;1.044490944991024;0.8335391985489685;0.797714477863804;-1.4427103349858249e-05;7.631500322730957e-06;1.0449495942081721;10.001648018495626;0.8335804266968634;1.0449424492168424;1.0449612184462378;0.7978109741056251;-0.014895066108640949;0.797758795861394
11.385717;1.044493906543758;0.8335360213383848;0.7977153352172347;-1.4300577578931556e-05;7.557958861745909e-06;1.0449515881631313;10.00165823811909;0.8335801583684475;1.0449432185339584;1.0449585861061008;0.7978094783649232;-0.01489506708284499;0.7977585000770399
11.395717;1.0444969467287197;0.833532739827785;0.7977163211902032;-1.4175539400581102e-05;7.493498233105774e-06;1.044953603260983;10.001668055845048;0.833579861347845;1.0449440937135501;1.044955921526313;0.7978078441033483;-0.01489506798986529;0.7977582507997873
11.405717;1.044500060511375;0.8335293625916106;0.7977174401823264;-1.4053043414078358e-05;7.43848326598553e-06;1.044955641919225;10.001677466581365;0.8335795328586957;1.0449450660958874;1.044953218836578;0.7978060754180925;-0.014895068828283205;0.7977580421733269
11.415717;1.0445032415103945;0.8335258976234392;0.7977186930358975;-1.3934265810666844e-05;7.393276564577968e-06;1.0449577052006636;10.001686467354913;0.8335791705286266;1.0449461273448617;1.0449504712412012;0.79780417864036;-0.014895069597621127;0.7977578678290156
11.425717;1.0445064820907592;0.8335223523337177;0.7977200775389937;-1.3820578183067756e-05;7.3581391928796545e-06;1.0449597934996886;10.001695061823973;0.8335787744512199;1.0449472701732088;1.0449476716581805;0.7978021622908246;-0.014895070298283332;0.7977577216949909
11.435717;1.0445097752347046;0.8335187348154663;0.7977215899809919;-1.371333724193845e-05;7.333202097261776e-06;1.0449619067686304;10.001703257260232;0.8335783477862884;1.0449484882784943;1.0449448143550437;0.7978000364916792;-0.014895070931119992;0.7977575981381614
11.445717;1.0445131157368586;0.8335150545597942;0.7977232260209711;-1.3613630304295754e-05;7.3185083017755246e-06;1.0449640439079277;10.00171107024033;0.833577895128992;1.04494977674599;1.0449418964391433;0.7977978119863457;-0.01489507149692126;0.7977574921972684
11.455717;1.0445164993306317;0.8335113222969465;0.7977249805097626;-1.3522123274246134e-05;7.314127054010204e-06;1.0449662029099114;10.001718519317366;0.8335774200418249;1.0449511305756753;1.0449389176314712;0.7977954996968334;-0.01489507199610649;0.7977573999675236
11.465717;1.0445199210942693;0.8335075495613742;0.7977268476615741;-1.3439041667561824e-05;7.320342523429336e-06;1.044968381284957;10.001725604415983;0.83357692374114;1.0449525424371495;1.0449358784247318;0.7977931114125302;-0.01489507242888574;0.7977573184862223
11.475717;1.044523374558906;0.8335037476303201;0.7977288216268348;-1.3364345656333437e-05;7.3378120203996745e-06;1.044970575068366;10.001732305432244;0.8335764047633215;1.0449540024012498;1.0449327784301727;0.7977906596690654;-0.014895072795576515;0.7977572455279975
11.485717;1.0445268515135644;0.8334999265633825;0.7977308963659969;-1.3297976426902422e-05;7.367447522425509e-06;1.0449727782805884;10.001738595563598;0.8335758585747972;1.044955498235295;1.0449296167457283;0.7977881563846587;-0.014895073096678266;0.7977571795096594
11.495717;1.0445303426674393;0.833496095107292;0.7977330653358136;-1.3240029402003471e-05;7.410010350661863e-06;1.044974984565775;10.001744446872118;0.8335752775393876;1.0449570151506358;1.0449263943699876;0.7977856121849805;-0.01489507333291691;0.7977571187677229
11.505717;1.0445338387887806;0.8334922602638043;0.7977353219280194;-1.3190853514698016e-05;7.465843011666315e-06;1.0449771886998573;10.001749836607276;0.8335746524565599;1.0449585368324434;1.044923116209163;0.7977830365106987;-0.014895073505341269;0.7977570606720575
11.515717;1.0445373311074102;0.8334884260335987;0.7977376600158675;-1.315103064919032e-05;7.534988595788112e-06;1.0449793863667547;10.001754754402727;0.8335739752843596;1.0449600479486674;1.044919790732882;0.7977804383622064;-0.014895073615193648;0.7977570018392474
11.525717;1.0445408116808694;0.8334845928660651;0.7977400737786272;-1.3121289302663963e-05;7.617423478395451e-06;1.0449815734546608;10.001759192918334;0.8335732408301997;1.0449615350259847;1.0449164283961128;0.7977778273658915;-0.014895073663667137;0.797756939178107
11.535717;1.044544274527408;0.8334807590408589;0.7977425571369544;-1.3102568796920714e-05;7.713146685833214e-06;1.0449837461899847;10.001763131188614;0.8335724464352472;1.0449629856649467;1.0449130403956146;0.79777521387102;-0.014895073651890309;0.7977568702729049
11.545717;1.044547716355121;0.8334769231053768;0.7977451032859051;-1.3096155759954617e-05;7.822150752971822e-06;1.044985901886582;10.00176652577695;0.833571590938534;1.0449643888968607;1.0449096380705474;0.7977726085561797;-0.014895073581174395;0.7977567926093961
11.555717;1.0445511359921877;0.8334730852299541;0.7977477038548157;-1.3103618072877915e-05;7.944328436464356e-06;1.0449880387287;10.001769309775085;0.8335706743921333;1.0449657357359365;1.0449062328233447;0.7977700223162781;-0.01489507345351344;0.7977567027945044
11.565717;1.0445545331101718;0.833469246496184;0.7977503483400921;-1.3126560863064888e-05;8.079384892414591e-06;1.0449901542333697;10.001771402016304;0.8335696987259963;1.044967019630697;1.044902835382148;0.7977674659821379;-0.014895073272039405;0.7977565963524182
11.575717;1.0445579069380435;0.833465407463207;0.7977530257602948;-1.3166389536427644e-05;8.226849271549437e-06;1.0449922441128743;10.001772719603714;0.8335686681800476;1.0449682380153817;1.0448994540272176;0.7977649496924568;-0.014895073040970805;0.797756467233388
11.585717;1.044561255125912;0.8334615681648107;0.7977557269970058;-1.3224157511343252e-05;8.386113431275465e-06;1.0449943025496329;10.001773183244934;0.8335675887339858;1.0449693921598553;1.0448960936254525;0.7977624816647546;-0.014895072765119161;0.7977563075132155
11.595717;1.044564573208419;0.833457729347422;0.7977584446845127;-1.3300486542397664e-05;8.556385418379555e-06;1.0449963233767952;10.001772722853612;0.8335664672757612;1.0449704843306944;1.0448927562828403;0.7977600664911825;-0.01489507244929517;0.7977561085991208
11.605717;1.0445678550732729;0.8334538929808963;0.7977611721440859;-1.3395589107200897e-05;8.736689561724272e-06;1.0449983015302804;10.001771283596664;0.8335653109774214;1.0449715157772281;1.0448894422521537;0.7977577044358093;-0.01489507209787541;0.7977558627484642
11.615717;1.0445710943024673;0.8334500622913802;0.7977639036258496;-1.3509400435247266e-05;8.926026858283518e-06;1.0450002344458826;10.001768819534034;0.8335641268800726;1.0449724867591264;1.0448861501448174;0.797755392462386;-0.014895071714695828;0.7977555633836726
11.625717;1.044574285477213;0.83344624231176;0.7977666342240531;-1.3641636994556678e-05;9.12348453585089e-06;1.045002122670865;10.001765285250883;0.8335629218817175;1.0449733972348687;1.0448828767662715;0.7977531257155199;-0.014895071303147107;0.7977552050400645
11.635717;1.0445774240102021;0.8334424402109618;0.7977693588041973;-1.3791723151359894e-05;9.328149671432682e-06;1.0450039689043993;10.001760641142539;0.8335617029707204;1.0449742473001937;1.0448796166728958;0.7977508986023721;-0.014895070866384003;0.7977547835592536
11.645717;1.0445805049210533;0.8334386651778162;0.7977720719165055;-1.3958776865333518e-05;9.539073806642548e-06;1.045005776434269;10.00175486345432;0.8335604776305866;1.0449750372243085;1.0448763617998706;0.7977487059748655;-0.014895070407511157;0.7977542962048986
11.655717;1.044583522244184;0.83343492798935;0.7977747690207675;-1.4141702534191492e-05;9.755453440915106e-06;1.045007548328952;10.00174794687343;0.8335592541886025;1.0449757682480543;1.0448731028092428;0.7977465441814486;-0.014895069929333099;0.7977537414357783
11.665717;1.0445864689949647;0.8334312402487697;0.7977774473354126;-1.4339314178606999e-05;9.976768632364576e-06;1.0450092872983634;10.001739894126509;0.833558041669606;1.0449764443463876;1.0448698324698782;0.7977444112911845;-0.014895069433923044;0.7977531176708295
11.675717;1.0445893374761381;0.8334276136042355;0.7977801051426112;-1.4550462456508619e-05;1.0202630782386034e-05;1.0450109960187415;10.001730698703572;0.8335568494982943;1.044977072478016;1.0448665482326582;0.7977423069791745;-0.014895068922768701;0.7977524220045168
11.685717;1.0445921200574515;0.8334240585363312;0.7977827405091977;-1.4774089364709729e-05;1.0432512317027742e-05;1.0450126777044233;10.001720340652785;0.8335556873438228;1.0449776610604875;1.0448632520585257;0.7977402325609797;-0.014895068397316906;0.7977516510253286
11.695717;1.044594809270027;0.8334205831486404;0.7977853513253056;-1.5009209305058323e-05;1.0665699782773915e-05;1.045014336915561;10.001708801694834;0.8335545644945723;1.0449782190047499;1.044859949431438;0.7977381908291186;-0.01489506785909975;0.7977508030674217
11.705717;1.0445973968277769;0.8334171930372565;0.7977879362644344;-1.5254901065768115e-05;1.0901434246129889e-05;1.0450159801762096;10.00169608386816;0.8335534884333469;1.0449787548851523;1.0448566492440108;0.7977361858156125;-0.014895067309470515;0.7977498791990273
11.715717;1.044599872017144;0.8334138917309015;0.7977904946559514;-1.5510295867523954e-05;1.1139028445808449e-05;1.0450176146274692;10.001682214546749;0.8335524637055527;1.0449792754766383;1.0448533636159087;0.7977342226887225;-0.014895066749578984;0.7977488821823279
11.725717;1.0446022203985033;0.8334106812944211;0.7977930251733244;-1.5774551993188715e-05;1.137793802657168e-05;1.0450192453423388;10.001667230573455;0.833551492114504;1.044979785505493;1.0448501069954144;0.7977323069524175;-0.01489506618047057;0.7977478156917935
11.735717;1.0446044245505768;0.8334075633172494;0.7977955249528551;-1.6046771677971166e-05;1.161770414659343e-05;1.0450208744166634;10.00165115365539;0.8335505735667592;1.0449802890994793;1.044846895205417;0.7977304429410893;-0.014895065602925197;0.7977466856311144
11.745717;1.0446064663511234;0.8334045399818322;0.797797990023142;-1.6325839290977344e-05;1.1857804489226211e-05;1.0450225018589672;10.001633990672437;0.8335497068572951;1.0449807915160012;1.0448437446905703;0.7977286328612259;-0.0148950650173651;0.7977455019773105
11.755717;1.0446083289886878;0.8334016151104596;0.797800416305173;-1.6610360916883204e-05;1.2097607374382738e-05;1.0450241258705109;10.001615764488992;0.8335488905349884;1.044981300306915;1.044840671214707;0.7977268765031734;-0.014895064424055407;0.7977442787334066
11.765717;1.0446099982093868;0.8333987947463002;0.7978028000761983;-1.6898792078125074e-05;1.2336356174429895e-05;1.0450257427368221;10.00159653851376;0.8335481236931781;1.0449818247208529;1.0448376881132218;0.7977251718052005;-0.01489506382325256;0.7977430315681517
11.775717;1.0446114624941962;0.8333960865476017;0.7978051379317526;-1.7189590950500246e-05;1.2573113100729824e-05;1.0450273470598002;10.001576415908508;0.8335474060140353;1.0449823727517082;1.0448348053505951;0.7977235167552071;-0.014895063214967093;0.7977417748878181
11.785717;1.0446127123390407;0.8333934990200608;0.797807426486678;-1.7481286020959136e-05;1.2806772181890928e-05;1.0450289308391763;10.001555518582256;0.8335467368061942;1.0449829486115485;1.044832029841244;0.7977219107027831;-0.014895062598595885;0.7977405206974107
11.795717;1.0446137396569735;0.8333910411647003;0.7978096618825837;-1.7772534430536604e-05;1.3036140473707702e-05;1.04503048261657;10.001533958179158;0.8335461144199592;1.0449835531137006;1.044829366250501;0.7977203536536008;-0.014895061973044809;0.7977392791971512
11.805717;1.0446145376465326;0.833388720959861;0.7978118399254982;-1.8062114775711485e-05;1.3260047631127065e-05;1.0450319894130105;10.001511813829508;0.8335455371639596;1.0449841853292612;1.0448268179120848;0.7977188453798268;-0.014895061337233863;0.7977380591264241
11.815717;1.044615100965093;0.8333865432212025;0.7978139569023961;-1.834877863930425e-05;1.3477479538013956e-05;1.0450334397486496;10.001489115975586;0.833545004556802;1.0449848434916786;1.0448243876503371;0.7977173857362807;-0.014895060690119751;0.7977368677877575
11.825717;1.0446154262612721;0.8333845093175477;0.7978160099307835;-1.863121096382914e-05;1.3687633078720655e-05;1.0450348250511192;10.001465841929763;0.8335445178646408;1.0449855256181702;1.0448220764942568;0.7977159753215985;-0.014895060030300746;0.7977357119980538
11.835717;1.044615512196169;0.833382618432804;0.7978179965101598;-1.8908118893644668e-05;1.3889837194597285e-05;1.0450361388931513;10.001441936063943;0.8335440801275248;1.0449862296858496;1.0448198809057458;0.797714615284264;-0.014895059356011849;0.7977345994763788
11.845717;1.0446153581442348;0.8333808683015455;0.7978199139372547;-1.9178227994484012e-05;1.4083442458992686e-05;1.0450373745986175;10.001417339750027;0.8335436952284405;1.044986952194189;1.0448177923965232;0.7977133061819337;-0.014895058665299535;0.7977335392357993
11.855717;1.0446149633207251;0.8333792551698618;0.7978217592472236;-1.9440350321434347e-05;1.4267741862624997e-05;1.045038523943725;10.001392015003935;0.83354336576675;1.044987686770407;1.0448157991444653;0.7977120470544204;-0.014895057955948197;0.7977325405111028
11.865717;1.044614327733823;0.8333777743298593;0.7978235294459781;-1.969355770953485e-05;1.444191515048743e-05;1.0450395784971227;10.001365967026084;0.8335430914215108;1.0449884251570023;1.044813887102254;0.7977108354425886;-0.014895057225677006;0.7977316112780294
11.875717;1.0446134535371587;0.8333764214479951;0.7978252218280752;-1.9937184116424664e-05;1.4604992054208e-05;1.0450405312011535;10.001339256290363;0.8335428689478549;1.0449891597237868;1.0448120409307589;0.7977096675444283;-0.014895056472608829;0.7977307574084666
11.885717;1.0446123451411562;0.8333751935526553;0.7978268345598363;-2.0170738212739105e-05;1.4755901455246445e-05;1.0450413769047635;10.001311982035709;0.8335426930840252;1.0449898854132331;1.044810245013531;0.7977085380954972;-0.014895055695286983;0.7977299823849634
11.895717;1.044611007289483;0.8333740890025977;0.7978283669390358;-2.0393826071937904e-05;1.4893588399255791e-05;1.0450421129737435;10.00128424962282;0.8335425577987605;1.0449906001021423;1.044808483579663;0.7977074408813601;-0.014895054892504289;0.7977292876336486
11.905717;1.0446094419928655;0.8333731063819221;0.7978298194354363;-2.0605936542312262e-05;1.5016950180909624e-05;1.045042739295739;10.001256154564114;0.8335424574666875;1.0449913034780527;1.0448067400534824;0.7977063696146648;-0.014895054063451188;0.7977286729630545
11.915717;1.044607647439792;0.8333722432545245;0.7978311940623847;-2.0806264333003925e-05;1.512465329910576e-05;1.0450432564579313;10.001227794223759;0.8335423874496782;1.0449919953937332;1.0448049970839686;0.7977053183328382;-0.014895053207637734;0.7977281362549054
11.925717;1.044605620566595;0.8333714959284814;0.797832494320658;-2.099383730169867e-05;1.5215128004450605e-05;1.045043663575693;10.00119928407022;0.8335423444464014;1.0449926752323968;1.0448032377891565;0.7977042818865485;-0.014895052324383231;0.7977276734713851
11.935717;1.0446033606520175;0.8333708596306513;0.7978337239709629;-2.1167784576519406e-05;1.528671461418346e-05;1.0450439572546746;10.001170756522082;0.8335423269504715;1.0449933425475597;1.044801447002084;0.7977032562159585;-0.014895051412579999;0.7977272801403843
11.945717;1.0446008703483898;0.8333703282090523;0.7978348859244415;-2.13274250347499e-05;1.533789354244767e-05;1.045044131535715;10.001142348224539;0.8335423354343149;1.0449939972834323;1.0447996115546;0.7977022378144241;-0.014895050471183465;0.7977269526321212
11.955717;1.044598154053768;0.833369893553292;0.7978359830705455;-2.1472094508756693e-05;1.5367484221466767e-05;1.04504417873564;10.001114194822277;0.833542372135956;1.04499463898075;1.0447977202809016;0.7977012233002215;-0.014895049499807168;0.7977266874944907
11.965717;1.044595216682971;0.8333695457071842;0.797837019711757;-2.160096359167709e-05;1.537465809899047e-05;1.0450440909005294;10.001086430732796;0.8335424404454514;1.0449952663669755;1.0447957647330577;0.7977002091652604;-0.014895048498424632;0.7977264806386242
11.975717;1.044592064930197;0.8333692746287962;0.7978380013384423;-2.171308672119136e-05;1.5358934226323123e-05;1.0450438614596869;10.001059173308951;0.8335425439454673;1.044995877481528;1.0447937398359672;0.7976991915657575;-0.014895047466631105;0.7977263281118461
11.985717;1.0445887085793697;0.8333690717970949;0.7978389333791834;-2.18075271982839e-05;1.5320241046036368e-05;1.0450434870160834;10.001032502127474;0.8335426853688817;1.0449964692468572;1.0447916432982125;0.7976981672495307;-0.014895046403575118;0.79772622692609
11.995717;1.0445851593459419;0.8333689295852394;0.7978398202423927;-2.1883365178854587e-05;1.525893331736591e-05;1.0450429683357851;10.001006460608622;0.8335428657155588;1.0449970370696597;1.0447894750548303;0.7976971350468195;-0.014895045308431495;0.797726174552586
12.005717;1.0445814292699487;0.8333688399577567;0.7978406655979812;-2.1939715046708287e-05;1.5175810524566981e-05;1.0450423091067482;10.000981076112629;0.8335430842084497;1.0449975749900842;1.0447872377928724;0.797696095440372;-0.014895044180952376;0.7977261682688805
12.015717;1.0445775309528955;0.8333687935929508;0.7978414743493181;-2.1975829173718868e-05;1.5072059598091391e-05;1.0450415133848947;10.000956379135262;0.8335433390858159;1.0449980758426285;1.0447849373100802;0.7976950482722479;-0.014895043022003897;0.7977262055335543
12.025717;1.04457347883269;0.8333687793880333;0.7978422539287521;-2.199115206187189e-05;1.4948984286545383e-05;1.0450405846098696;10.000932411614615;0.8335436284154778;1.044998531997358;1.04478258298229;0.7976939915841037;-0.014895041833777859;0.7977262843929067
12.035717;1.0445692888918354;0.8333687856833538;0.7978430129329642;-2.1985332044247658e-05;1.4807747160039319e-05;1.0450395267843047;10.0009092277736;0.8335439507915007;1.0449989365303034;1.0447801891972048;0.7976929226158751;-0.014895040619483735;0.797726403203176
12.045717;1.0445649761795306;0.8333688021751572;0.7978437590128722;-2.1958304372839e-05;1.4649361098563717e-05;1.0450383458837345;10.000886892625312;0.8335443054250656;1.0449992836597672;1.0447777756085943;0.7976918395434902;-0.014895039382742416;0.7977265608812957
12.055717;1.0445605534571623;0.8333688200407894;0.7978444984769798;-2.1910387046685634e-05;1.4474792997975186e-05;1.0450370505173092;10.000865477761696;0.8335446912821076;1.0449995686536027;1.0447753647111169;0.7976907422613728;-0.014895038127084044;0.7977267579917575
12.065717;1.0445560334842745;0.8333688311622656;0.7978452374637993;-2.1842249019964878e-05;1.4284930343873155e-05;1.04503565162566;10.000845061270919;0.833545106189034;1.0449997877932897;1.0447729788792515;0.7976896316505223;-0.014895036855969358;0.7977269967115681
12.075717;1.0445514322034188;0.8333688279314616;0.7978459826912647;-2.1754735491523732e-05;1.4080472172176121e-05;1.0450341605436697;10.000825730697866;0.8335455463876579;1.0449999384122086;1.044770638608867;0.7976885095515011;-0.014895035573128452;0.7977272787448144
12.085717;1.044546768592625;0.8333688029973351;0.7978467409849545;-2.164878741722776e-05;1.3862064312782874e-05;1.0450325859576712;10.000807574247203;0.8335460068242283;1.0450000191623618;1.0447683614311467;0.7976873800557785;-0.014895034282375366;0.7977276038153802
12.095717;1.0445420621213968;0.8333687489394038;0.7978475185023746;-2.1525509829073823e-05;1.3630574142067705e-05;1.0450309316852868;10.000790661571143;0.8335464822377254;1.0450000305486726;1.0447661611989536;0.7976862491829917;-0.014895032986913683;0.7977279710100265
12.105717;1.0445373316587367;0.8333686586812936;0.7978483198332594;-2.1386083306644028e-05;1.3387082926352607e-05;1.0450291971643013;10.00077502787029;0.8335469677202587;1.0449999750794283;1.0447640482710019;0.7976851226286572;-0.014895031689074505;0.7977283810009481
12.115717;1.0445325958149103;0.8333685261425829;0.7978491473928127;-2.123162446306549e-05;1.3132642188628678e-05;1.0450273804410752;10.000760670105729;0.8335474586237519;1.0449998570616337;1.0447620309447354;0.7976840046458424;-0.014895030390817562;0.7977288366953368
12.125717;1.0445278725568499;0.8333683465699409;0.7978500022656847;-2.106324230812125e-05;1.2868087656399015e-05;1.0450254805737123;10.000747559705243;0.8335479511145029;1.0449996825708459;1.0447601169453775;0.7976828994825665;-0.014895029094299756;0.7977293427630705
12.135717;1.0445231783374036;0.8333681166111461;0.7978508855509299;-2.0882017872834486e-05;1.259406228248058e-05;1.0450234985643272;10.000735664949186;0.8335484425802481;1.0449994589521931;1.044758313842107;0.7976818133126106;-0.014895027801863914;0.797729904826742
12.145717;1.0445185275607827;0.8333678338447656;0.7978517986187995;-2.0688820817701625e-05;1.2311258799504392e-05;1.0450214385069183;10.000724964952125;0.8335489305817294;1.044999193945575;1.0447566300100013;0.7976807542612322;-0.01489502651579203;0.7977305284011456
12.155717;1.0445139321265622;0.8333674958203465;0.7978527428885771;-2.0484326241039367e-05;1.2020644460290194e-05;1.0450193082761368;10.000715449170213;0.8335494118193849;1.0449988951455589;1.0447550766742975;0.7976797311040277;-0.01489502523824739;0.7977312187407998
12.165717;1.0445094011990654;0.8333670989117569;0.7978537199514221;-2.0269234552251792e-05;1.172350215090472e-05;1.0450171193039939;10.000707112090433;0.833549882311634;1.0449985696342068;1.0447536680606404;0.7976787521389035;-0.01489502397096198;0.7977319819520984
12.175717;1.0445049411178151;0.8333666374450321;0.7978547313792359;-2.004433397012635e-05;1.1421376534711206e-05;1.0450148860468536;10.000699945252872;0.8335503372005557;1.0449982246958782;1.0447524184242192;0.7976778243728285;-0.014895022714641024;0.7977328251205136
12.185717;1.0445005552224336;0.833366103993681;0.7978557775131581;-1.9810384887499752e-05;1.1115960099792454e-05;1.0450126247924572;10.000693931427511;0.8335507695593452;1.0449978698173614;1.0447513393269656;0.7976769533973291;-0.014895021468841377;0.7977337544497136
12.195717;1.0444962446359634;0.8333654906994258;0.7978568561940116;-1.956806554881894e-05;1.0808939463983883e-05;1.0450103525271277;10.0006890519278;0.8335511697259373;1.044997517912572;1.044750440178979;0.7976761442077541;-0.014895020232667032;0.7977347737196244
12.205717;1.0444920099311796;0.8333647906064193;0.797857963200208;-1.9318033076572175e-05;1.0501828632982858e-05;1.045008085903763;10.000685294953914;0.8335515263293527;1.0449971847023871;1.044749730488756;0.7976754022999363;-0.014895019005684943;0.7977358846702465
12.215717;1.0444878516480622;0.8333639983885275;0.7978590941072848;-1.9060978040984515e-05;1.0195767416492791e-05;1.0450058392124821;10.000682653406953;0.8335518287079986;1.044996886523346;1.044749220893404;0.7976747345979551;-0.014895017788355829;0.79773708798355
12.225717;1.0444837697606884;0.8333631101093729;0.7978602455051682;-1.879759364972385e-05;9.891445489762957e-06;1.0450036228468216;10.00068112407063;0.8335520688019002;1.0449966379142868;1.0447489223807065;0.7976741496080593;-0.014895016581938507;0.7977383830307205
12.235717;1.044479764434478;0.8333621227183933;0.7978614147394144;-1.8528483986485034e-05;9.58928709849711e-06;1.0450014444636517;10.000680711746776;0.8335522410975718;1.0449964510988627;1.0447488449851954;0.7976736562870175;-0.014895015388072402;0.7977397668073951
12.245717;1.0444758376625203;0.8333610337900469;0.7978625990089582;-1.8254057646091542e-05;9.289636253458838e-06;1.0449993119698404;10.000681433280638;0.8335523413900728;1.0449963365629615;1.0447489970993924;0.7976732625027099;-0.01489501420840004;0.7977412342090181
12.255717;1.0444719934065478;0.8333598406999002;0.7978637950721568;-1.7974518950402857e-05;8.99267386119202e-06;1.0449972360263446;10.000683321254213;0.8335523658512544;1.0449963022233886;1.0447493850873362;0.7976729743321231;-0.014895013044513244;0.7977427799585237
12.265717;1.0444682367744023;0.8333585400480237;0.7978650000534382;-1.7690013545500738e-05;8.698295693455978e-06;1.0449952304007453;10.000686424222256;0.8335523111499267;1.0449963522784524;1.0447500125250382;0.7976727957531786;-0.014895011898020682;0.7977444004924361
12.275717;1.0444645739617027;0.8333571281221899;0.797866212067891;-1.7400757304819785e-05;8.406253223504325e-06;1.0449933094605164;10.000690800450958;0.8335521751834469;1.044996487807616;1.0447508796508047;0.797672727757163;-0.014895010770658277;0.7977460943018918
12.285717;1.04446101256398;0.833355601248519;0.7978674296347723;-1.7107100805393662e-05;8.116329434890257e-06;1.0449914848717239;10.000696503437641;0.8335519574147777;1.0449967075142066;1.044751984317389;0.7976727678661757;-0.01489500966440911;0.7977478602235267
12.295717;1.0444575612887004;0.8333539563306597;0.7978686508752004;-1.6809612884597875e-05;7.828272677335652e-06;1.0449897643502695;10.000703559225052;0.8335516582178985;1.0449970069722085;1.0447533240693307;0.7976729113460334;-0.014895008581395194;0.7977496953633038
12.305717;1.044454229330061;0.8333521920805216;0.7978698736260871;-1.650903673884874e-05;7.541709610884994e-06;1.0449881525613713;10.000711953662426;0.8335512776642827;1.0449973781373445;1.0447548974103174;0.7976731533452386;-0.014895007523654994;0.7977515946340451
12.315717;1.044451025878858;0.8333503094863004;0.7978710962578901;-1.6206140419349177e-05;7.2562580225087575e-06;1.0449866527082066;10.00072164644695;0.8335508156715726;1.0449978103919761;1.0447567037289025;0.7976734899420264;-0.014895006493034737;0.7977535517290979
12.325717;1.0444479591902964;0.8333483116097642;0.797872317796321;-1.5901705736872624e-05;6.9716521182196634e-06;1.0449852670306194;10.000732585150674;0.8335502742446422;1.044998291150021;1.0447587423840887;0.7976739170468021;-0.014895005491360039;0.7977555599165562
12.335717;1.044445035045669;0.833346204268013;0.797873536978557;-1.559661215156593e-05;6.687698672519064e-06;1.0449839958346472;10.0007446951092;0.8335496591629912;1.0449988053652957;1.0447610110747945;0.7976744290119756;-0.0148950045208655;0.7977576115846906
12.345717;1.0444422555441615;0.8333439967156777;0.7978747518388255;-1.5291863205986714e-05;6.404159045328616e-06;1.0449828367308442;10.000757867096535;0.8335489792284575;1.0449993359529746;1.0447635042704762;0.7976750191691008;-0.01489500358417195;0.7977596980542393
12.355717;1.0444396185497957;0.8333417008162026;0.7978759606440748;-1.4988498676279164e-05;6.120678537362499e-06;1.0449817856935875;10.000771959761256;0.8335482441110015;1.0449998650455328;1.0447662127458939;0.7976756813431274;-0.014895002683721787;0.7977618109460648
12.365717;1.0444371183435202;0.833339329355201;0.7978771631059839;-1.4687458857324445e-05;5.836826108665567e-06;1.0449808398368463;10.000786810789782;0.8335474624146152;1.0450003744628056;1.0447691245089572;0.797676410696024;-0.014895001821536642;0.7977639434223635
12.375717;1.0444347486285313;0.833336894722094;0.7978783599430773;-1.4389593523847805e-05;5.552261724609133e-06;1.0449799988987483;10.000802249863533;0.8335466413435394;1.0450008459263886;1.044772226488452;0.7976772036516431;-0.014895000999298351;0.7977660899886931
12.385717;1.0444325062340731;0.8333344085990642;0.7978795513503926;-1.4095742618610267e-05;5.266905420356967e-06;1.0449792638699384;10.000818104045935;0.8335457872290892;1.0450012622513916;1.0447755056612873;0.7976780573109166;-0.01489500021827793;0.7977682457260757
12.395717;1.0444303920095057;0.8333318821146496;0.7978807374583365;-1.3806672621071938e-05;4.980945699492433e-06;1.044978635899512;10.000834195015571;0.8335449047876471;1.0450016082307416;1.0447789489850716;0.7976789691285756;-0.014894999479337057;0.7977704058708394
12.405717;1.0444284082458244;0.8333293253057403;0.7978819200196311;-1.3523017635512993e-05;4.69470735491598e-06;1.0449781168145353;10.000850345134191;0.8335439964605886;1.0450018700150376;1.0447825428214406;0.7976799368059307;-0.014894998783100152;0.7977725656012821
12.415717;1.0444265554995213;0.8333267461728182;0.7978831022169502;-1.3245381276165961e-05;4.408583012365489e-06;1.044977709481912;10.000866389099105;0.8335430641635347;1.045002034647511;1.0447862731536177;0.7976809578265028;-0.014894998129848508;0.7977747202570371
12.425717;1.044424832259047;0.8333241505732524;0.7978842874554968;-1.2974403107302551e-05;4.123092519123094e-06;1.0449774179635287;10.000882173184177;0.8335421113426718;1.0450020901814139;1.044790126963362;0.7976820288537632;-0.014894997519185387;0.7977768663441906
12.435717;1.044423237086836;0.8333215435443347;0.7978854791707709;-1.2710656620723053e-05;3.83890333472116e-06;1.044977246939703;10.000897558474927;0.8335411429329208;1.0450020255924353;1.0447940929729613;0.797683145324509;-0.01489499695008326;0.7977790019168074
12.445717;1.044421769932179;0.8333189313633947;0.7978866812274714;-1.2454479780096311e-05;3.556743314219815e-06;1.0449771991648968;10.000912439291488;0.8335401643901901;1.045001831802681;1.0447981602990162;0.7976843015492767;-0.014894996421440581;0.7977811253399699
12.455717;1.0444204317241526;0.83331632262439;0.7978878981059382;-1.2205869268683992e-05;3.2772712353649347e-06;1.0449772730331814;10.000926750344414;0.8335391811511623;1.0450015033256101;1.0448023164950677;0.7976854917887588;-0.014894995932587684;0.7977832339177962
12.465717;1.044419223679898;0.8333137273543184;0.7978891346281831;-1.1964529155081022e-05;3.0009556574255817e-06;1.0449774623177939;10.00094045308366;0.8335381991681207;1.0450010379822947;1.0448065472993335;0.7976867111835602;-0.014894995483218315;0.7977853237272041
12.475717;1.0444181472090317;0.8333111554348667;0.7978903954416887;-1.1730069335962776e-05;2.728067197766628e-06;1.044977757315548;10.000953527246184;0.8335372261523148;1.0450004357557654;1.0448108385290675;0.797687954939173;-0.01489499507299846;0.7977873901010002
12.485717;1.0444172042319524;0.833308616919514;0.7978916851119627;-1.1502239849826663e-05;2.4588524260544103e-06;1.0449781464743402;10.000965981328338;0.8335362709268295;1.044999698850859;1.044815178228029;0.7976892171845632;-0.014894994701578077;0.797789427648545
12.495717;1.0444163974854526;0.833306123871358;0.797893008441306;-1.1281086989446588e-05;2.193720731382994e-06;1.0449786181529932;10.00097785602887;0.8335353406771253;1.044998831717917;1.0448195569817533;0.7976904917952752;-0.014894994368916063;0.7977914296901977
12.505717;1.0444157307553186;0.8333036897414698;0.7978943701487213;-1.1066980472583825e-05;1.9331858964325544e-06;1.0449791626411529;10.000989208333822;0.8335344395694037;1.0449978405889886;1.0448239666985923;0.7976917742245783;-0.01489499407523008;0.7977933881658271
12.515717;1.0444152088282401;0.833301326298775;0.7978957746350905;-1.0860517262056017e-05;1.6776481814043024e-06;1.044979773498578;10.001000103652446;0.8335335700154625;1.0449967334747974;1.0448283995980663;0.7976930619962701;-0.01489499382076532;0.7977952945359987
12.525717;1.0444148367877801;0.8332990421063997;0.7978972261041745;-1.06623185161539e-05;1.4273884638474705e-06;1.044980446114661;10.001010621751222;0.8335327345328625;1.0449955194874483;1.0448328485869096;0.7976943538292409;-0.014894993605947406;0.7977971405819255
12.535717;1.0444146189805201;0.8332968431478074;0.7978987281819484;-1.047275102228888e-05;1.1827040020200718e-06;1.0449811747179123;10.001020853341123;0.8335319360973584;1.0449942071037368;1.044837307928377;0.7976956489544617;-0.014894993431396783;0.7977989184280704
12.545717;1.0444145580048632;0.8332947338876041;0.7979002827579903;-1.0291747153232953e-05;9.438273266650733e-07;1.0449819511674925;10.001030881379425;0.8335311765028653;1.0449928024912856;1.0448417723569954;0.7976969475024356;-0.014894993297472008;0.7978006206258108
12.555717;1.0444146535200574;0.833292717830932;0.7979018887382218;-1.0118878745935845e-05;7.107859375761651e-07;1.044982765975807;10.001040767447737;0.8335304542179155;1.0449913082914415;1.0448462359206612;0.7976982512875738;-0.014894993204119059;0.7978022408304468
12.565717;1.0444149019550502;0.8332907977437536;0.7979035419219812;-9.95351652269054e-06;4.835434255723156e-07;1.044983610139667;10.001050565607592;0.8335297633963913;1.0449897238145864;1.0448506917443805;0.7976995634593683;-0.014894993150968863;0.797803774229665
12.575717;1.0444152984275152;0.833288976251848;0.7979052359695215;-9.794855809753435e-06;2.622661105499862e-07;1.0449844767514505;10.001060345553427;0.8335290946352653;1.044988047125185;1.044855131654291;0.7977008871155451;-0.014894993136819466;0.7978052170309606
12.585717;1.0444158396193812;0.833287256501275;0.7979069633178498;-9.641931004150227e-06;4.730516527394565e-08;1.0449853615810858;10.001070187778417;0.8335284373049261;1.0449862774822538;1.0448595464742105;0.7977022241617885;-0.014894993158969144;0.7978065658016505
12.595717;1.044416524921366;0.8332856423118582;0.7979087157960821;-9.493813821821143e-06;-1.610926619930754e-07;1.0449862625878075;10.001080163022039;0.8335277815309361;1.0449844164341544;1.0448639280964358;0.797703574745424;-0.014894993213537972;0.7978078171830277
12.605717;1.0444173546131392;0.8332841375628921;0.7979104849760432;-9.349834514412529e-06;-3.628864671773726e-07;1.0449871795351797;10.00109032918714;0.8335271184537505;1.0449824672959394;1.0448682715779638;0.797704937617427;-0.014894993296593585;0.7978089673645963
12.615717;1.0444183276878396;0.8332827447137671;0.7979122625988829;-9.20955772200886e-06;-5.579652570240994e-07;1.0449881140306503;10.001100739471552;0.8335264402604335;1.0449804340026816;1.0448725750411116;0.7977063109692742;-0.01489499340509577;0.7978100115690905
12.625717;1.0444194423331792;0.8332814638648715;0.7979140417619498;-9.072562234659564e-06;-7.458452355074274e-07;1.0449890684112497;10.001111441300486;0.833525741128281;1.0449783207410688;1.044876837857742;0.7977076920432453;-0.014894993537165665;0.7978109443270249
12.635717;1.044420697041693;0.833280293597767;0.7979158179778121;-8.938215433017225e-06;-9.256750492278009e-07;1.0449900431258194;10.001122466750573;0.8335250180912398;1.0449761325270948;1.0448810597365743;0.7977090766483352;-0.014894993691873542;0.7978117602373662
12.645717;1.0444220899706824;0.8332792321606689;0.7979175894338195;-8.805586499252574e-06;-1.096452496376718e-06;1.0449910351972231;10.001133828152533;0.8335242703640992;1.0449738749298376;1.044885241005908;0.7977104607548827;-0.014894993869014014;0.7978124545506075
12.655717;1.044423618272758;0.833278277891278;0.7979193570076869;-8.673598662113096e-06;-1.2572143380896196e-06;1.0449920393563488;10.001145529495556;0.8335234972364954;1.0449715526990442;1.0448893825043533;0.7977118423045748;-0.014894994068944664;0.7978130236714474
12.665717;1.044425278673718;0.8332774294981106;0.797921123094079;-8.541249959252652e-06;-1.4071118719012105e-06;1.0449930498585585;10.001157587040224;0.8335226961162077;1.0449691696810033;1.044893485062271;0.7977132214717988;-0.014894994292405081;0.7978134657806119
12.675717;1.0444270686060522;0.8332766863751514;0.7979228892607357;-8.407630969568917e-06;-1.5454198162565887e-06;1.0449940609807937;10.00117003677086;0.8335218615927703;1.0449667303707455;1.0448975486042853;0.7977146008863375;-0.01489499454037726;0.7978137808937501
12.685717;1.0444289873875279;0.8332760492240546;0.7979246552321677;-8.271816671480126e-06;-1.6715546367143537e-06;1.0449950666578565;10.001182918638605;0.8335209860132957;1.0449642404428492;1.0449015711608287;0.7977159856821316;-0.014894994813888694;0.7978139704419851
12.695717;1.0444310366322906;0.8332755205291347;0.7979264194082191;-8.132853830329304e-06;-1.7850753282768793e-06;1.0449960601398665;10.001196254522469;0.8335200616658985;1.0449617058437353;1.044905549002511;0.7977173820561764;-0.014894995113661541;0.7978140370755709
12.705717;1.0444332190299677;0.8332751033956672;0.7979281790446892;-7.98986255872653e-06;-1.8856697817676193e-06;1.0449970340468526;10.001210043401072;0.8335190826388726;1.0449591329654664;1.0449094774040615;0.7977187956392344;-0.014894995439856652;0.7978139838134801
12.715717;1.0444355364384346;0.8332747991200501;0.7979299300110702;-7.8421316254458e-06;-1.973113408355867e-06;1.0449979809782137;10.00122427839644;0.833518044860464;1.0449565296929786;1.044913350860193;0.7977202308899496;-0.01489499579207761;0.7978138124910757
12.725717;1.0444379888839093;0.8332746054615092;0.7979316671521659;-7.689115658590598e-06;-2.047139953499203e-06;1.0449988942169968;10.001238960861217;0.8335169457945664;1.0449539050005365;1.0449171633265357;0.7977216908933409;-0.01489499616950753;0.7978135234366508
12.735717;1.0444405742373888;0.8332745170600679;0.7979333851238561;-7.530385409086775e-06;-2.1073990017293407e-06;1.0449997684301067;10.001254085658283;0.8335157849139957;1.0449512667265854;1.044920908657938;0.7977231769665937;-0.014894996571058663;0.7978131167974355
12.745717;1.0444432882525791;0.8332745273846036;0.7979350788775124;-7.365604893541912e-06;-2.153602086089378e-06;1.045000600390584;10.001269621346712;0.8335145635075558;1.044948619535609;1.044924580249027;0.7977246885367268;-0.014894996995328513;0.7978125937705479
12.755717;1.0444461256283222;0.8332746298915926;0.7979367439560227;-7.194482829829228e-06;-2.1856475278045924e-06;1.0450013890687193;10.001285522483755;0.8335132832403509;1.0449459658701332;1.0449281707470497;0.7977262241800603;-0.014894997440382673;0.797811956872897
12.765717;1.0444490813245149;0.8332748180127751;0.7979383767221551;-7.016709248748514e-06;-2.203617396968773e-06;1.0450021349333858;10.001301755137074;0.8335119450978197;1.0449433090650597;1.0449316730948737;0.7977277832053893;-0.014894997903784275;0.7978112103299336
12.775717;1.044452150473286;0.8332750855010245;0.7979399737850258;-6.831992497387325e-06;-2.20775525675974e-06;1.0450028386437782;10.001318305117806;0.8335105498558399;1.0449406543741913;1.0449350810850475;0.7977293662765035;-0.01489499838298365;0.7978103605509009
12.785717;1.044455327050729;0.8332754268831807;0.7979415310171312;-6.64014140793882e-06;-2.1984169602289366e-06;1.0450034997435536;10.00133517001454;0.8335090993586591;1.0449380072605847;1.044938388013222;0.7977309748993483;-0.014894998875730684;0.7978094156156375
12.795717;1.0444586030195186;0.8332758372516974;0.797943043101554;-6.4410674295306225e-06;-2.1759126597040513e-06;1.0450041163113528;10.001352341838489;0.83350759723342;1.044935372761451;1.044941585657406;0.7977326107532428;-0.014894999380043423;0.7978083846875481
12.805717;1.0444619684679364;0.8332763122323481;0.7979445036012605;-6.234759538405845e-06;-2.140425715187541e-06;1.0450046857052129;10.001369796480368;0.8335060485197074;1.0449327569175941;1.0449446650419816;0.7977342756043837;-0.014894999893697558;0.7978072776558031
12.815717;1.0444654116347396;0.8332768483307479;0.7979459055476056;-6.0212986033209895e-06;-2.092156999271709e-06;1.0450052059150141;10.001387501542714;0.8335044584526176;1.0449301672161877;1.0449476178340014;0.7977359716533766;-0.014895000413946844;0.7978061041750169
12.825717;1.044468918499782;0.8332774430255815;0.7979472424618755;-5.800939301239257e-06;-2.03154935610403e-06;1.0450056761755455;10.00140542404074;0.8335028315418248;1.0449276118322335;1.0449504371759237;0.7977377014302274;-0.014895000937874363;0.797804873601736
12.835717;1.044472473171225;0.8332780949267662;0.7979485092236167;-5.574252288579717e-06;-1.9594384472574917e-06;1.0450060962697871;10.001423525722814;0.8335011721379117;1.0449251001899194;1.0449531169995614;0.7977394670818027;-0.014895001462870339;0.7978035963877848
12.845717;1.0444760596197769;0.833278804311007;0.7979497020233515;-5.342140545834744e-06;-1.8770075006990365e-06;1.0450064662324066;10.001441762461829;0.8334994854706038;1.0449226442498274;1.0449556506317956;0.797741270046833;-0.014895001986598494;0.7978022843849181
12.855717;1.044479662705877;0.8332795732769949;0.7979508173669079;-5.105661715724522e-06;-1.7855700967135806e-06;1.0450067867442085;10.001460095129891;0.8334977773167767;1.0449202585098292;1.0449580308578015;0.7977431112875486;-0.01489500250682489;0.797800949504903
12.865717;1.0444832671940822;0.833280404684548;0.7979518516425126;-4.865943409761732e-06;-1.6863969845330731e-06;1.0450070586867806;10.001478494754306;0.8334960525667154;1.04491795869678;1.0449602510273572;0.7977449913818025;-0.014895003021808097;0.7977996029414142
12.875717;1.0444868569846175;0.8332813002426629;0.7979528017520404;-4.624329537940086e-06;-1.5807279310307724e-06;1.0450072825953072;10.001496939436539;0.8334943147369217;1.0449157596928518;1.0449623054338733;0.7977469099627089;-0.014895003530838903;0.7977982552579991
12.885717;1.0444904152295018;0.8332822591597516;0.7979536651804606;-4.38240634023583e-06;-1.4699034731069323e-06;1.045007459281078;10.001515420031605;0.8334925673111004;1.0449136735180025;1.044964189316219;0.7977488648247393;-0.014895004034139969;0.7977969158778752
12.895717;1.0444939243221896;0.8332832782623995;0.7979544391302811;-4.14172862647049e-06;-1.355376103564982e-06;1.0450075911212866;10.00153395104381;0.8334908156185793;1.0449117086220543;1.0449658994531672;0.7977508517433319;-0.014895004532139253;0.7977955925688602
12.905717;1.0444973671546252;0.8332843527177722;0.7979551202412649;-3.903562252468502e-06;-1.2385998997921063e-06;1.0450076834741866;10.001552571191157;0.8334890679662552;1.0449098709219544;1.0449674340381618;0.7977528647862598;-0.01489500502488762;0.7977942922952121
12.915717;1.044500729210936;0.8332854762280244;0.7979557052046395;-3.668798335608617e-06;-1.1210553171209086e-06;1.0450077451405813;10.001571332475569;0.8334873351517471;1.0449081660052817;1.044968790608718;0.7977548963389407;-0.014895005512072594;0.7977930220773206
12.925717;1.0445039985927567;0.8332866415341557;0.7979561909784286;-3.437985003598644e-06;-1.0043596317019217e-06;1.0450077871042616;10.001590286174537;0.8334856281068536;1.0449066009373744;1.044969964080946;0.7977569376392342;-0.014895005992989166;0.7977917886522422
12.935717;1.0445071640706673;0.8332878415423012;0.7979565744377627;-3.2114488244723356e-06;-8.901864634072205e-07;1.045007820537023;10.001609472480299;0.833483955432175;1.044905183618577;1.0449709474079403;0.7977589802310158;-0.014895006466331465;0.7977905983112615
12.945717;1.0445102142377294;0.8332890694692671;0.7979568522157553;-2.989366625221317e-06;-7.799791689854754e-07;1.0450078552159099;10.001628912831128;0.833482322771647;1.0449039199346273;1.0449717344726126;0.7977610166200773;-0.014895006930511592;0.7977894570374431
12.955717;1.0445131393444123;0.8332903184725308;0.7979570207979049;-2.7718337021562695e-06;-6.748251731936093e-07;1.045007899676794;10.001648613671135;0.8334807338569199;1.0449028113207075;1.044972322601518;0.797763039181521;-0.014895007384262892;0.797788369845859
12.965717;1.0445159332459442;0.8332915819006166;0.7979570771251373;-2.55909119044722e-06;-5.756862781879124e-07;1.0450079624419177;10.00166858984503;0.8334791915936234;1.0449018546887225;1.0449727130073834;0.7977650389654201;-0.014895007826802946;0.7977873400007717
12.975717;1.0445185926236096;0.8332928531884808;0.7979570194460899;-2.351744083648827e-06;-4.836408100979724e-07;1.0450080513005984;10.001688884218195;0.8334776979118304;1.0449010450047798;1.0449729099135074;0.7977670060345978;-0.014895008257566067;0.7977863687540437
12.985717;1.0445211147730005;0.8332941256182108;0.7979568473322751;-2.1508401675043818e-06;-3.998724231083963e-07;1.045008171437267;10.001709558349683;0.8334762526371102;1.0449003775134473;1.0449729194688504;0.7977689306174272;-0.014895008675936542;0.7977854551144438
12.995717;1.044523496872821;0.8332953926540663;0.7979565613156622;-1.9578609593896384e-06;-3.25557046102863e-07;1.0450083251070645;10.001730660471958;0.8334748530389056;1.0448998466379507;1.0449727483456361;0.7977708031993468;-0.014895009081323244;0.7977845960446842
13.005717;1.044525736576004;0.8332966482863904;0.7979561631367715;-1.7745871462037668e-06;-2.6181859830875843e-07;1.0450085119576007;10.001752196673221;0.8334734951297449;1.0448994443417132;1.0449724024673346;0.797772613446287;-0.014895009473589899;0.7977837874014813
13.015717;1.044527831514984;0.8332978875978423;0.7979556560066844;-1.6029672117623245e-06;-2.0975032488774124e-07;1.045008728854663;10.001774128136125;0.8334721755702604;1.0448991614826717;1.0449718873983391;0.7977743492484617;-0.014895009853492135;0.7977830244317805
13.025717;1.044529778603563;0.833299107781303;0.7979550441974399;-1.4451417103292718e-06;-1.704508472755775e-07;1.0450089700565202;10.001796393043207;0.8334708928674995;1.044898990996631;1.0449712091709553;0.7977759970419344;-0.014895010222579861;0.7977823020556793
13.035717;1.04453157518713;0.833300308523423;0.797954332461003;-1.3034423311577034e-06;-1.450412490054908e-07;1.0450092284155796;10.001818926921294;0.8334696481293895;1.044898929126057;1.0449703731994686;0.7977775436723785;-0.014895010582448956;0.7977816162444985
13.045717;1.044533220090035;0.833301491067075;0.7979535256658472;-1.1802257606708524e-06;-1.3463004238214302e-07;1.0450094969684205;10.001841665881997;0.8334684453188341;1.0448989729935314;1.044969382637358;0.7977789778482071;-0.014895010934001857;0.7977809650577595
13.055717;1.0445347134351641;0.8333026570714709;0.7979526284082085;-1.0777020644447458e-06;-1.402273696457538e-07;1.0450097698372278;10.001864546117012;0.8334672902089779;1.0448991174087403;1.044968238019618;0.7977802902859109;-0.014895011277532606;0.7977803472485719
13.065717;1.044536056514357;0.8333038082952144;0.7979516450546401;-9.978459441128887e-07;-1.6264372847966645e-07;1.0450100427841524;10.001887505391414;0.8334661887494356;1.044899353990883;1.0449669384615017;0.7977814740870766;-0.01489501161339366;0.7977797598793294
13.075717;1.0445372517310678;0.8333049469063412;0.7979505804938432;-9.42317189057053e-07;-2.0239694296924634e-07;1.0450103140236293;10.001910475011691;0.8334651463165683;1.0448996727922661;1.0449654849443735;0.7977825254013368;-0.014895011942307754;0.7977791978938233
13.085717;1.0445383026364368;0.8333060757686617;0.7979494406480568;-9.124359927586981e-07;-2.596932436431466e-07;1.0450105845557724;10.001933367110796;0.8334641672978023;1.0449000652728893;1.0449638838649218;0.7977834434967064;-0.014895012265207933;0.7977786555852686
13.095717;1.0445392140580554;0.8333071978691776;0.7979482323602322;-9.092072436143789e-07;-3.3450960514113003e-07;1.045010857965734;10.001956077332508;0.8334632540551548;1.0449005258615403;1.0449621464039138;0.7977842304142218;-0.014895012583018657;0.7977781280300079
13.105717;1.044539991903672;0.833308315377523;0.7979469624230409;-9.332940569926433e-07;-4.2666889811980786e-07;1.0450111405699098;10.001978505643088;0.8334624067436969;1.044901050296837;1.0449602843306598;0.7977848906974471;-0.014895012896532327;0.797777611847333
13.115717;1.0445406428203132;0.83330942965626;0.7979456355777376;-9.849923922198614e-07;-5.358885601243108e-07;1.0450114410580822;10.002000571959975;0.8334616250976894;1.0449016333577585;1.0449583080665155;0.797785431016038;-0.014895013206424402;0.7977771052746168
13.125717;1.0445411740047867;0.833310542270135;0.797944253751234;-1.0642805346683488e-06;-6.618194255093842e-07;1.0450117686452929;10.002022211345913;0.8334609100718912;1.0449022687328364;1.0449562275901378;0.7977858589430946;-0.014895013513327556;0.7977766074676748
13.135717;1.044541593386365;0.8333116560459063;0.7979428181776471;-1.1709524740112713e-06;-8.039724489064721e-07;1.0450121319265502;10.002043357984833;0.8334602633198216;1.0449029496557778;1.0449540528732377;0.797786181395177;-0.014895013817953228;0.7977761178110215
13.145717;1.0445419102494231;0.8333127748800193;0.7979413318546679;-1.3047773563452038e-06;-9.6159889347993e-07;1.0450125400507322;10.002063934281017;0.8334596854640204;1.044903668697679;1.0449517943242002;0.7977864042124729;-0.014895014121384777;0.7977756361915466
13.155717;1.0445421352401207;0.8333139020619076;0.7979397993115668;-1.465579089612827e-06;-1.1336714379876653e-06;1.0450130033030034;10.002083855923864;0.8334591750247673;1.0449044180436524;1.0449494635180998;0.797786532784307;-0.014895014425279332;0.7977751637100494
13.165717;1.044542278540336;0.8333150388468786;0.7979382243753316;-1.6531970272180608e-06;-1.3189597024246211e-06;1.0450135310164175;10.002103045360396;0.8334587284679382;1.0449051911948466;1.0449470723151628;0.7977865721530705;-0.014895014731664602;0.7977747028026411
13.175717;1.0445423482301008;0.8333161844448278;0.7979366090948375;-1.8673727155809671e-06;-1.5161816716799024e-06;1.0450141291961752;10.002121439433127;0.8334583411800505;1.0449059849906066;1.044944631469382;0.7977865263739825;-0.014895015042692831;0.7977742565632117
13.185717;1.0445423507121538;0.8333173371565717;0.7979349550020604;-2.1076995389989305e-06;-1.7240981242290831e-06;1.0450148000379533;10.00213899112047;0.8334580090357993;1.0449068002147324;1.0449421507299306;0.7977863985362011;-0.014895015360608858;0.7977738275274704
13.195717;1.044542291326403;0.833318496162983;0.7979332648459013;-2.37369059176751e-06;-1.9413908298991537e-06;1.0450155430641521;10.002155671754233;0.8334577291550429;1.044907640571301;1.0449396390296046;0.7977861911086844;-0.014895015687568883;0.797773416822618
13.205717;1.0445421748412889;0.8333196624810553;0.7979315432657462;-2.6648028052577007e-06;-2.166497617029101e-06;1.0450163565705468;10.002171471511947;0.8334574995708164;1.044908511810523;1.0449371039712383;0.7977859054729544;-0.014895016025158785;0.7977730245422149
13.215717;1.0445420070350528;0.8333208379397269;0.7979297965738752;-2.980364164527733e-06;-2.397682691016744e-06;1.0450172379518408;10.002186391036899;0.8334573194764456;1.0449094211028613;1.0449345524856062;0.7977855417119809;-0.014895016374227465;0.7977726501400305
13.225717;1.0445417958937484;0.833322023396918;0.7979280323866095;-3.3195508701808443e-06;-2.633319607986981e-06;1.0450181829537644;10.002200433862695;0.8334571898473057;1.0449103757694242;1.0449319925994511;0.7977850989848213;-0.014895016735324194;0.7977722912955705
13.235717;1.0445415506845752;0.8333232180070632;0.7979262594510971;-3.681371490042703e-06;-2.872070569699458e-06;1.045019185466946;10.002213606776687;0.8334571129159979;1.0449113821832725;1.0449294339987227;0.7977845752566249;-0.014895017109137697;0.7977719428738124
13.245717;1.0445412800087437;0.8333244197617408;0.7979244871765222;-4.064530300280444e-06;-3.1127247716129495e-06;1.0450202385474323;10.002225911829015;0.8334570912223269;1.0449124452091367;1.0449268861165446;0.7977839670886251;-0.014895017496497171;0.797771598112411
13.255717;1.0445409913997654;0.8333256265054949;0.7979227248902129;-4.467343196440709e-06;-3.3539037881226054e-06;1.0450213354491251;10.002237329338529;0.8334571274393205;1.0449135680397301;1.0449243551564735;0.7977832706523;-0.0148950178980539;0.7977712508387478
13.265717;1.044540692743496;0.8333268369896359;0.7979209817113722;-4.887932687163034e-06;-3.594036873302297e-06;1.045022469279313;10.002247812462295;0.8334572244538425;1.0449147530948792;1.044921843424837;0.7977824830519109;-0.014895018314193835;0.7977708964287528
13.275717;1.044540393037805;0.8333280513126868;0.7979192664258433;-5.324577504090556e-06;-3.831618545833122e-06;1.0450236319098003;10.002257296595015;0.8334573852723579;1.0449160035752267;1.0449193513121287;0.7977816027788993;-0.014895018745478461;0.7977705314138016
13.285717;1.0445401014632285;0.8333292703777643;0.7979175860520895;-5.775929698525138e-06;-4.065399482386133e-06;1.0450248144320242;10.002265702884841;0.8334576129446297;1.0449173239714222;1.044916878948224;0.7977806293998742;-0.014895019192835661;0.7977701528617326
13.295717;1.0445398263596009;0.8333304950567229;0.7979159439656589;-6.241034120826278e-06;-4.294300292431129e-06;1.0450260085929284;10.002272929038023;0.8334579105847966;1.0449187195837357;1.0449144268339163;0.7977795633993516;-0.014895019656895991;0.79776975788076
13.305717;1.0445395745453678;0.8333317253425374;0.7979143393459232;-6.719209358204953e-06;-4.517153190518197e-06;1.0450272062731774;10.002278848337582;0.8334582815590408;1.0449201963645367;1.0449119964177385;0.7977784062051624;-0.014895020137289642;0.797769343795522
13.315717;1.0445393501283278;0.8333329597600984;0.7979127680812019;-7.209842539182243e-06;-4.7325620053328724e-06;1.0450283980804924;10.002283322700658;0.8334587297597559;1.0449217602281975;1.0449095910077784;0.7977771593902878;-0.014895020632730984;0.797768909466058
13.325717;1.0445391534202428;0.8333341956402276;0.7979112241544846;-7.712258990441936e-06;-4.939043517196907e-06;1.045029573831932;10.002286220036288;0.8334592600477216;1.0449234149732745;1.0449072165668079;0.7977758239221154;-0.01489502114141212;0.7977684568745732
13.335717;1.0445389809758576;0.8333354298109515;0.7979097009721166;-8.225702745568409e-06;-5.135249725539219e-06;1.0450307242424546;10.002287433437825;0.8334598781135701;1.0449251606568024;1.0449048811876096;0.7977744009413114;-0.014895021661059136;0.7977679917495993
13.345717;1.0445388266553355;0.8333366587065388;0.7979081921066072;-8.749290256077373e-06;-5.320042969262747e-06;1.0450318422801508;10.002286892504076;0.8334605890189075;1.044926993286465;1.0449025938037162;0.7977728926825075;-0.014895022188881219;0.7977675219389959
13.355717;1.044538683247965;0.8333378779797732;0.7979066913773848;-9.282011207431296e-06;-5.492536671176411e-06;1.0450329233388442;10.002284558532075;0.8334613962578782;1.0449289049406936;1.0449003631893083;0.7977713024079449;-0.014895022721780707;0.7977670541232662
13.365717;1.0445385441303277;0.8333390826376592;0.7979051934347816;-9.822812609758356e-06;-5.65218815609011e-06;1.045033963865089;10.002280414716934;0.8334623025170668;1.044930884387453;1.0448981970373274;0.7977696346352401;-0.014895023256666131;0.7977665923447506
13.375717;1.044538403924389;0.8333402676340171;0.797903694863072;-1.0370570434436798e-05;-5.798709959417718e-06;1.0450349596217388;10.002274468799424;0.8334633107984486;1.0449329183247968;1.0448961018403986;0.7977678959905962;-0.014895023790609507;0.7977661394750702
13.385717;1.0445382583554472;0.8333414279650486;0.7979021944544709;-1.0924060146593754e-05;-5.931790675740136e-06;1.0450359046885898;10.002266762613914;0.8334644250954825;1.0449349925299325;1.0448940840123702;0.7977660957949173;-0.014895024320982464;0.7977656983832566
13.395717;1.0445381050813707;0.8333425586819233;0.7979006926261001;-1.148214193096524e-05;-6.050953007488478e-06;1.0450367916311034;10.00225736016698;0.8334656501490163;1.0449370925195511;1.0448921512557179;0.7977642461311207;-0.014895024845575226;0.7977652711210834
13.405717;1.044537945235522;0.8333436557160432;0.7978991911536274;-1.20439174517224e-05;-6.1556450424809255e-06;1.0450376131270698;10.002246315936548;0.8334669900123688;1.0449392039866052;1.0448903136016299;0.7977623613887869;-0.014895025362435045;0.7977648578902166
13.415717;1.0445377833609988;0.8333447166087847;0.7978976932321012;-1.2608637040032362e-05;-6.2454096261604386e-06;1.0450383640506418;10.002233657583645;0.8334684470286661;1.0449413128420657;1.0448885834346895;0.7977604570738196;-0.014895025869552025;0.7977644568579012
13.425717;1.0445376253270027;0.83334573992969;0.7978962028903708;-1.3175570162616768e-05;-6.319972970308307e-06;1.0450390424442668;10.002219395084454;0.833470022834231;1.0449434049757835;1.044886974370549;0.7977585483033863;-0.014895026364638433;0.797764065056005
13.435717;1.0445374766155482;0.8333467240591386;0.7978947243285018;-1.374399594776642e-05;-6.379167314758796e-06;1.0450396483576996;10.002203539527995;0.833471720040798;1.0449454666986249;1.044885500048797;0.7977566493130446;-0.014895026845108534;0.7977636800202907
13.445717;1.0445373424512898;0.8333476665497367;0.7978932621659997;-1.4313182038815903e-05;-6.4228026462513505e-06;1.0450401817731667;10.002186107466827;0.833473542191065;1.0449474854930938;1.044884172467486;0.797754774127697;-0.014895027308364275;0.7977633003773313
13.455717;1.0445372286989143;0.8333485641633427;0.7978918214556846;-1.4882327240799058e-05;-6.450631594940301e-06;1.0450406425149077;10.002167111288152;0.8334754924099936;1.0449494502907315;1.044882999332466;0.7977529368831034;-0.014895027752030356;0.7977629255960378
13.465717;1.0445371420372682;0.8333494130883449;0.7978904065037651;-1.5450622492094596e-05;-6.462345487251492e-06;1.045041031961561;10.002146561980458;0.8334775724418496;1.0449513513395714;1.044881982551333;0.7977511514715986;-0.01489502817380944;0.7977625563872678
13.475717;1.044537089191291;0.8333502093854411;0.7978890199731312;-1.6017419905800153e-05;-6.457575900181284e-06;1.0450413546137176;10.00212448416734;0.8334797820604664;1.0449531794808302;1.0448811197130767;0.797749431258511;-0.01489502857128159;0.7977621946883712
13.485717;1.0445370762142234;0.8333509496950763;0.797887663472668;-1.658229529684083e-05;-6.435973435855167e-06;1.0450416188185374;10.002100921134492;0.8334821189715887;1.044954925257403;1.0448804066336888;0.7977477884875528;-0.014895028941963654;0.797761842456832
13.495717;1.0445371079798085;0.83335163173192;0.7978863386605467;-1.714493916309007e-05;-6.397314959388145e-06;1.045041835875603;10.00207592853505;0.8334845794811078;1.0449565785450128;1.0448798378047377;0.7977462331283951;-0.014895029283529258;0.7977615003423657
13.505717;1.0445371875744451;0.8333522544969312;0.7978850477350837;-1.7705099805841594e-05;-6.341507841401074e-06;1.0450420179510744;10.002049564503057;0.8334871584143387;1.0449581283421165;1.0448794047763337;0.7977447722160367;-0.014895029593995787;0.7977611672961186
13.515717;1.0445373160672764;0.8333528180644769;0.7978837935916303;-1.826269143021254e-05;-6.268469212171417e-06;1.0450421764664106;10.002021876905141;0.8334898480895514;1.0449595630414523;1.044879095372449;0.7977434100981567;-0.014895029871892628;0.7977608419170076
13.525717;1.0445374931697355;0.8333533229979895;0.7978825803024732;-1.8817871174147e-05;-6.178100019743014e-06;1.0450423215746525;10.001992899563952;0.8334926385146886;1.0449608720949513;1.0448788949785237;0.7977421483709227;-0.014895030116475774;0.7977605243260019
13.535717;1.0445377186017681;0.833353770230099;0.7978814136481778;-1.9370956883146727e-05;-6.070436971168384e-06;1.045042462332589;10.001962664275094;0.8334955191986723;1.0449620475186967;1.0448787882416897;0.7977409849788872;-0.014895030327628461;0.7977602162653001
13.545717;1.0445379928538137;0.8333541616090224;0.7978803009217331;-1.992231883163107e-05;-5.9457241970113935e-06;1.0450426065255383;10.001931208577474;0.8334984803821581;1.044963083241137;1.0448787599419422;0.797739914349523;-0.014895030505282538;0.797759919965616
13.555717;1.0445383167907796;0.8333545002238595;0.7978792500179253;-2.0472394881393348e-05;-5.80435405187228e-06;1.0450427602796506;10.001898568953541;0.8335015127422587;1.0449639734209848;1.0448787955983243;0.7977389297288131;-0.014895030648870846;0.7977596378608534
13.565717;1.0445386902983276;0.8333547897309127;0.7978782686518736;-2.1021703913543272e-05;-5.646867863838408e-06;1.0450429284593798;10.001864773433798;0.8335046073964205;1.0449647117857417;1.0448788828840516;0.7977380257537999;-0.014895030757205649;0.7977593732064002
13.575717;1.0445391098887447;0.8333550333775949;0.797877364047075;-2.157067916526206e-05;-5.473992297208371e-06;1.0450431150911452;10.001829842565924;0.8335077563836104;1.044965292225667;1.0448790131049137;0.7977371991390619;-0.01489503082873179;0.7977591299558007
13.585717;1.044539567094666;0.833355233446882;0.7978765426207133;-2.211951513119556e-05;-5.286607546804547e-06;1.0450433234257963;10.001793794477049;0.8335109519962394;1.0449657093304954;1.0448791808277462;0.7977364477189773;-0.014895030862064309;0.7977589117764949
13.595717;1.0445400500201458;0.8333553906043901;0.7978758092045086;-2.266822135511226e-05;-5.085738278939505e-06;1.045043556026387;10.00175664532719;0.8335141860990314;1.0449659583426332;1.0448793825386602;0.7977357689243575;-0.014895030856530864;0.7977587220598783
13.605717;1.044540546593789;0.8333555038387823;0.7978751660178084;-2.3216769144082662e-05;-4.872549473621925e-06;1.0450438146944883;10.001718404292095;0.8335174509097111;1.0449660354628272;1.0448796166973564;0.7977351585237572;-0.014895030812420378;0.7977585647179883
13.615717;1.0445410453301633;0.8333555719273704;0.7978746119211891;-2.376521834009105e-05;-4.648213516410851e-06;1.0450441003214757;10.001679074859409;0.8335207401977394;1.044965937510564;1.0448798847885932;0.7977346109756648;-0.014895030731037649;0.7977584440029334
13.625717;1.044541533651475;0.8333555949508333;0.7978741420073265;-2.4313745919015654e-05;-4.413734536579871e-06;1.045044412342086;10.001638668165834;0.8335240491946352;1.0449656596089598;1.0448801911731245;0.7977341213508625;-0.01489503061467372;0.7977583637120212
13.635717;1.044541997925219;0.8333555743710158;0.7978737483394788;-2.4862596620060234e-05;-4.169811805703217e-06;1.045044748205169;10.001597216845347;0.8335273728423322;1.0449651937748339;1.0448805412910938;0.797733686337851;-0.014895030466371183;0.7977583268942715
13.645717;1.0445424254189122;0.8333555124994051;0.7978734226449091;-2.5412086020279075e-05;-3.916819534661255e-06;1.0450451038191328;10.001554776828643;0.8335307044341893;1.0449645309227724;1.0448809400041659;0.797733303474959;-0.014895030289473964;0.7977583363909067
13.655717;1.044542805880044;0.8333554124131147;0.7978731590055291;-2.5962588855664113e-05;-3.655046310687691e-06;1.0450454740976598;10.001511416961968;0.8335340360976836;1.0449636633724988;1.0448813913942439;0.7977329705028755;-0.014895030087193338;0.7977583955725807
13.665717;1.0445431325268701;0.8333552775944019;0.7978729540205317;-2.6514436572653964e-05;-3.385016198146217e-06;1.0450458527863318;10.001467204306758;0.8335373600614495;1.0449625848027335;1.0448818989897815;0.7977326853974386;-0.014895029862541946;0.7977585084417522
13.675717;1.044543402250075;0.8333551111187797;0.7978728051907826;-2.7067789931519122e-05;-3.107574434716295e-06;1.0450462323578547;10.00142219530779;0.8335406701697294;1.0449612897216036;1.0448824652426285;0.7977324460779218;-0.014895029618602559;0.7977586798850774
13.685717;1.044543615281708;0.8333549156982161;0.7978727101020978;-2.7622486848014076e-05;-2.8237649362490877e-06;1.045046605089106;10.001376440403948;0.8335439630535284;1.0449597750579593;1.0448830915957315;0.7977322504194336;-0.014895029358575132;0.797758916158741
13.695717;1.0445437753069018;0.8333546944112261;0.797872666248715;-2.8178001764545172e-05;-2.5347041391582795e-06;1.0450469644471863;10.00132999599825;0.8335472378055914;1.0449580421154494;1.0448837794848669;0.797732097350008;-0.014895029085291604;0.797759224147253
13.705717;1.0445438892449328;0.8333544509553645;0.7978726701034359;-2.8733589716100524e-05;-2.2415215145256656e-06;1.0450473048140736;10.001282931718864;0.8335504951671586;1.0449560962592137;1.0448845299340117;0.7977319873583257;-0.014895028800664884;0.7977596098124992
13.715717;1.044543965514893;0.8333541893839326;0.7978727167200302;-2.928830932041484e-05;-1.945353278080864e-06;1.0450476208821415;10.00123533258137;0.8335537368365309;1.0449539450619756;1.0448853418969175;0.7977319215931089;-0.014895028505919047;0.7977600772254967
13.725717;1.0445440117105598;0.8333539135457954;0.7978728006076409;-2.9840823395811263e-05;-1.6472996731911096e-06;1.0450479083871342;10.001187297327787;0.8335569636439936;1.0449515969890575;1.0448862115748256;0.7977319012869754;-0.014895028202569648;0.7977606282918369
13.735717;1.0445440338283185;0.8333536264201448;0.7978729165474001;-3.0389340655470307e-05;-1.3482752024892368e-06;1.0450481647441168;10.001138931194875;0.8335601736541643;1.0449490609795749;1.0448871332695555;0.7977319278494217;-0.01489502789292074;0.7977612632207599
13.745717;1.0445440369990118;0.8333533297833927;0.7978730597600525;-3.093193397484188e-05;-1.048919151028805e-06;1.0450483888883695;10.001090341430462;0.8335633630917613;1.0449463466695166;1.04488810073959;0.7977320028224977;-0.014895027579616154;0.7977619815124937
13.755717;1.044544025891099;0.8333530241406739;0.7978732258534491;-3.1466923270712555e-05;-7.497573136414077e-07;1.045048580585074;10.001041635193012;0.8335665296240613;1.044943464403799;1.0448891075247717;0.797732128024012;-0.014895027265247144;0.7977627824029976
13.765717;1.0445440052665025;0.8333527087725977;0.7978734108684735;-3.19928892063467e-05;-4.514473939468997e-07;1.0450487394229364;10.000992904581244;0.8335696742750125;1.0449404237643223;1.0448901468062566;0.7977323053875639;-0.014895026952467479;0.7977636646037379
13.775717;1.04454398077763;0.8333523817916001;0.7978736112156467;-3.250840988862831e-05;-1.5479538719121862e-07;1.0450488646032343;10.0009442131981;0.8335728010374135;1.0449372325479114;1.0448912120893172;0.797732536006168;-0.014895026644008982;0.7977646258555714
13.785717;1.0445439579393399;0.8333520395437116;0.7978738238204851;-3.301194231597168e-05;1.3934314441167358e-07;1.0450489553984603;10.00089560964158;0.8335759161994033;1.044933897738101;1.044892297279842;0.7977328200365335;-0.014895026342266464;0.7977656624268169
13.795717;1.0445439404671957;0.8333516757831426;0.7978740467324125;-3.350195248135783e-05;4.300160664721452e-07;1.0450490106475425;10.000847145361714;0.833579027160594;1.0449304252773068;1.044893396111007;0.7977331580563466;-0.014895026049009918;0.7977667694548649
13.805717;1.0445439307204063;0.8333512822971263;0.7978742790743654;-3.397708510189639e-05;7.161094294316531e-07;1.0450490275535829;10.000798872267334;0.8335821400955818;1.0449268178011424;1.0448945027484382;0.7977335519368792;-0.014895025765885087;0.7977679424865762
13.815717;1.044543931452919;0.8333508504116859;0.7978745199365517;-3.443622059990005e-05;9.963365357156126e-07;1.0450490018061567;10.000750842484283;0.8335852583129371;1.0449230738937683;1.0448956124778548;0.7977340039647842;-0.014895025495076401;0.7977691787461321
13.825717;1.0445439468342377;0.8333503716836527;0.7978747675544364;-3.487838014541897e-05;1.2691395580466283e-06;1.0450489286891462;10.00070312408874;0.8335883820363058;1.0449191896893504;1.0448967217803171;0.7977345152344366;-0.014895025239051021;0.7977704776433966
13.835717;1.0445439822407758;0.8333498385268334;0.7978750192390677;-3.5302590495393076e-05;1.5326081846713562e-06;1.0450488034261987;10.000655807648767;0.8335915084580234;1.0449151606086684;1.0448978285790131;0.7977350851032979;-0.014895024999760741;0.7977718407468859
13.845717;1.044544043487416;0.8333492447471608;0.7978752712245478;-3.570785300445258e-05;1.7845714775101879e-06;1.0450486218974426;10.000608989023913;0.8335946321465209;1.0449109821853158;1.0448989312444112;0.7977357118724215;-0.01489502477837558;0.7977732707728656
13.855717;1.0445441363571244;0.8333485846085791;0.797875518352994;-3.609315665234705e-05;2.022811335155105e-06;1.0450483823615113;10.00056275141722;0.8335977467123264;1.0449066505428322;1.044900026493048;0.7977363932104593;-0.014895024575608614;0.7977747703048381
13.865717;1.0445442659806066;0.8333478519509384;0.7978757544529961;-3.6457419261922475e-05;2.2452157313062097e-06;1.045048085080494;10.000517166927828;0.8336008470662051;1.0449021631271227;1.044901108902159;0.7977371251533641;-0.014895024391941016;0.7977763413199952
13.875717;1.0445444358618838;0.8333470411110938;0.7978759736927197;-3.6799409452391925e-05;2.4496962148899958e-06;1.0450477288099165;10.000472305887989;0.833603930405576;1.0448975196525134;1.0449021718737184;0.7977379005639778;-0.01489502422762453;0.7977779850496495
13.885717;1.0445446483263516;0.8333461482840054;0.79787617191951;-3.711779588391194e-05;2.6340712270939273e-06;1.0450473083238516;10.000428241995834;0.8336069958136496;1.0448927229233855;1.044903208413893;0.7977387092539084;-0.014895024082899309;0.7977797014102014
13.895717;1.0445449063783143;0.8333451714076333;0.7978763472485212;-3.741130648508691e-05;2.7961942854934974e-06;1.0450468161298727;10.000385053718821;0.8336100437585858;1.044887778994465;1.0449042120836707;0.797739539646351;-0.0148950239584092;0.7977814883727101
13.905717;1.0445452146372456;0.8333441090799547;0.7978764998164062;-3.7678820706735056e-05;2.934191457581176e-06;1.0450462461592307;10.000342820080332;0.8336130755396869;1.0448826964903084;1.0449051779950091;0.7977403797235786;-0.014895023855299871;0.7977833419549131
13.915717;1.0445455787715576;0.8333429608343033;0.7978766306760424;-3.7919360087796495e-05;3.0465869845615066e-06;1.0450455963045813;10.000301614699545;0.8336160923743638;1.0448774861310235;1.0449061029431912;0.7977412171178416;-0.014895023774883649;0.797785256833408
13.925717;1.044546005018215;0.8333417288303877;0.797876740825498;-3.813211966289823e-05;3.1322399877288657e-06;1.0450448688425598;10.000261503338066;0.8336190946300703;1.0448721607939648;1.0449069850281507;0.7977420398053909;-0.014895023718293477;0.7977872274938697
13.935717;1.0445465008987862;0.833340418695231;0.7978768313068779;-3.831657167487437e-05;3.190215401175102e-06;1.0450440691532557;10.000222548065501;0.8336220817021244;1.0448667347786924;1.044907823896808;0.7977428370428273;-0.014895023686394367;0.7977892495060074
13.945717;1.0445470758117286;0.8333390390880894;0.7978769037825347;-3.847248931690127e-05;3.2197343102383348e-06;1.0450432047978018;10.00018481728182;0.8336250524744149;1.0448612223540712;1.0449086217068044;0.7977435994372623;-0.014895023679948268;0.7977913196006041
13.955717;1.0445477402209091;0.8333376007827957;0.7978769611169784;-3.859981378739935e-05;3.220125086543677e-06;1.045042285805219;10.000148381218583;0.8336280061428655;1.044855637106389;1.0449093834646452;0.7977443184810716;-0.014895023699672905;0.797793434158005
13.965717;1.0445485040574727;0.8333361150448253;0.7978770079964618;-3.8698520599902733e-05;3.1908492796984233e-06;1.0450413241701164;10.000113287181978;0.833630943431262;1.0448499919042837;1.0449101167357646;0.7977449865500406;-0.01489502374573471;0.7977955881273664
13.975717;1.0445493747479235;0.8333345918973804;0.7978770506037646;-3.8768633145180685e-05;3.13162821899063e-06;1.0450403314236947;10.000079549245683;0.8336338672285137;1.044844299100497;1.0449108314637792;0.7977455975547679;-0.014895023817328417;0.7977977760846643
13.985717;1.0445503560881066;0.8333330400156547;0.7978770948527539;-3.881024159187239e-05;3.0423681115778687e-06;1.045039315992257;10.000047163153134;0.8336367816905768;1.0448385717984605;1.044911538517146;0.7977461474041313;-0.014895023912949733;0.7977999935327886
13.995717;1.0445514498553803;0.8333314681558461;0.7978771450249094;-3.8823406860727744e-05;2.92294126681028e-06;1.0450382832086447;10.000016117330164;0.8336396906835776;1.0448328242325218;1.0449122474284374;0.7977466337633563;-0.01489502403066271;0.7978022362321158
14.005717;1.0445526585812295;0.8333298858590412;0.7978772042201757;-3.8808120826162984e-05;2.773166122054952e-06;1.0450372374414965;9.999986402133924;0.8336425962398437;1.0448270695882125;1.0449129663406178;0.7977470554017801;-0.014895024168018864;0.7978044989882223
14.015717;1.0445539865108002;0.8333283022614915;0.7978772753967818;-3.8764375822262434e-05;2.592975899175027e-06;1.0450361823890215;9.999958030165638;0.8336454976410453;1.04482131869216;1.0449137030908693;0.7977474114373663;-0.014895024322168396;0.7978067758256351
14.025717;1.044555438526575;0.8333267246900502;0.7978773619747886;-3.8692213319095435e-05;2.382580971655714e-06;1.0450351194388328;9.99993103906515;0.833648391760012;1.0448155817754854;1.0449144643508164;0.7977477009234973;-0.014895024490261954;0.7978090609832412
14.035717;1.0445570175186785;0.8333251586902344;0.7978774682955796;-3.859180101653191e-05;2.1425080096528845e-06;1.0450340476098525;9.999905467108569;0.8336512734966599;1.0448098714020853;1.0449152538417665;0.7977479231617103;-0.01489502466980092;0.7978113496611875
14.045717;1.0445587213632026;0.8333236086906262;0.7978775997413804;-3.84635837147917e-05;1.8734778065754641e-06;1.045032965472844;9.999881339409422;0.8336541357363637;1.0448042041970447;1.0449160721380808;0.7977480782248332;-0.01489502485877036;0.7978136384392818
14.055717;1.0445605422897677;0.8333220783025858;0.7978777626303596;-3.830838478015845e-05;1.5762734390914088e-06;1.04503187289951;9.999858683700637;0.8336569699113877;1.0447986004996621;1.0449169181588012;0.7977481667355343;-0.01489502505563774;0.7978159250480373
14.065717;1.0445624688079858;0.8333205710520939;0.7978779641335986;-3.812740000669745e-05;1.2518053433115328e-06;1.0450307722034855;9.999837550866046;0.8336597673537547;1.0447930831158507;1.0449177904812146;0.797748189305412;-0.014895025259393228;0.7978182074740996
14.075717;1.0445644875029554;0.833319091865381;0.7978782116894503;-3.79221257923078e-05;9.012616573097128e-07;1.0450296691406673;9.999818013945669;0.833662519734722;1.0447876760694268;1.044918687403298;0.7977481465787253;-0.01489502546954521;0.7978204836925082
14.085717;1.0445665836162228;0.8333176471672386;0.797878512485893;-3.7694350768896644e-05;5.261750696183919e-07;1.0450285728167255;9.999800151783825;0.8336652177971993;1.0447824032681094;1.0449196069363462;0.7977480391294244;-0.014895025685778504;0.7978227524898094
14.095717;1.0445687410878093;0.8333162428374621;0.7978788738328474;-3.744618268900526e-05;1.2851759385988868e-07;1.0450274941790614;9.999784039527938;0.8336678507874032;1.0447772878777908;1.044920547356345;0.7977478671009658;-0.014895025907559907;0.7978250145073221
14.105717;1.0445709429208465;0.8333148827502771;0.797879303338401;-3.7179791507960835e-05;-2.892355266434156e-07;1.0450264445048654;9.999769743603556;0.8336704080130086;1.0447723529233017;1.044921507109767;0.7977476305606972;-0.014895026134184848;0.7978272725940995
14.115717;1.0445731721757439;0.8333135690501142;0.7978798081984217;-3.689692973712797e-05;-7.242912863326772e-07;1.0450254346115406;9.999757304865637;0.8336728803098157;1.0447676215114416;1.0449224836704922;0.7977473296857533;-0.014895026365196703;0.7978295309021118
14.125717;1.0445754130476181;0.8333123029165718;0.7978803946715615;-3.659871254708364e-05;-1.1738418853082326e-06;1.0450244741082457;9.999746724599227;0.8336752595622119;1.0447631152612764;1.0449234727152554;0.7977469639639306;-0.014895026600891637;0.7978317935952308
14.135717;1.0445776518583811;0.8333110854536472;0.7978810679584485;-3.628575932542454e-05;-1.635258127372772e-06;1.0450235705701207;9.99973797237668;0.8336775373202668;1.0447588523138385;1.0449244695714968;0.7977465314736847;-0.01489502684224938;0.7978340645110847
14.145717;1.0445798772276373;0.8333099180231551;0.7978818316897297;-3.595842056394215e-05;-2.106143366579472e-06;1.0450227295649188;9.999731001835748;0.8336797044652597;1.044754846771221;1.0449254722855732;0.7977460289560248;-0.014895027089981867;0.7978363474557422
14.155717;1.0445820784939153;0.8333088014650439;0.7978826876666331;-3.561696168275873e-05;-2.584257660252576e-06;1.04502195498542;9.999725759163173;0.8336817518976356;1.0447511097007494;1.0449264824867448;0.7977454523276886;-0.014895027343998406;0.7978386463087871
14.165717;1.0445842445775069;0.8333077351216146;0.7978836369353786;-3.526171786821675e-05;-3.0673365029577985e-06;1.0450212486221695;9.99972219195477;0.8336836707932995;1.0447476504896422;1.0449275035082566;0.7977447974556986;-0.014895027603898265;0.7978409648732544
14.175717;1.0445863652708323;0.8333067161030256;0.7978846808457146;-3.489311439330665e-05;-3.5528921138092807e-06;1.0450206098393804;9.999720267328648;0.8336854528559213;1.0447444771398382;1.0449285392561465;0.7977440610682435;-0.014895027869308363;0.797843306621951
14.185717;1.0445884326974033;0.8333057390514438;0.7978858202734948;-3.451150576138336e-05;-4.038188816606203e-06;1.045020036552634;9.999719978583821;0.8336870915738663;1.0447415957027952;1.0449295939185175;0.7977432412363875;-0.014895028139710411;0.7978456745176055
14.195717;1.0445904407621798;0.8333047969003742;0.7978870543690255;-3.411705821007011e-05;-4.520474071839911e-06;1.0450195268911953;9.999721322784195;0.8336885830673437;1.0447390099577831;1.0449306707505865;0.7977423370463824;-0.01489502841448064;0.7978480705903288
14.205717;1.0445923836624917;0.8333038819291388;0.797888380936723;-3.370983313823784e-05;-4.9971965418623645e-06;1.045019079601036;9.999724278632673;0.8336899257946897;1.044736721565075;1.0449317715164068;0.7977413475086554;-0.014895028693164242;0.797850494891108
14.215717;1.044594255655529;0.8333029860061064;0.7978897975955875;-3.3289895259180455e-05;-5.4659983170600356e-06;1.0450186928108158;9.9997288079426;0.8336911203809362;1.044734729698833;1.0449328972501923;0.7977402703099814;-0.014895028975631032;0.7978529450406234
14.225717;1.0445960522022322;0.8333021002864472;0.7978913018679343;-3.2857274543331964e-05;-5.924652051868002e-06;1.0450183626451128;9.999734865262468;0.8336921694023182;1.0447330297108282;1.0449340481432805;0.7977391018220521;-0.014895029262118043;0.797855417625166
14.235717;1.0445977701521407;0.8333012153040587;0.7978928903250591;-3.2411931166743754e-05;-6.3711492816519115e-06;1.0450180831200342;9.99974240270044;0.8336930767413377;1.0447316125379469;1.0449352217939212;0.7977378390255516;-0.014895029553197336;0.7978579098943778
14.245717;1.0445994061943003;0.8333003213969252;0.797894558187824;-3.195386773891158e-05;-6.803813800051407e-06;1.045017847211814;9.999751366351319;0.8336938476244785;1.0447304658336118;1.0449364117755435;0.7977364818417954;-0.014895029849597178;0.7978604192059945
14.255717;1.0446009556516516;0.8332994088728243;0.7978963001063695;-3.1483240400194214e-05;-7.221189318891837e-06;1.0450176476410107;9.99976168913493;0.8336944887762765;1.0447295754504358;1.0449376081848345;0.797735033882361;-0.014895030151929296;0.7978629412725959
14.265717;1.044602413339089;0.8332984679905605;0.7978981114722823;-3.100040788766329e-05;-7.621820903372668e-06;1.0450174777193704;9.999773293823026;0.8336950073092725;1.0447289256633425;1.0449387990319088;0.7977335011825996;-0.014895030460639837;0.7978654701814041
14.275717;1.0446037757549809;0.8332974892683646;0.7978999891278312;-3.050603328594979e-05;-8.004229727837508e-06;1.045017333354264;9.999786101987732;0.833695409731034;1.0447284987324332;1.0449399711390681;0.7977318899514084;-0.014895030776220777;0.7978679996083565
14.285717;1.0446050427885607;0.8332964642703152;0.7979019312540702;-3.0001108859005258e-05;-8.36703120641774e-06;1.0450172146829586;9.999800039146155;0.8336957023281126;1.0447282757439493;1.0449411106632456;0.7977302048518533;-0.014895031099187455;0.7978705232923933
14.295717;1.0446062181012759;0.8332953863744343;0.7979039367827185;-2.948675361184509e-05;-8.709044096632449e-06;1.0450171253938525;9.999815039854445;0.8336958914391653;1.0447282380371201;1.0449422032022122;0.7977284486739156;-0.014895031429865008;0.7978730349286441
14.305717;1.044607308052846;0.8332942508969753;0.7979060047381384;-2.8963974862795425e-05;-9.029420877323774e-06;1.0450170700374435;9.999831053822545;0.833695982321449;1.044728367298822;1.0449432341889968;0.7977266232217408;-0.014895031768305039;0.797875527764882
14.315717;1.0446083198360974;0.8332930548161647;0.7979081340603579;-2.843363810138759e-05;-9.327707270516582e-06;1.045017051337259;9.999848048029648;0.8336959776920949;1.044728644485894;1.0449441906938177;0.7977247309860019;-0.014895032114118053;0.7978779936726111
14.325717;1.0446092604830677;0.8332917964422933;0.7979103235924331;-2.7896586933605788e-05;-9.603713469623306e-06;1.0450170694892673;9.999865997374268;0.8336958777895153;1.0447290495647272;1.0449450635305122;0.7977227767898847;-0.01489503246640691;0.7978804224964517
14.335717;1.0446101365489664;0.8332904745855566;0.7979125717095957;-2.735368081257056e-05;-9.85735854877448e-06;1.0450171232040988;9.999884865389465;0.8336956820842056;1.0447295634286775;1.0449458472490996;0.797720767985133;-0.01489503282412038;0.7978828024955339
14.345717;1.0446109525994558;0.833289088097135;0.7979148762446806;-2.680578690907224e-05;-1.0088607981142941e-05;1.0450172108266464;9.999904592231127;0.83369539101034;1.0447301694134679;1.0449465378875054;0.7977187130509145;-0.01489503318650552;0.7978851216874732
14.355717;1.0446117098950198;0.8332876372126031;0.797917234938632;-2.6253884288897913e-05;-1.029738028516548e-05;1.0450173306575115;9.999925100186939;0.8336950060887844;1.0447308518917289;1.0449471309578786;0.7977166201428231;-0.014895033553233777;0.7978873697916101
14.365717;1.044612407520835;0.8332861248149955;0.797919645917861;-2.5699117569490682e-05;-1.0483395652355394e-05;1.045017480099178;9.999946309869635;0.833694528822161;1.044731594855988;1.0449476210937534;0.7977144964665751;-0.014895033923839958;0.7978895395196268
14.375717;1.0446130440400965;0.8332845553683241;0.7979221081770678;-2.51426588282452e-05;-1.0646074143992101e-05;1.0450176547526868;9.999968152427899;0.8336939599960721;1.044732382983814;1.044948002458297;0.7977123480767379;-0.014895034297010435;0.7978916260941185
14.385717;1.0446136177052703;0.8332829333564871;0.7979246214310506;-2.4585615185037727e-05;-1.0784522631351647e-05;1.045017849253583;9.999990563404673;0.8336932996463122;1.0447332033203613;1.0449482692096714;0.7977101798648085;-0.014895034670764789;0.7978936257770379
14.395717;1.044614125966446;0.8332812630156903;0.7979271852980359;-2.402916149470259e-05;-1.08976702556492e-05;1.045018058852464;10.000013465015794;0.8336925475321314;1.0447340459071068;1.0449484162204112;0.7977079959298329;-0.014895035042990803;0.7978955345133212
14.405717;1.0446145655066934;0.833279548075807;0.7979297989815879;-2.347466141494382e-05;-1.0984480053159915e-05;1.0450182798773622;10.000036763178784;0.8336917043759992;1.0447349029846353;1.044948439713696;0.797705800508159;-0.014895035411534465;0.7978973477685498
14.415717;1.0446149333657537;0.8332777913915155;0.7979324609890704;-2.292346593583773e-05;-1.1044017400088416e-05;1.0450185087475277;10.00006036329824;0.8336907725340404;1.044735767349289;1.0449483376373112;0.7977035990242902;-0.01489503577446296;0.7978990617274381
14.425717;1.0446152279285237;0.8332759954127623;0.7979351685025958;-2.237654432615393e-05;-1.1075436985707642e-05;1.045018740274293;10.000084181012893;0.8336897545757811;1.0447366313823414;1.0449481096482958;0.7977013980621054;-0.014895036130720128;0.7979006742490325
14.435717;1.0446154484777237;0.8332741627880869;0.7979379177721884;-2.183438366823583e-05;-1.1078016401456275e-05;1.0450189670344696;10.000108138868756;0.833688651650621;1.0447374869716215;1.0449477557096076;0.7976992039613845;-0.014895036480451243;0.7979021847831105
14.445717;1.0446155942270614;0.8332722970762351;0.797940705476458;-2.1297199858444623e-05;-1.105117102493534e-05;1.0450191807622644;10.000132161837355;0.8336874639922649;1.0447383258278868;1.0449472739699985;0.7976970213012031;-0.014895036824670266;0.7979035939613845
14.455717;1.0446156634212769;0.8332704033680604;0.7979435293680931;-2.0765141178299203e-05;-1.0994486042690931e-05;1.0450193743670526;10.000156174232387;0.8336861922108589;1.0447391403642245;1.0449466604756066;0.7976948527934584;-0.014895037164383366;0.7979049035433765
14.465717;1.0446156520447398;0.8332684873664903;0.7979463876150792;-2.023831728634216e-05;-1.0907804895504326e-05;1.0450195425055533;10.000180091485412;0.8336848376012931;1.0447399244043647;1.0449459116346536;0.7976927004426547;-0.014895037499683872;0.7979061164892142
14.475717;1.04461555314039;0.8332665540316153;0.7979492772967518;-1.971679386278486e-05;-1.0791240758158229e-05;1.0450196808139884;10.000203814582251;0.8336834018398491;1.0447406727086743;1.044945027145643;0.7976905659991679;-0.014895037829504874;0.7979072362251594
14.485717;1.0446153577319766;0.8332646080245617;0.7979521931201824;-1.9200676513248313e-05;-1.0645125751972631e-05;1.0450197854978107;10.000227234663532;0.8336818866888703;1.044741380784588;1.044944010186068;0.7976884500206189;-0.014895038151956428;0.797908265546037
14.495717;1.044615056287196;0.8332626550402809;0.7979551279305885;-1.8690143467492547e-05;-1.0470056276650996e-05;1.0450198526881507;10.000250240382902;0.8336802939747492;1.0447420464630393;1.0449428652735775;0.797686351286174;-0.014895038464703823;0.7979092063974297
14.505717;1.0446146395879838;0.8332607021305691;0.7979580745265563;-1.818539483036575e-05;-1.0266911956678579e-05;1.0450198770772396;10.000272725779912;0.8336786257691452;1.0447426708512308;1.044941596752786;0.7976842678494778;-0.014895038765176654;0.7979100600444993
14.515717;1.0446140999544076;0.8332587574930082;0.7979610266194936;-1.76867026436421e-05;-1.0036693662137108e-05;1.0450198518792024;10.000294601085203;0.8336768839102063;1.0447432564122403;1.0449402087269781;0.7976821985401111;-0.014895039050666001;0.7979108272441919
14.525717;1.0446134330447112;0.8332568305739898;0.7979639788504521;-1.7194505820851813e-05;-9.780417164202626e-06;1.0450197695545753;10.000315804062488;0.8336750690562192;1.0447438048855047;1.0449387059221003;0.7976801431133758;-0.014895039318494799;0.7979115090107818
14.535717;1.044612638259424;0.8332549318073675;0.7979669269276015;-1.6709408391968943e-05;-9.49921091424001e-06;1.045019621876273;10.000336308991796;0.8336731811662598;1.044744317846622;1.0449370952193542;0.7976781011306568;-0.014895039566279838;0.7979121077093896
14.545717;1.0446117180897105;0.833253071486057;0.7979698671107122;-1.623218823596946e-05;-9.194379007760222e-06;1.0450194008209794;10.000356121995468;0.8336712208901257;1.044744798268752;1.0449353865560875;0.797676071733828;-0.014895039792043622;0.7979126277115094
14.555717;1.0446106774899173;0.8332512582465734;0.7979727945313553;-1.576377845585978e-05;-8.86734509263139e-06;1.045019099583106;10.000375261387324;0.83366918953025;1.0447452510334985;1.0449335921057183;0.7976740554418822;-0.01489503999417512;0.7979130748340489
14.565717;1.0446095222479228;0.8332494983174361;0.7979757024873326;-1.5305031028170207e-05;-8.519600501100111e-06;1.0450187126931654;10.000393744712959;0.8336670883394726;1.0447456823246775;1.0449317245462875;0.7976720554156022;-0.01489504017127066;0.7979134549403016
14.575717;1.0446082574590547;0.8332477961906332;0.7979785840910365;-1.4856417136439835e-05;-8.152625132546108e-06;1.0450182375034904;10.00041158619842;0.8336649188159768;1.044746098922807;1.0449297958587151;0.7976700765682657;-0.014895040321906066;0.7979137729702089
14.585717;1.0446068875171708;0.8332461558421963;0.7979814342914499;-1.4417959959296666e-05;-7.767806313128282e-06;1.045017675861596;10.000428788833124;0.8336626831239392;1.0447465085972636;1.0449278177657897;0.7976681244082267;-0.014895040444587606;0.7979140320542337
14.595717;1.0446054159284257;0.83324458178435;0.7979842500411066;-1.398941197211611e-05;-7.366467414578265e-06;1.0450170327285697;10.000445336789515;0.8336603838902676;1.0447469211451372;1.0449258030140534;0.7976662042581814;-0.014895040537994555;0.797914232384071
14.605717;1.0446038449089843;0.833243079501218;0.7979870287562925;-1.3570494013374805e-05;-6.949919563715429e-06;1.0450163132900654;10.00046119796101;0.8336580241000692;1.044747348592377;1.0449237652000878;0.7976643202807822;-0.014895040601200034;0.7979143711476178
14.615717;1.0446021765143167;0.8332416545809;0.797989766936198;-1.3161066857579482e-05;-6.519390819385819e-06;1.0450155214002852;10.000476325239926;0.8336556075306679;1.0447478036330056;1.0449217171343246;0.7976624755233849;-0.014895040633513693;0.7979144438582295
14.625717;1.0446004143162058;0.8332403115206697;0.797992460529253;-1.2761196332334981e-05;-6.075907293183087e-06;1.0450146599655978;10.000490656097636;0.8336531397493591;1.0447482973652922;1.0449196696800331;0.7976606732574746;-0.014895040634328673;0.7979144458526801
14.635717;1.0445985638386601;0.8332390535057219;0.7979951059660284;-1.2371149304534989e-05;-5.620354659632759e-06;1.0450137319104404;10.000504122404976;0.8336506291131894;1.04474883875408;1.0449176321043208;0.7976589175346528;-0.014895040603288529;0.7979143731226497
14.645717;1.0445966321532865;0.8332378824768142;0.7979977005381025;-1.199142097076515e-05;-5.153728366225877e-06;1.045012739524489;10.00051666713592;0.8336480864502241;1.0447494357048037;1.0449156130703492;0.7976572124440992;-0.014895040540396894;0.7979142224021052
14.655717;1.044594627687577;0.8332367986634934;0.7980002430832902;-1.1622782078543074e-05;-4.677358309246322e-06;1.0450116826646678;10.000528254320283;0.8336455233773088;1.0447500955592546;1.044913621054868;0.7976555616379779;-0.014895040446039651;0.7979139908151169
14.665717;1.0445925601042154;0.8332358000832686;0.79800273427462;-1.1266259355608906e-05;-4.1929476364785005e-06;1.0450105578913267;10.000538860185813;0.8336429509878487;1.04475082406599;1.0449116644747676;0.7976539687611016;-0.01489504032080084;0.7979136752489241
14.675717;1.0445904398375594;0.8332348827429481;0.7980051757084734;-1.0923056995619994e-05;-3.702350638903018e-06;1.045009359072179;10.00054845734342;0.8336403796569398;1.0447516237678236;1.0449097515197812;0.7976524380555136;-0.014895040164783376;0.797913271657823
14.685717;1.0445882775081397;0.8332340412723123;0.7980075696154586;-1.0594421455903175e-05;-3.2072553763222144e-06;1.0450080788408682;10.000557015087166;0.8336378188774353;1.0447524936772767;1.044907889436879;0.797650974429668;-0.014895039977151785;0.7979127751034334
14.695717;1.044586083568947;0.8332332694089722;0.7980099188516127;-1.0281457058447698e-05;-2.709108600813267e-06;1.0450067096811013;10.00056450753236;0.8336352764400037;1.0447534303080204;1.044906084199461;0.7976495832749052;-0.014895039756604228;0.7979121804308186
14.705717;1.0445838684912416;0.8332325610651711;0.7980122259461523;-9.985023842805212e-06;-2.2092995690180877e-06;1.0450052445786788;10.000570912538297;0.8336327578547397;1.0447544280731216;1.0449043410763428;0.797648270338359;-0.014895039502095947;0.7979114827850389
14.715717;1.0445816429524402;0.833231911806449;0.7980144919434814;-9.705794011141136e-06;-1.7093106281332996e-06;1.0450036776684632;10.00057620396731;0.8336302673839424;1.0447554790655373;1.0449026651839302;0.7976470409829118;-0.014895039212936303;0.7979106780267377
14.725717;1.0445794169080282;0.8332313187185016;0.7980167154513799;-9.444333224394477e-06;-1.2107033427452799e-06;1.0450020040688568;10.00058034822513;0.8336278102618525;1.04475657419111;1.0449010604712272;0.7976458989715004;-0.014895038888667403;0.7979097630059613
14.735717;1.0445771981890815;0.8332307789666937;0.7980188924057332;-9.201065057988602e-06;-7.150683874744388e-07;1.0450002198732538;10.000583316671234;0.8336253939442677;1.0447577057157398;1.0448995282182074;0.7976448463647415;-0.014895038529493376;0.7979087353686753
14.745717;1.0445749920279723;0.8332302889574466;0.7980210166716875;-8.976147125876017e-06;-2.2401460728042555e-07;1.0449983236679277;10.000585107102525;0.8336230273572788;1.0447588689970806;1.0448980676644255;0.7976438844641541;-0.014895038136829325;0.7979075931189095
14.755717;1.044572800940512;0.833229843916318;0.7980230807883579;-8.769417498959068e-06;2.6087655294446967e-07;1.044996317935527;10.00058575102944;0.8336207194782553;1.0447600615742652;1.0448966772084889;0.7976430141519624;-0.014895037713152409;0.7979063345742992
14.765717;1.0445706244874728;0.8332294374810014;0.7980250767465868;-8.580516711661945e-06;7.381665244876192e-07;1.0449942088338804;10.000585305677385;0.8336184789743502;1.0447612807919304;1.0448953542322643;0.7976422358098261;-0.014895037261394902;0.7979049586175694
14.775717;1.044568460267892;0.8332290621024968;0.798026996526579;-8.408991810429512e-06;1.206696270559725e-06;1.0449920051115105;10.000583845075072;0.8336163144189696;1.0447625228559059;1.0448940953791421;0.7976415492576527;-0.014895036784501249;0.7979034643201908
14.785717;1.0445663062086885;0.8332287099842275;0.7980288322190142;-8.254198796081299e-06;1.6656447517754523e-06;1.0449897170563218;10.000581451799754;0.8336142336160668;1.0447637836033477;1.0448928980651087;0.7976409532011058;-0.014895036285204012;0.7979018501621256
14.795717;1.0445641620463528;0.8332283736429762;0.7980305761765232;-8.115210144874337e-06;2.114474012501773e-06;1.0449873548742232;10.000578205417902;0.833612242418407;1.0447650590189688;1.0448917617507882;0.7976404449487087;-0.01489503576588464;0.7979001137403585
14.805717;1.0445620289378859;0.8332280463776551;0.7980322215195341;-7.990912025376487e-06;2.552848168579021e-06;1.0449849262898552;10.000574167445823;0.8336103443819118;1.0447663456888823;1.0448906879417796;0.797640021018012;-0.014895035228501776;0.79789825203628
14.815717;1.0445599081702595;0.8332277231489633;0.7980337628748934;-7.880156221053316e-06;2.9805777026908033e-06;1.0449824356067132;10.000569376904608;0.8336085411934352;1.0447676420103988;1.0448896787883257;0.7976396780467245;-0.014895034674658168;0.797896261863664
14.825717;1.0445578001949674;0.833227401499296;0.7980351968361953;-7.78180815996113e-06;3.3975853789019296e-06;1.0449798849358882;10.000563868066976;0.8336068331384459;1.044768948592371;1.0448887354005385;0.7976394136559221;-0.014895034105823149;0.7978941399110434
14.835717;1.0445557042860585;0.8332270816298578;0.7980365223131339;-7.694761434305323e-06;3.8038650115969417e-06;1.0449772749642845;10.000557688465575;0.8336052201186644;1.0447702671125538;1.0448878571187024;0.7976392267911643;-0.014895033523510685;0.7978918826126238
14.845717;1.0445536180585626;0.833226765610537;0.7980377410415479;-7.618066879581314e-06;4.199422823383512e-06;1.044974604393326;10.000550898909086;0.8336037029950242;1.04477159888485;1.044887041352583;0.7976391171826095;-0.014895032929245254;0.7978894868012628
14.855717;1.0445515366904115;0.8332264566370535;0.7980388572368445;-7.551062680645694e-06;4.584265394649521e-06;1.0449718700196482;10.000543568905044;0.8336022834241898;1.0447729443343738;1.0448862840606947;0.7976390845481375;-0.01489503232452282;0.7978869508328078
14.865717;1.0445494533690372;0.8332261580410043;0.7980398761513274;-7.4932945792248346e-06;4.9584084518548e-06;1.044969068240975;10.000535771928547;0.8336009621570144;1.0447743037494626;1.0448855811715654;0.7976391284706519;-0.014895031710845167;0.7978842746875513
14.875717;1.044547361516819;0.8332258716836518;0.798040802974188;-7.444348229884876e-06;5.321846443630358e-06;1.044966196243891;10.00052757336399;0.8335997375403682;1.044775678066822;1.0448849293587035;0.7976392491377309;-0.014895031089698908;0.7978814587740164
14.885717;1.0445452569075981;0.8332255974260931;0.7980416425266577;-7.403809445401633e-06;5.674557011355756e-06;1.0449632518942649;10.000519024309808;0.8335986052030155;1.0447770677351884;1.044884325977555;0.7976394475091947;-0.014895030462745531;0.7978785032607756
14.895717;1.0445431379489312;0.8332253347572861;0.7980423986802758;-7.371264705769617e-06;6.016529477554412e-06;1.044960233213489;10.000510171142166;0.8335975588651687;1.0447784706029668;1.0448837691174973;0.797639723888109;-0.01489502983222183;0.7978754086730604
14.905717;1.0445410045581014;0.8332250845971529;0.7980430733579307;-7.346220315049643e-06;6.347690385524161e-06;1.0449571384056309;10.000501065050068;0.8335965918981056;1.044779882190508;1.0448832565749864;0.7976400764977248;-0.014895029201017868;0.797872176569438
14.915717;1.0445388575911994;0.8332248489518225;0.7980436659854432;-7.328036129331875e-06;6.667795169625148e-06;1.0449539674619541;10.00049176275271;0.8335956993138561;1.04478129762469;1.0448827841048356;0.7976405013691752;-0.014895028572492119;0.797868810083108
14.925717;1.044536699833846;0.8332246296434788;0.7980441735228274;-7.315977549955268e-06;6.976482680053911e-06;1.0449507244399265;10.00048232391135;0.8335948791586185;1.0447827120092752;1.0448823454991114;0.7976409927819391;-0.014895027950291309;0.797865314266698
14.935717;1.0445345364594874;0.8332244283258968;0.7980445912141239;-7.309313184137038e-06;7.273436898099357e-06;1.0449474174633346;10.000472803981971;0.8335941320293148;1.0447841201006705;1.0448819340902267;0.7976415436234634;-0.01489502733810612;0.7978616955111405
14.945717;1.0445323732821397;0.8332242466736655;0.7980449143751438;-7.307299054499488e-06;7.55844121496457e-06;1.0449440554791256;10.000463245891563;0.833593459055496;1.0447855167409394;1.0448815436970227;0.7976421460476788;-0.01489502673947959;0.7978579604203313
14.955717;1.044530214752558;0.8332240856994064;0.7980451403292598;-7.30913480640177e-06;7.831387666718998e-06;1.0449406447711345;10.000453680351841;0.8335928598329447;1.044786896890573;1.0448811690826234;0.7976427923739372;-0.014895026157684696;0.7978541150845426
14.965717;1.0445280636425573;0.8332239457973489;0.798045269206561;-7.3141241175795765e-06;8.092348641675706e-06;1.044937189465384;10.000444131527006;0.8335923313165761;1.0447882552519572;1.0448808062441952;0.7976434753269783;-0.014895025595310878;0.7978501651975274
14.975717;1.0445259223700214;0.8332238277466611;0.7980453034893656;-7.3219070570549375e-06;8.341506423180348e-06;1.0449336947787216;10.000434622302429;0.8335918679176336;1.0447895872888948;1.0448804521655854;0.7976441878522621;-0.014895025053881425;0.7978461167236667
14.985717;1.0445237947980848;0.8332237327264128;0.7980452468015099;-7.332445376260979e-06;8.57891418263525e-06;1.0449301680044003;10.000425180723301;0.8335914624972537;1.0447908911947559;1.0448801043574654;0.7976449234086022;-0.014895024534284382;0.7978419761733546
14.995717;1.0445216870632963;0.83322366091915;0.7980451025145548;-7.345798328603301e-06;8.804394256266535e-06;1.0449266173723666;10.00041584630652;0.833591107414637;1.0447921679179024;1.0448797601365296;0.797645676135436;-0.014895024037588779;0.7978377502267656
15.005717;1.0445196071640512;0.8332236109538433;0.7980448732476892;-7.362042574591371e-06;9.017682425809725e-06;1.0449230514615833;10.000406674283559;0.833590795503081;1.0447934190463122;1.0448794156691987;0.7976464402867766;-0.014895023565173512;0.7978334452525562
15.015717;1.0445175638017719;0.8332235813587491;0.7980445614717515;-7.381416409333216e-06;9.218633095563364e-06;1.0449194786067366;10.000397736111717;0.8335905216018061;1.0447946447206962;1.0448790661264207;0.7976472098727531;-0.014895023118207533;0.7978290671456281
15.025717;1.0445155655043439;0.8332235717693255;0.7980441699037382;-7.404307667015936e-06;9.407235018246876e-06;1.0449159056394026;10.000389112463058;0.8335902835221338;1.0447958427113826;1.0448787067671441;0.79764797886145;-0.014895022697241833;0.7978246214800376
15.035717;1.044513621031301;0.8332235827418754;0.7980437010633324;-7.430965522485434e-06;9.583419055196393e-06;1.0449123366146957;10.000380882206866;0.833590081029428;1.0447970092786467;1.0448783334448029;0.7976487410833506;-0.014895022302269344;0.7978201139010147
15.045717;1.0445117396236767;0.8332236153297835;0.7980431567768045;-7.461309508833744e-06;9.746930826497293e-06;1.044908772277631;10.000373114841807;0.8335899136731829;1.0447981412919156;1.044877942591809;0.7976494902657746;-0.014895021933177878;0.7978155509298668
15.055717;1.0445099296790725;0.8332236703352405;0.7980425381601325;-7.495023969465912e-06;9.897360223269238e-06;1.044905211902046;10.00036586288994;0.8335897791457364;1.0447992378785402;1.044877531585408;0.7976502211089934;-0.014895021590132295;0.7978109406819973
15.065717;1.0445081979616107;0.8332237474762993;0.7980418459121695;-7.531742586728976e-06;1.0034225018343982e-05;1.0449016571396144;10.00035915042585;0.8335896731070316;1.0448003009436497;1.0448770995039918;0.797650930302497;-0.014895021273374862;0.7978062932236006
15.075717;1.0445065503963646;0.8332238453367546;0.7980410806816169;-7.571193923572222e-06;1.0157127976365187e-05;1.0448981140247042;10.00035296693374;0.833589589540918;1.044801335091029;1.044876646895959;0.7976516167017357;-0.014895020982806567;0.7978016206732608
15.085717;1.0445049920520124;0.8332239616327857;0.7980402430888858;-7.613388684762405e-06;1.026592027408876e-05;1.0448945917770167;10.00034727461644;0.8335895206774939;1.0448023469660972;1.0448761746137387;0.7976522812944161;-0.014895020717951226;0.7977969356645973
15.095717;1.0445035261027087;0.8332240934550275;0.7980393333556125;-7.658734308973707e-06;1.0360730150701066e-05;1.044891100723498;10.000342020072502;0.8335894577475372;1.0448033438121473;1.0448756837718682;0.7976529261999259;-0.014895020478116373;0.797792248496256
15.105717;1.0445021541177701;0.833224237354191;0.7980383508498125;-7.70780619707955e-06;1.0441839183605998e-05;1.0448876503705415;10.000337140633013;0.8335893923525735;1.0448043324544418;1.0448751761137844;0.7976535525573453;-0.014895020262467548;0.7977875659017318
15.115717;1.0445008774549829;0.8332243890339354;0.7980372934023487;-7.760971115893968e-06;1.0509454217596485e-05;1.0448842477718594;10.000332572655605;0.8335893162611511;1.0448053195609366;1.0448746531646413;0.7976541593279122;-0.014895020070136494;0.7977828921187142
15.125717;1.0444996980896635;0.8332245430889048;0.7980361570882349;-7.818286654242015e-06;1.0563530825608482e-05;1.0448808972511279;10.000328261491324;0.8335892200033821;1.0448063121930808;1.0448741157656773;0.7976547439616973;-0.01489501990037472;0.7977782305086624
15.135717;1.0444986189731238;0.833224693088864;0.7980349375976747;-7.879584048575752e-06;1.0603733373155908e-05;1.044877602100257;10.000324164486942;0.8335890919012041;1.0448073177367387;1.0448735647647405;0.797655304207283;-0.014895019752648635;0.7977735845416962
15.145717;1.0444976434766575;0.8332248317669845;0.7980336318175899;-7.944488404588891e-06;1.0629478787927873e-05;1.0448743670847154;10.000320249936326;0.8335889183330133;1.044808343745786;1.044873001998035;0.7976558392173947;-0.01489501962657284;0.7977689582796474
15.155717;1.0444967735895092;0.8332249508567136;0.7980322378164976;-8.012454633652708e-06;1.0640092104320911e-05;1.0448711990992372;10.000316494287116;0.8335886855424653;1.0448093983972446;1.0448724313126005;0.7976563488023327;-0.014895019521694773;0.7977643567745311
15.165717;1.0444960093245539;0.8332250405158275;0.7980307546672699;-8.082807697845938e-06;1.0635016028524129e-05;1.0448681049451018;10.000312876229591;0.833588381480349;1.044810490256951;1.0448718580977172;0.7976568322529224;-0.014895019437399293;0.7977597861430241
15.175717;1.0444953501964556;0.8332250897188826;0.7980291832803267;-8.154712865130629e-06;1.0613921515094838e-05;1.04486508846267;10.000309366613783;0.8335879962006384;1.044811626310259;1.04487128659343;0.7976572878971512;-0.014895019372929082;0.797755252711501
15.185717;1.0444947964882072;0.8332250883674882;0.7980275268645759;-8.227248123903894e-06;1.057667437861845e-05;1.0448621501043847;10.000305915814486;0.8335875212804102;1.04481281012442;1.0448707176278706;0.7976577132714623;-0.014895019327248177;0.7977507617546252
15.195717;1.044494349517441;0.8332250288099282;0.7980257904663335;-8.299564109948665e-06;1.0523190787350857e-05;1.0448592892264301;10.000302447718129;0.8335869490570424;1.044814042124154;1.0448701488833714;0.7976581057363245;-0.014895019298830742;0.7977463172395307
15.205717;1.0444940113269234;0.8332249054969656;0.7980239802427895;-8.370893672268758e-06;1.0453338622721975e-05;1.0448565065766913;10.00029886398714;0.8335862725360164;1.0448153211330264;1.0448695763836349;0.7976584631185081;-0.014895019285703194;0.7977419223521662
15.215717;1.0444937831217949;0.8332247147914448;0.7980221032114706;-8.4404348727156e-06;1.036703617878503e-05;1.0448538054813898;10.000295050988695;0.8335854860464186;1.0448166454765726;1.0448689950990342;0.7976587840577494;-0.014895019285873265;0.7977375798895353
15.225717;1.0444936628448418;0.8332244554391013;0.7980201674787988;-8.507196819566978e-06;1.0264406417612677e-05;1.0448511917866947;10.000290886073406;0.8335845853737235;1.0448180135260512;1.0448683983081721;0.7976590675982997;-0.014895019297761604;0.7977332928742397
15.235717;1.044493644603807;0.8332241280121819;0.7980181818105222;-8.569889204358883e-06;1.0145751752133723e-05;1.04484867304739;10.000286248708653;0.8335835672390012;1.0448194236439832;1.0448677771267734;0.7976593125023361;-0.014895019320109303;0.7977290651916705
15.245717;1.044493721112623;0.8332237333662549;0.7980161546265855;-8.627018147576406e-06;1.0011466175780381e-05;1.0448462569678336;10.000281034120526;0.8335824297977004;1.0448208735184064;1.0448671227581092;0.7976595176964334;-0.014895019351535513;0.7977249014300279
15.255717;1.0444938855098385;0.8332232717997127;0.7980140933789638;-8.677085299670795e-06;9.862102810387431e-06;1.044843948853427;10.000275163092867;0.833581174251966;1.044822360057202;1.0448664306398185;0.7976596830614358;-0.014895019390340231;0.7977208065453393
15.265717;1.0444941294277796;0.8332227432332958;0.7980120043741382;-8.718704083887383e-06;9.69842375775695e-06;1.0448417499700342;10.000268591891478;0.8335798050861596;1.04482388047775;1.0448657011323483;0.797659809387963;-0.014895019434565004;0.7977167857696742
15.275717;1.0444944403120584;0.8332221469979919;0.7980098932119352;-8.75067640537144e-06;9.52129451405526e-06;1.0448396584535844;10.000261317988754;0.8335783284900725;1.0448254337440315;1.0448649357240951;0.7976598983118444;-0.014895019482039744;0.7977128440279398
15.285717;1.0444948014666298;0.8332214809098211;0.7980077659792305;-8.772060903837397e-06;9.331628239058306e-06;1.0448376711295353;10.000253370545636;0.8335767513318012;1.044827020993436;1.0448641337459508;0.797659952302567;-0.014895019530613172;0.7977089852889949
15.295717;1.0444951940110998;0.8332207409765282;0.7980056306736859;-8.78214408680046e-06;9.13042856883803e-06;1.044835784016154;10.000244790465473;0.8335750814763818;1.0448286446397477;1.044863292361949;0.7976599740378327;-0.014895019578573455;0.7977052126196327
15.305717;1.0444955994863399;0.8332199217402042;0.7980034978422389;-8.780362377463901e-06;8.918812450920688e-06;1.0448339914422011;10.000235610244625;0.8335733280071297;1.0448303073575802;1.044862408258414;0.7976599658237837;-0.014895019624810671;0.797701528442662
15.315717;1.044496002454576;0.8332190167422145;0.7980013795130888;-8.76634277844714e-06;8.698028320588564e-06;1.0448322850000675;10.00022584284265;0.8335714999705678;1.0448320123219905;1.0448614785473995;0.7976599294232906;-0.014895019668565452;0.7976979345833641
15.325717;1.044496391765183;0.8332180200555663;0.7979992873648275;-8.73992715992099e-06;8.469502884485688e-06;1.0448306541226264;10.00021548583501;0.833569604634872;1.0448337646918793;1.0448605002781068;0.7976598654272878;-0.01489501970920798;0.7976944325075549
15.335717;1.0444967604495774;0.8332169282347386;0.797997231624106;-8.701037425353771e-06;8.234883420409487e-06;1.0448290886904896;10.000204531514976;0.8335676475274115;1.0448355720835234;1.0448594699582137;0.7976597723069127;-0.014895019746288525;0.7976910243134433
15.345717;1.0444971051152296;0.8332157408485258;0.7979952207454545;-8.649633205881908e-06;7.996012840538175e-06;1.0448275801362343;10.000192969173234;0.8335656339871721;1.0448374422051654;1.044858384160559;0.7976596462180984;-0.014895019779497122;0.7976877140316742
15.355717;1.0444974247167702;0.8332144600875808;0.797993261935134;-8.585806706128816e-06;7.75480929253896e-06;1.0448261196868653;10.000180777010714;0.8335635705023446;1.0448393797998523;1.044857240729686;0.7976594817670197;-0.014895019808367512;0.7976845077559974
15.365717;1.0444977191979028;0.8332130908552187;0.7979913618436627;-8.509847855582054e-06;7.513102442619636e-06;1.0448246966577277;10.000167917090284;0.8335614653777678;1.0448413861953358;1.044856039499514;0.7976592734850118;-0.014895019832021144;0.7976814121333873
15.375717;1.0444979894796769;0.8332116412314833;0.7979895258424761;-8.422357258562804e-06;7.2725214836439995e-06;1.0448232978556897;10.000154343644093;0.8335593281939888;1.0448434609684913;1.04485478224413;0.7976590171319263;-0.014895019849091907;0.7976784323875106
15.385717;1.0444982390235766;0.833210121947121;0.7979877567380352;-8.32433449584513e-06;7.0344739798778335e-06;1.0448219090738624;10.000140010764914;0.8335571681077956;1.0448456031789224;1.044853471380068;0.7976587092328263;-0.014895019857730984;0.7976755712954382
15.395717;1.044498475292193;0.8332085447339956;0.7979860548389639;-8.21703672295454e-06;6.800118937041565e-06;1.044820518288831;10.000124873405255;0.8335549936918591;1.0448478114943183;1.0448521075367982;0.7976583453938523;-0.014895019855766413;0.7976728297194091
15.405717;1.0444987086329698;0.8332069214500273;0.7979844187440662;-8.101775262155402e-06;6.5703285956427744e-06;1.0448191164692546;10.000108896483235;0.8335528149641325;1.0448500841337462;1.0448506889912008;0.797657919955663;-0.01489501984114477;0.7976702076999681
15.415717;1.0444989485908207;0.8332052644771882;0.7979828459620208;-7.979905906688083e-06;6.345774385449713e-06;1.0448176957299933;10.000092075313901;0.83355064401721;1.044852419353224;1.0448492139131174;0.7976574274743662;-0.014895019812403308;0.797667704978321
15.425717;1.0444992021285993;0.8332035866295423;0.797981333645422;-7.85285245960933e-06;6.12705704868046e-06;1.0448162476388891;10.000074448210018;0.8335484934411093;1.0448548160086983;1.0448476823748862;0.7976568642970003;-0.01489501976882164;0.7976653213943562
15.435717;1.0444994760150468;0.8332018995769994;0.7979798787788108;-7.721924882393326e-06;5.9147130068533885e-06;1.044814762180334;10.000056085461384;0.8335463752704045;1.0448572734645047;1.0448460971787228;0.7976562295119569;-0.014895019710345521;0.7976630571297
15.445717;1.0444997787656798;0.833200212040183;0.7979784774314856;-7.588089834578113e-06;5.709162042694665e-06;1.0448132275642947;10.000037075302075;0.8335443009840442;1.0448597907007953;1.0448444636790013;0.7976555252945898;-0.014895019637587388;0.7976609127080073
15.455717;1.0445001190774548;0.8331985296013625;0.797977124133358;-7.451926513062218e-06;5.510664345946715e-06;1.0448116310013948;10.000017530047144;0.8335422816937029;1.0448623652100733;1.0448427873484276;0.7976547560017329;-0.014895019551831831;0.7976588895607822
15.465717;1.0445005030633483;0.8331968560598484;0.7979758121560614;-7.313783596609088e-06;5.319303769573381e-06;1.0448099601157;9.99999759293499;0.8335403280671657;1.0448649932552239;1.0448410708724183;0.7976539263573955;-0.014895019454957123;0.7976569902201933
15.475717;1.044500932573862;0.8331951948320865;0.7979745344564185;-7.174024004514782e-06;5.135077576676567e-06;1.0448082045918072;9.999977424868861;0.8335384495600118;1.04486767077083;1.044839313777625;0.7976530401963444;-0.014895019349322783;0.7976552167918161
15.485717;1.044501406098629;0.8331935495291694;0.7979732846711238;-7.0331761652207636e-06;4.958041672184909e-06;1.0448063564136616;9.999957184355567;0.8335366538813588;1.0448703916442088;1.0448375139439703;0.7976521006419813;-0.014895019237332283;0.7976535689292961
15.495717;1.0445019219124905;0.8331919242171775;0.7979720575538749;-6.891919471248335e-06;4.788406915815454e-06;1.0448044078643233;9.999937019135043;0.8335349477707831;1.044873144474895;1.0448356699104966;0.7976511112581188;-0.014895019120970906;0.7976520436270244
15.505717;1.0445024797548834;0.8331903241449228;0.7979708484929349;-6.75102541135577e-06;4.626494549899543e-06;1.0448023494782248;9.999917066475604;0.8335333381153377;1.044875913072397;1.0448337839523143;0.797650076866736;-0.014895019002155833;0.7976506365937245
15.515717;1.0445030787036702;0.8331887563822333;0.7979696529335287;-6.611369618879036e-06;4.472500179719104e-06;1.04480017051244;9.999897450382544;0.8335318320910748;1.0448786807825408;1.0448318640367407;0.797649003197285;-0.014895018883386641;0.7976493432781674
15.525717;1.0445037140357813;0.8331872296553001;0.7979684669892269;-6.473981126370956e-06;4.3263468532177095e-06;1.0447978613463855;9.999878279168312;0.8335304367707047;1.04488143279761;1.0448299224464355;0.7976478956662562;-0.014895018767571582;0.7976481596198497
15.535717;1.0445043771605946;0.8331857539821184;0.7979672884580027;-6.3400076869418485e-06;4.187812558834225e-06;1.0447954151802656;9.999859651378827;0.8335291589375183;1.0448841550039034;1.0448279727768013;0.7976467586494481;-0.014895018657319644;0.7976470828330527
15.545717;1.0445050579297517;0.8331843400952236;0.7979661165678439;-6.210535999251447e-06;4.056646002499735e-06;1.0447928278173573;9.999841660971281;0.8335280047600367;1.0448868337422372;1.0448260290239209;0.7976455955937155;-0.014895018554692746;0.797646111682257
15.555717;1.0445057458477924;0.8331829979873786;0.7979649512217282;-6.086392166582844e-06;3.932542336929384e-06;1.044790096860802;9.999824388228912;0.8335269793938394;1.044889457137868;1.0448241060126588;0.7976444087833091;-0.014895018461499859;0.7976452466184485
15.565717;1.0445064295728779;0.8331817360796993;0.7979637930892766;-5.96814694405712e-06;3.815121224366815e-06;1.0447872224890975;9.999807883822157;0.8335260871844046;1.0448920152273748;1.0448222182042908;0.7976431986090728;-0.014895018379541257;0.7976444897327424
15.575717;1.0445070960875662;0.8331805620821252;0.7979626435871017;-5.856365434794853e-06;3.7039284269992132e-06;1.0447842092276962;9.999792165937405;0.8335253321728753;1.0448944991255664;1.0448203789966144;0.7976419632660194;-0.014895018310541798;0.7976438440316879
15.585717;1.0445077309309865;0.8331794834171647;0.797961503994114;-5.751805410116833e-06;3.598489764888718e-06;1.0447810661177486;9.999777232126808;0.8335247178766788;1.0448969001789552;1.0448186028138318;0.7976406990934759;-0.014895018255969129;0.7976433121867044
15.595717;1.0445083197493605;0.8331785063457425;0.7979603745676408;-5.655354005873991e-06;3.4984474663718223e-06;1.0447778052099723;9.999763069881308;0.8335242461646283;1.044899208991205;1.0448169063697992;0.7976394007553715;-0.014895018216798027;0.7976428954559257
15.605717;1.0445088496136228;0.8331776352197682;0.797959254175872;-5.567892809006898e-06;3.4036332020534942e-06;1.0447744402776131;9.999749662381635;0.8335239160666228;1.0449014152810219;1.0448153073163717;0.7976380614781203;-0.014895018193288603;0.7976425940650286
15.615717;1.0445093098866625;0.8331768725326516;0.7979581405215971;-5.490222279322324e-06;3.3140407305277787e-06;1.0447709865329835;9.999736999588011;0.8335237233734425;1.0449035089837415;1.0448138231365474;0.7976366743801232;-0.014895018185103352;0.7976424082360863
15.625717;1.044509693487773;0.8331762196977559;0.7979570306370244;-5.423013442817383e-06;3.229796881611522e-06;1.0447674607034425;9.999725089715394;0.8335236611653455;1.0449054813172196;1.0448124702792185;0.7976352339003404;-0.014895018191725872;0.7976423372759155
15.635717;1.0445099977882397;0.8331756776390251;0.7979559211312596;-5.3668099788148436e-06;3.1510127961363183e-06;1.0447638804384154;9.999713962082092;0.8335237205688125;1.0449073248687402;1.0448112619524346;0.797633736031971;-0.014895018212809186;0.7976423776210005
15.645717;1.044510224729469;0.8331752467421252;0.7979548083592439;-5.322052619933613e-06;3.0775293130244688e-06;1.044760263458586;9.99970366636784;0.8335238914127179;1.0449090338552733;1.0448102064919125;0.7976321779750374;-0.014895018248214521;0.7976425228055116
15.655717;1.0445103804617586;0.8331749269481238;0.7979536889352141;-5.2891468292129545e-06;3.0088919762650686e-06;1.0447566276315066;9.999694262050205;0.8335241626931104;1.0449106054299773;1.0448093081691776;0.7976305580737272;-0.014895018297684774;0.7976427652187138
15.665717;1.0445104737895419;0.8331747180816053;0.7979525605024286;-5.268597283306303e-06;2.944603827591423e-06;1.044752991431489;9.999685795160657;0.8335245222955663;1.0449120400329337;1.0448085686776667;0.7976288761581619;-0.014895018360606558;0.7976430974909692
15.675717;1.0445105139699467;0.8331746200234176;0.7979514215891992;-5.261050058109633e-06;2.884372927005041e-06;1.0447493740621043;9.999678288800379;0.8335249571845075;1.044913339916232;1.0448079871137101;0.7976271339963074;-0.01489501843624561;0.797643512965806
15.685717;1.0445105097466825;0.8331746322768266;0.7979502705130677;-5.267164475083014e-06;2.828191897283618e-06;1.044745795033607;9.999671758066883;0.8335254554211807;1.044914508331366;1.0448075593934434;0.7976253356390149;-0.014895018524012664;0.7976440058364868
15.695717;1.0445104693190403;0.8331747530485509;0.7979491050954115;-5.287460122760333e-06;2.776260759423261e-06;1.0447422726825928;9.99966622551919;0.8335260079018405;1.0449155506335075;1.0448072792524206;0.7976234872044369;-0.014895018623392363;0.7976445708817551
15.705717;1.0445104004048178;0.8331749793332529;0.7979479232646475;-5.322248016329914e-06;2.7288132768334164e-06;1.0447388232045183;9.999661720736176;0.8335266074689414;1.044916475377053;1.0448071404107087;0.7976215954270761;-0.014895018733912213;0.7976452036983303
15.715717;1.0445103106063307;0.8331753087496766;0.7979467236062268;-5.371628400884675e-06;2.6859619541001244e-06;1.0447354618680074;9.999658267752025;0.833527246438514;1.0449172934627027;1.044807138228009;0.7976196659936278;-0.014895018855283455;0.7976459024898022
15.725717;1.0445102072536216;0.8331757413374518;0.7979455060374028;-5.4355825553245335e-06;2.6476411248244286e-06;1.0447322045383487;9.999655872307509;0.8335279152139629;1.0449180155271092;1.0448072702864852;0.7976177034042429;-0.014895018987315618;0.7976466694179132
15.735717;1.044510096478619;0.8331762790590289;0.7979442723185532;-5.514106143472486e-06;2.6136230835706434e-06;1.0447290680061634;9.999654521608925;0.8335286031659682;1.0449186495734857;1.0448075353028194;0.797615711828712;-0.014895019129704706;0.7976475093759248
15.745717;1.044509982785523;0.8331769239333691;0.797943025207788;-5.607200039615515e-06;2.5836176977832076e-06;1.0447260695809284;9.999654195906116;0.8335293008368678;1.0449192003747145;1.0448079308056795;0.7976136958279767;-0.014895019282109899;0.7976484275019458
15.755717;1.0445098693141026;0.8331776772530282;0.797941766496095;-5.714771811329531e-06;2.557401370032558e-06;1.044723225532933;9.999654874107444;0.8335300014827297;1.0449196700476586;1.0448084517327443;0.7976116610936649;-0.014895019444283012;0.7976494273140069
15.765717;1.044509758310691;0.8331785398026359;0.797940496157763;-5.836632202476793e-06;2.5348638313991624e-06;1.044720549522727;9.999656520241054;0.8335307005797039;1.044920059289619;1.0448090903367826;0.7976096146608543;-0.014895019616066024;0.7976505094477712
15.775717;1.0445096519728236;0.8331795118645253;0.7979392135777137;-5.972586272245346e-06;2.5160186075808465e-06;1.0447180526482296;9.999659067912885;0.8335313941411213;1.044920369508752;1.0448098360384699;0.7976075634516234;-0.01489501979741106;0.7976516709339649
15.785717;1.0445095533549713;0.8331805931034204;0.7979379190151374;-6.122517948493072e-06;2.500992761868916e-06;1.0447157434762548;9.999662432683257;0.8335320774611022;1.044920603884263;1.0448106755627131;0.7976055121473844;-0.014895019988103358;0.797652905527963
15.795717;1.0445094666213632;0.8331817827393565;0.7979366138464984;-6.286386531364883e-06;2.489927340298492e-06;1.0447136273940263;9.999666545166637;0.8335327445723122;1.044920765664493;1.0448115943877565;0.7976034627870964;-0.014895020187298434;0.7976542046300641
15.805717;1.044509396498575;0.8331830795330871;0.7979353002077416;-6.464195780023723e-06;2.4827931545129976e-06;1.0447117070482614;9.999671367801856;0.8335333881465252;1.04492085652724;1.04481257830772;0.797601416410879;-0.014895020393669214;0.7976555583111563
15.815717;1.044509346932715;0.8331844815749213;0.7979339808974409;-6.656043451602307e-06;2.4792522032604386e-06;1.044709984321795;9.999676884526819;0.83353400031151;1.0449208776474896;1.0448136145129807;0.7975993747624002;-0.014895020605778067;0.7976569567406909
15.825717;1.0445093199697213;0.8331859865502937;0.7979326592006079;-6.862223306851441e-06;2.4787353573990905e-06;1.044708461730628;9.999683085644445;0.8335345743610106;1.0449208318897696;1.0448146923594033;0.7975973403516757;-0.014895020821954975;0.7976583912720862
15.835717;1.0445093160835273;0.8331875918966192;0.7979313384877759;-7.083202424798198e-06;2.480655963420004e-06;1.0447071413618594;9.999689962209462;0.8335351053419696;1.0449207249131296;1.0448158021958762;0.7975953152602571;-0.014895021040229104;0.7976598544382518
15.845717;1.0445093347114665;0.8331892943184606;0.7979300227271664;-7.319334384736733e-06;2.484572249116142e-06;1.0447060232695016;9.999697505188632;0.833535588701159;1.0449205647465638;1.044816933959102;0.7975933001322656;-0.014895021258686855;0.7976613396504313
15.855717;1.0445093738445208;0.8331910898853164;0.797928717732139;-7.570557231406888e-06;2.490260234555054e-06;1.0447051051739886;9.999705704646239;0.8335360193473699;1.0449203598950705;1.044818078037435;0.797591293823018;-0.014895021475917581;0.7976628410717097
15.865717;1.0445094304007358;0.833192975155419;0.797927431831489;-7.836367436350584e-06;2.497678000708531e-06;1.0447043825358837;9.9997145447365;0.8335363919489803;1.044920116528228;1.0448192264982115;0.7975892942461748;-0.014895021691266027;0.797664353118088
15.875717;1.0445095022959858;0.8331949478863314;0.7979261756666561;-8.115984931026206e-06;2.506845775317828e-06;1.044703848810989;9.999723994016279;0.8335367007598946;1.0449198370037867;1.044820374209035;0.7975873006811967;-0.014895021904601152;0.7976658693973742
15.885717;1.0445095898020746;0.8331970069444391;0.7979249610508709;-8.408509394807556e-06;2.5177274752479523e-06;1.044703495763683;9.999734002330843;0.8335369393431428;1.0449195206022377;1.0448215201955267;0.7975853156643822;-0.014895022115869313;0.797667382419686
15.895717;1.0445096948838164;0.8331991520181931;0.7979237994815068;-8.713011173210409e-06;2.5301052782472146e-06;1.0447033137483652;9.999744507140127;0.8335371012657237;1.0449191646229739;1.0448226675986385;0.7975833448278942;-0.014895022325046945;0.7976688851996552
15.905717;1.0445098203467726;0.8332013830430225;0.7979227013192446;-9.028678218821091e-06;2.5434631976802196e-06;1.0447032930217337;9.99975544559893;0.8335371806345704;1.044918765393797;1.044823821778131;0.7975813949901429;-0.014895022532169724;0.7976703732065527
15.915717;1.0445099696712246;0.8332036997004924;0.7979216755224002;-9.354930675335862e-06;2.5570709295760463e-06;1.0447034248091753;9.999766774335054;0.8335371721418499;1.0449183193524871;1.0448249878602984;0.7975794723855042;-0.01489502273698347;0.7976718450445989
15.925717;1.0445101466390303;0.8332061013358825;0.7979207295329818;-9.69127293668765e-06;2.5702299690608493e-06;1.044703699777533;9.99977848200585;0.8335370716345845;1.0449178233187126;1.0448261698235053;0.797577582995187;-0.014895022938677182;0.7976733018457205
15.935717;1.0445103544853171;0.8332085869292822;0.7979198692773977;-1.0037069087511366e-05;2.5822987499362173e-06;1.044704105874612;9.9997905813768;0.8335368766536523;1.0449172743864352;1.0448273710912868;0.7975757337683613;-0.014895023136100248;0.7976747453838745
15.945717;1.0445105951467517;0.8332111551778294;0.7979190989985389;-1.039147822503749e-05;2.5924929683426435e-06;1.0447046287290802;9.999803097123179;0.8335365861264816;1.0449166703365194;1.0448285942562594;0.7975739329611361;-0.014895023328174618;0.7976761759658655
15.955717;1.0445108696400878;0.833213804372708;0.7979184208591005;-1.0753526502919747e-05;2.5998659075766308e-06;1.0447052531862255;9.999816062242676;0.8335362000134636;1.044916010468181;1.0448298402718252;0.7975721902530328;-0.014895023514112534;0.7976775916835216
15.965717;1.0445111797763913;0.8332165312330118;0.7979178348264238;-1.1122285048908175e-05;2.603517270037315e-06;1.044705963404932;9.999829519716103;0.8335357190762543;1.0449152961881405;1.0448311084256356;0.7975705162749815;-0.014895023693513115;0.7976789888863495
15.975717;1.0445115295856613;0.8332193298570971;0.7979173384326783;-1.1496940017227228e-05;2.602721961698737e-06;1.0447067430784116;9.999843525999474;0.8335351440179831;1.044914530628741;1.044832395792261;0.7975689209582982;-0.014895023866350759;0.7976803631618927
15.985717;1.0445119250318167;0.8332221927664453;0.7979169257472016;-1.1876558662886859e-05;2.5968723770331153e-06;1.0447075776229355;9.99985815146047;0.8335344745899133;1.0449137173397756;1.0448336965922345;0.7975674123194089;-0.014895024032633507;0.7976817105164803
15.995717;1.0445123722050584;0.8332251129565184;0.797916587154377;-1.2259911101612698e-05;2.5854313847774934e-06;1.0447084558068953;9.999873474956937;0.8335337097907809;1.0449128580471185;1.0448350040284504;0.7975659964496483;-0.01489502419210015;0.7976830281041792
16.005717;1.0445128751344408;0.8332280848519115;0.7979163114674713;-1.2645684103296738e-05;2.5679821883891778e-06;1.0447093691292586;9.999889583541936;0.8335328485950391;1.0449119501687318;1.0448363135710166;0.7975646776724361;-0.014895024344316695;0.7976843141820505
16.015717;1.0445134345686513;0.833231104340483;0.7979160887954907;-1.3032727519895144e-05;2.5442329807795235e-06;1.0447103114318714;9.999906581736166;0.833531889892518;1.044910986883961;1.044837624219568;0.7975634584468311;-0.014895024488761066;0.7976855679385583
16.025717;1.0445140488060611;0.8332341685188489;0.7979159119749561;-1.3419966272393298e-05;2.5139703890416732e-06;1.0447112792485407;9.999924588739425;0.833530831923266;1.0449099600054774;1.0448389371043467;0.7975623395561123;-0.01489502462472013;0.7976867892850292
16.035717;1.0445147156221382;0.833237275052458;0.7979157762553116;-1.3806201456409932e-05;2.4770679813183304e-06;1.0447122708305;9.999943715974403;0.8335296721022614;1.0449088619879587;1.0448402530969145;0.797561320684229;-0.01489502475133213;0.7976879781567017
16.045717;1.0445154325320698;0.8332404214379068;0.7979156778831188;-1.4190149249792775e-05;2.4335348933186757e-06;1.0447132845251843;9.999964045609513;0.8335284074318818;1.0449076860899733;1.0448415713271983;0.7975604011799005;-0.01489502486764227;0.7976891342576918
16.055717;1.0445161955055533;0.8332436046569476;0.7979156123758138;-1.4570739986070674e-05;2.3835294623243243e-06;1.0447143179611964;9.99998562416951;0.833527035370829;1.044906426718498;1.044842889465874;0.7975595809801522;-0.01489502497251473;0.7976902578142471
16.065717;1.0445169987488299;0.8332468212751832;0.7979155734976825;-1.4947393444436408e-05;2.3272804408326977e-06;1.0447153675778906;10.000008470761191;0.8335255541515016;1.0449050799481112;1.0448442046840627;0.7975588610618903;-0.014895025064899118;0.7976913500089949
16.075717;1.0445178359139733;0.8332500676452398;0.79791555339995;-1.5320036211548692e-05;2.264962992037443e-06;1.0447164291974647;10.000032586871313;0.8335239618734788;1.0449036434550527;1.0448455143381583;0.7975582429279222;-0.01489502514436082;0.7976924127462854
16.085717;1.044518701089714;0.8332533393885203;0.7979155434214259;-1.568891734586031e-05;2.196642536736432e-06;1.0447174999345534;10.00005795418641;0.8335222558231189;1.0449021164438526;1.0448468161181566;0.7975577279384799;-0.014895025211053983;0.7976934486186343
16.095717;1.0445195890433365;0.8332566300044015;0.797915535182566;-1.605443137380578e-05;2.1222585595445576e-06;1.0447185783602089;10.0000845233375;0.8335204333755099;1.0449005000470242;1.044848107572968;0.7975573174235905;-0.014895025265212582;0.797694461074355
16.105717;1.0445204952562537;0.833259930379189;0.7979155214372554;-1.6417078951816295e-05;2.0416238090183564e-06;1.0447196620074517;10.000112208887572;0.8335184932123517;1.0448987981794764;1.0448493857151206;0.7975570129474536;-0.01489502530701316;0.7976954546944928
16.115717;1.044521415301867;0.8332632303784357;0.7979154954842962;-1.6777442647193095e-05;1.954541791061256e-06;1.0447207455063108;10.000140895702787;0.8335164354302703;1.0448970176983305;1.0448506472038652;0.7975568152339032;-0.014895025336931546;0.7976964359806449
16.125717;1.0445223439604499;0.8332665206843659;0.7979154497080408;-1.7136023318876933e-05;1.8610135764552113e-06;1.0447218207667952;10.000170443488676;0.8335142617533293;1.0448951662791293;1.0448518891449308;0.7975567225414126;-0.014895025355952326;0.7976974140792696
16.135717;1.044523275237231;0.8332697927110949;0.7979153752960167;-1.749301358500081e-05;1.7613686022436736e-06;1.0447228779879136;10.000200693906963;0.8335119769470201;1.0448932491894978;1.0448531100148697;0.7975567307916953;-0.014895025365475599;0.7976984001503521
16.145717;1.0445242021570054;0.8332730368825272;0.7979152631102698;-1.7848229142496155e-05;1.656220387889886e-06;1.044723907074021;10.000231488554025;0.8335095897316909;1.0448912681680989;1.0448543097687526;0.7975568349877405;-0.014895025367181684;0.7976994057779081
16.155717;1.0445251163182236;0.8332762409590471;0.7979151042808224;-1.820124604239061e-05;1.54631760013611e-06;1.0447248992938094;10.000262673423416;0.8335071117170461;1.044889223043158;1.0448554895215534;0.7975570300693503;-0.014895025362909523;0.7977004421782139
16.165717;1.044526009234661;0.8332793898440489;0.7979148902105055;-1.85514675110967e-05;1.4324318183832418e-06;1.044725848144638;10.000294088096576;0.8335045556325927;1.0448871136022033;1.044856651330081;0.7975573111210419;-0.01489502535445187;0.7977015204150709
16.175717;1.0445268745644851;0.8332824668573635;0.7979146125592526;-1.8898088963548267e-05;1.3153159226866624e-06;1.0447267488382703;10.00032557134558;0.8335019343588664;1.044884940043088;1.0448577973019428;0.7975576734543616;-0.014895025343142401;0.7977026508750035
16.185717;1.0445277088130576;0.8332854548138253;0.7979142635233369;-1.924027040769248e-05;1.1956937671787131e-06;1.04472759751075;10.000356976893562;0.8334992607777107;1.0448827027101553;1.0448589284867247;0.7975581124706911;-0.014895025329657995;0.7977038411185324
16.195717;1.0445285105700792;0.8332883357563611;0.7979138361718257;-1.9577423099650305e-05;1.0741801785888765e-06;1.0447283917341685;10.00038817252332;0.8334965477406759;1.0448804021482034;1.0448600452609274;0.7975586234901946;-0.014895025314506325;0.7977050939394016
16.205717;1.0445292791816034;0.8332910907584911;0.7979133246580086;-1.9909254611000484e-05;9.511143614428297e-07;1.0447291317227638;10.00041903157717;0.8334938073252264;1.0448780395115134;1.0448611482453747;0.7975592023786451;-0.014895025298514603;0.7977064075560645
16.215717;1.0445300135362736;0.8332937016535059;0.797912724468475;-2.023561296064164e-05;8.264686441082396e-07;1.0447298201196604;10.000449428074372;0.8334910495854774;1.044875617290841;1.0448622374038463;0.7975598460863029;-0.01489502528265911;0.7977077773239445
16.225717;1.044530712143096;0.8332961536652338;0.797912032668323;-2.055635643095224e-05;6.999129342346565e-07;1.044730460065212;10.00047922805611;0.8334882820756242;1.0448731400799027;1.0448633106296816;0.7975605517303102;-0.014895025267871353;0.7977091974802547
16.235717;1.0445313743601838;0.8332984367716831;0.7979112473996928;-2.0871263602639768e-05;5.709667502004038e-07;1.0447310540888566;10.000508289687234;0.8334855102934385;1.04487061395256;1.0448643645172053;0.7975613161779975;-0.014895025255440406;0.7977106624794462
16.245717;1.0445320015441906;0.8333005457116517;0.797910366284836;-2.11799435772376e-05;4.390980805838399e-07;1.0447316056841904;10.00053648268775;0.8334827380162658;1.0448680445973177;1.0448653967571193;0.7975621372537016;-0.014895025247413284;0.7977121682396376
16.255717;1.0445325976477844;0.8333024794384579;0.7979093853291802;-2.148178819248924e-05;3.037313404663805e-07;1.0447321214805092;10.000563705310935;0.833479967735652;1.044865437237353;1.0448664074320757;0.7975630140650658;-0.014895025246277003;0.7977137129476629
16.265717;1.0445331693182032;0.8333042400984404;0.7979082996688759;-2.177601806860871e-05;1.6428909187409034e-07;1.044732611466763;10.000589881415419;0.8334772015365598;1.044862798764078;1.0448673979020706;0.7975639455905008;-0.01489502525447319;0.7977152965207027
16.275717;1.044533725012075;0.8333058319981904;0.7979071047755527;-2.2061865121909987e-05;2.0205723940852795e-08;1.0447330875460883;10.000614946105825;0.8334744414942237;1.044860138024362;1.0448683688709914;0.7975649293534519;-0.014895025274355664;0.7977169191550494
16.285717;1.044534272618839;0.833307260801825;0.7979057967845914;-2.2338859949146433e-05;-1.291244395686365e-07;1.04473356156592;10.000638837360633;0.8334716895350848;1.044857463338309;1.0448693197682024;0.7975659614120666;-0.014895025308156059;0.7977185802309966
16.295717;1.0445348174047278;0.8333085321893589;0.7979043731307619;-2.260703746563306e-05;-2.8427138502863886e-07;1.0447340444197775;10.0006615011512;0.8334689476690748;1.0448547814078666;1.044870249145278;0.7975670380902719;-0.014895025357682286;0.7977202780430717
16.305717;1.044535362395689;0.8333096501428544;0.797902834450016;-2.286690329489895e-05;-4.4567027607986164e-07;1.0447345473847995;10.000682903800596;0.8334662187299179;1.0448520984959326;1.044871154471294;0.7975681588112637;-0.01489502542408991;0.797722009769219
16.315717;1.0445359097338587;0.8333106165905723;0.7979011859774208;-2.311924937305497e-05;-6.136403111644749e-07;1.044735083097468;10.000703036711448;0.8334635066742977;1.044849420898712;1.044872031945279;0.797569327217541;-0.014895025507922847;0.7977237711064611
16.325717;1.0445364608975718;0.8333114333248548;0.7978994367688538;-2.3364932148346953e-05;-7.883062932610246e-07;1.0447356640018688;10.000721901635877;0.8334608156061296;1.0448467546908888;1.0448728771714046;0.7975705491188522;-0.014895025609440731;0.7977255563689053
16.335717;1.0445370163816692;0.8333121040315337;0.7978975981435994;-2.3604618926078882e-05;-9.694633075377242e-07;1.0447363008525667;10.000739490785778;0.8334581483230921;1.0448441058280233;1.0448736853317626;0.7975718298196476;-0.014895025729123122;0.7977273595005689
16.345717;1.0445375756198148;0.8333126339731093;0.7978956828397225;-2.3838665653351824e-05;-1.1566403126456896e-06;1.0447370025466933;10.000755783384335;0.8334555060468981;1.0448414801868688;1.044874451266527;0.7975731729600511;-0.014895025867940436;0.7977291746036675
16.355717;1.0445381370745364;0.8333130281968314;0.7978937041763325;-2.4067253442049145e-05;-1.3492699952781593e-06;1.0447377755472127;10.0007707519667;0.8334528893533155;1.0448388832809283;1.0448751707346018;0.7975745801146902;-0.014895026027293397;0.797730995517243
16.365717;1.0445386984770488;0.8333132904857209;0.7978916746966672;-2.4290546633977594e-05;-1.546763734090176e-06;1.0447386228593667;10.00078436503769;0.8334502989242824;1.044836318774687;1.044875841415699;0.7975760508469932;-0.014895026208861198;0.7977328160019177
16.375717;1.0445392570587893;0.8333134239703645;0.7978896051574162;-2.450861672780939e-05;-1.7484376236363215e-06;1.0447395441804974;10.00079658317659;0.8334477359939744;1.044833787334156;1.0448764624636124;0.7975775836005052;-0.014895026414431672;0.7977346306975912
16.385717;1.0445398100429586;0.8333134327564008;0.7978875046038959;-2.4721204514297485e-05;-1.9534086277991526e-06;1.044740537736411;10.000807354516612;0.833445202687032;1.0448312885932747;1.0448770333371489;0.7975791761552464;-0.014895026645799737;0.7977364347029462
16.395717;1.044540354962572;0.8333133230885921;0.7978853806554376;-2.492759262772449e-05;-2.160670663900676e-06;1.0447416014626343;10.000816620825125;0.8334427015635066;1.044828823837802;1.0448775529398346;0.7975808251288883;-0.014895026904744039;0.7977382219013374
16.405717;1.0445408891310024;0.8333131031900801;0.7978832390208797;-2.512669384576379e-05;-2.369290824219247e-06;1.044742731727941;10.000824330674977;0.8334402347616526;1.044826395975327;1.0448780200145973;0.797582525818899;-0.01489502719296716;0.7977399848058894
16.415717;1.0445414095030845;0.8333127824474362;0.7978810828548842;-2.5317167765114035e-05;-2.578525184677554e-06;1.0447439221519117;10.00083045081905;0.8334378038857477;1.0448240075879125;1.0448784346613018;0.7975842726673551;-0.014895027511824437;0.7977417160166697
16.425717;1.044541913159906;0.833312370994555;0.7978789132469482;-2.549749292480124e-05;-2.7877795962647604e-06;1.0447451646641437;10.000834969350084;0.8334354104197764;1.0448216596647577;1.0448787992248785;0.7975860596821877;-0.014895027861729674;0.7977434092259413
16.435717;1.0445423971776806;0.8333118791901577;0.7978767315272122;-2.566616504722312e-05;-2.996384599281167e-06;1.0447464511875648;10.000837885482717;0.833433055646127;1.0448193523106377;1.0448791176673011;0.7975878803015322;-0.014895028241872946;0.7977450590133968
16.445717;1.0445428582795528;0.8333113160187647;0.7978745416665448;-2.5822003319439434e-05;-3.203316696127076e-06;1.04474777373358;10.000839204317748;0.8334307401562558;1.044817086009571;1.0448793946534334;0.7975897267646859;-0.014895028650647568;0.7977466602635533
16.455717;1.0445432923432165;0.8333106870630985;0.7978723503122483;-2.5964257087915146e-05;-3.407145215775839e-06;1.0447491224639904;10.00083895444862;0.833428463746196;1.0448148611110806;1.044879635164174;0.7975915902061229;-0.014895029085936616;0.7977482082222475
16.465717;1.0445436935361225;0.8333099935700692;0.7978701651993182;-2.6092373613583786e-05;-3.60629825407288e-06;1.0447504843419309;10.000837203814127;0.8334262258960179;1.044812676273039;1.0448798441083247;0.7975934618991198;-0.014895029544920129;0.7977496988319864
16.475717;1.0445440543752822;0.8333092337381455;0.7978679940207479;-2.6205744526439446e-05;-3.799443678253393e-06;1.0447518452954079;10.000834051260531;0.8334240265223947;1.0448105283844136;1.0448800261182574;0.797595333892215;-0.014895030024050042;0.7977511290697273
16.485717;1.0445443662445602;0.8333084057877179;0.7978658442198258;-2.6303746817558114e-05;-3.985658834504283e-06;1.0447531934926395;10.000829616882406;0.8334218661838622;1.0448084139408245;1.0448801860077128;0.7975971981921762;-0.014895030519337738;0.7977524977439325
16.495717;1.0445446192127434;0.833307510442598;0.7978637229667122;-2.638593190346845e-05;-4.164294801496856e-06;1.0447545193526253;10.000824045047947;0.8334197455145644;1.044806330205261;1.044880329481633;0.7975990460169887;-0.014895031026819008;0.7977538060177051
16.505717;1.0445448021269501;0.8333065511978895;0.7978616368359602;-2.6452080319392586e-05;-4.334796901792486e-06;1.0447558127892813;10.000817501366015;0.8334176654171093;1.044804275722993;1.0448804638426457;0.7976008679726537;-0.014895031543067093;0.7977550565465304
16.515717;1.0445449034563348;0.833305532818077;0.7978595916082878;-2.6502138096619743e-05;-4.496686509542961e-06;1.0447570614600772;10.000810159261366;0.8334156284748898;1.0448022505363324;1.0448805983096578;0.7976026544745257;-0.014895032065324042;0.7977562519797844
16.525717;1.0445449125112656;0.8333044593663077;0.7978575921336583;-2.653614905350909e-05;-4.649625044160292e-06;1.044758251829438;10.000802184932832;0.8334136398095243;1.0448002557517766;1.0448807431474172;0.7976043959432043;-0.014895032591252785;0.7977573945942974
16.535717;1.0445448203623158;0.8333033338400648;0.7978556422616752;-2.655407585458062e-05;-4.7933941414642e-06;1.044759371031256;10.00079371912645;0.8334117064624773;1.0447982925797543;1.0448809080970343;0.7976060825136015;-0.014895033118912054;0.7977584871074588
16.545717;1.0445446198792214;0.8333021602011523;0.7978537453802551;-2.65555086450623e-05;-4.927759450606622e-06;1.0447604079442725;10.000784861788834;0.8334098362487141;1.0447963622616263;1.0448811014971464;0.7976077033037205;-0.014895033646908837;0.797759533141011
16.555717;1.0445443056063772;0.8333009448777638;0.7978519045745645;-2.6539581312751815e-05;-5.05244436525729e-06;1.0447613539791432;10.000775678651273;0.8334080377943283;1.0447944666033786;1.0448813302825097;0.7976092462041465;-0.014895034174045252;0.7977605367946061
16.565717;1.044543874163586;0.8332996953381837;0.7978501218986023;-2.650518822881117e-05;-5.167376935786389e-06;1.0447622025673586;10.00076622645476;0.8334063216821003;1.0447926069730415;1.0448816002881136;0.797610699006576;-0.014895034698665507;0.7977615024400381
16.575717;1.044543325020723;0.8332984179489259;0.7978483982916705;-2.6451181214126283e-05;-5.272869868826336e-06;1.0447629479452059;10.000756569409601;0.8334047002465568;1.0447907827383192;1.0448819166607897;0.7976120512392721;-0.014895035218543382;0.7977624354030785
16.585717;1.0445426607314434;0.8332971179429959;0.7978467345246671;-2.6376427938483524e-05;-5.369382998534101e-06;1.0447635857931272;10.00074677376475;0.8334031860778455;1.044788991892214;1.044882284626539;0.7976132949233048;-0.014895035731235613;0.7977633421846432
16.595717;1.04454188584583;0.8332958008594612;0.7978451321100632;-2.6279891873368104e-05;-5.457151382802797e-06;1.044764114060955;10.000736887849037;0.8334017916486307;1.0447872329093997;1.0448827106157574;0.7976144236574061;-0.01489503623421045;0.7977642292389687
16.605717;1.0445410054561304;0.8332944734044945;0.7978435933438525;-2.6160697885475856e-05;-5.536060070645814e-06;1.0447645316907628;10.000726925678052;0.8334005294967229;1.0447855055676913;1.0448832025544086;0.797615431677772;-0.014895036724720586;0.7977651022902548
16.615717;1.0445400246204928;0.8332931431811618;0.7978421206990068;-2.6018128733079603e-05;-5.605748974210107e-06;1.0447648375616567;10.000716869882607;0.8333994116502169;1.0447838105478646;1.0448837689075339;0.7976163141378969;-0.014895037199800643;0.7977659674994717
16.625717;1.0445389484697505;0.8332918185380316;0.7978407167594694;-2.5851630707637877e-05;-5.665762692306291e-06;1.0447650311822008;10.000706687232332;0.8333984492153229;1.0447821486923332;1.0448844178298018;0.7976170679277825;-0.014895037656381576;0.7977668321670389
16.635717;1.0445377827673572;0.8332905094552457;0.7978393845940587;-2.5660780637035877e-05;-5.715616165105299e-06;1.0447651136102114;10.000696343437486;0.8333976522756646;1.0447805204498704;1.0448851565258277;0.7976176921472794;-0.014895038091393973;0.797767703766301
16.645717;1.0445365340763202;0.8332892276364569;0.7978381274744769;-2.544515779153745e-05;-5.754821444931508e-06;1.0447650883954194;10.000685812472666;0.8333970286858349;1.044778925224792;1.0448859903260554;0.7976181881069276;-0.014895038501977789;0.7977685885286779
16.655717;1.0445352083260677;0.8332879844334201;0.7978369480023175;-2.520421870560897e-05;-5.7828883833082286e-06;1.0447649622311659;10.00067507830109;0.8333965815638834;1.0447773613776636;1.0448869230012046;0.7976185589993016;-0.014895038885833352;0.7977694902096895
16.665717;1.04453381004989;0.83328678937154;0.7978358472427775;-2.4937362488088843e-05;-5.799294468349732e-06;1.044764743531161;10.000664136700484;0.8333963085782438;1.0447758280594428;1.0448879579962749;0.7976188093654272;-0.014895039241323469;0.7977704102179576
16.675717;1.044532343916045;0.8332856516519774;0.7978348241849216;-2.464420869671915e-05;-5.8035152493957195e-06;1.0447644398492293;10.000652999066707;0.8333962046869698;1.044774327146275;1.0448890978905554;0.7976189443157774;-0.014895039567111554;0.7977713495978863
16.685717;1.044530815520647;0.8332845821858841;0.7978338761223197;-2.4324769151221778e-05;-5.795085177800287e-06;1.0447640569891934;10.000641684639717;0.8333962644493857;1.0447728627525763;1.044890343386404;0.7976189685918184;-0.014895039861975021;0.797772310306341
16.695717;1.0445292301079876;0.8332835930532485;0.7978330001426914;-2.3979385561813845e-05;-5.773677134718658e-06;1.0447635994240225;10.000630203784096;0.8333964818164823;1.044771439450875;1.0448916942690623;0.7976188858306478;-0.014895040125169567;0.7977732945227637
16.705717;1.0445275914797334;0.83328269557656;0.7978321943713501;-2.360872632001964e-05;-5.739172256075615e-06;1.0447630700819586;10.000618550466514;0.8333968495720128;1.0447700614060154;1.0448931503765009;0.7976186984022096;-0.014895040356885396;0.7977743041079542
16.715717;1.0445259024787086;0.8332818989815565;0.7978314578985221;-2.3213859488061474e-05;-5.691604948543523e-06;1.0447624699911895;10.000606708835868;0.8333973591318067;1.0447687318662582;1.0448947102239048;0.7976184078748135;-0.014895040558385695;0.7977753406976936
16.725717;1.0445241661264677;0.8332812089300596;0.7978307901041564;-2.2796185536299747e-05;-5.631047967792171e-06;1.0447617983052375;10.000594662072311;0.8333980003587846;1.0447674531627804;1.0448963683512642;0.797618015535025;-0.014895040731678659;0.7977764049131318
16.735717;1.044522386153153;0.8332806265050949;0.7978301904396495;-2.235728945836094e-05;-5.557548081297911e-06;1.0447610525588618;10.000582394704502;0.8333987616626731;1.0447662285617647;1.044898114731296;0.7976175221979777;-0.014895040878844312;0.7977774954666177
16.745717;1.0445205667795383;0.8332801496404221;0.7978296588243551;-2.1898764197396596e-05;-5.471153373251754e-06;1.0447602296981515;10.000569891336356;0.8333996307975226;1.0447650639556127;1.0448999372838288;0.7976169274950451;-0.014895041001517631;0.7977786094613647
16.755717;1.0445187122019797;0.8332797757893317;0.797829195682217;-2.1422113756951395e-05;-5.3720051201583345e-06;1.0447593274873648;10.000557136075793;0.8334005960210776;1.044763967188526;1.0449018243523345;0.7976162301922421;-0.014895041100791146;0.797779743003273
16.765717;1.0445168269055434;0.8332795031470867;0.7978288012052653;-2.0928925581787664e-05;-5.2603518372367645e-06;1.0447583453250908;10.00054411605336;0.8334016460808829;1.0447629462253103;1.044903764609984;0.7976154297773463;-0.01489504117741777;0.7977808915160168
16.775717;1.0445149173006791;0.8332793302921454;0.797828475248332;-2.0421035079197817e-05;-5.136500041876998e-06;1.0447572836472696;10.000530817895381;0.8334027695526042;1.0447620075451671;1.0449057453435746;0.7976145273498118;-0.014895041232091455;0.7977820502394883
16.785717;1.0445129926747327;0.8332792556659427;0.7978282178627943;-1.9900405198326033e-05;-5.0008608937158455e-06;1.04475614176395;10.000517207663194;0.833403955202634;1.0447611550116256;1.0449077513127023;0.79761352557841;-0.014895041265717205;0.797783214840236
16.795717;1.044511063895162;0.8332792771691325;0.7978280284306584;-1.936896123161787e-05;-4.854014954225271e-06;1.0447549163164134;10.00050322032931;0.8334051924628109;1.0447603897487134;1.0449097650816432;0.7976124286714581;-0.01489504127956359;0.7977843818578081
16.805717;1.0445091416757644;0.8332793916363346;0.7978279043381121;-1.882855035858927e-05;-4.696655237463988e-06;1.0447536021982649;10.000488774610504;0.8334064715875147;1.044759711381972;1.0449117684792806;0.797611241749002;-0.014895041275185426;0.797785549118037
16.815717;1.044507235880798;0.8332795953596503;0.7978278417781247;-1.8280907145297588e-05;-4.529512516519848e-06;1.0447521941096056;10.000473793099896;0.833407784881274;1.0447591193773909;1.0449137442554408;0.7976099696636434;-0.014895041254299874;0.7977867159450998
16.825717;1.0445053547412013;0.8332798857208378;0.7978278373073239;-1.7727621313436272e-05;-4.3533495387127226e-06;1.044750686475574;10.000458214536781;0.8334091284763818;1.0447586128608986;1.0449156771086332;0.7976086162556849;-0.014895041218553125;0.797787882772413
16.835717;1.0445035045418871;0.8332802614443319;0.7978278881295956;-1.717018893132441e-05;-4.168962201269736e-06;1.0447490727103201;10.000441997071766;0.833410502510622;1.0447581897944607;1.0449175542212885;0.7976071842445629;-0.014895041169029745;0.7977890502424969
16.845717;1.0445016913435283;0.8332807210741453;0.7978279921889867;-1.661007052903907e-05;-3.977195609745096e-06;1.044747345368351;10.000425113446006;0.8334119097230333;1.044757847407582;1.0449193647422534;0.7976056757655998;-0.014895041106191217;0.7977902187662591
16.855717;1.0444999227182334;0.8332812617075371;0.7978281484164693;-1.6048644770445866e-05;-3.779019785752625e-06;1.0447454966573788;10.00040754994987;0.8334133541693503;1.0447575833858636;1.0449210979526309;0.7976040932238885;-0.014895041030454081;0.7977913890555317
16.865717;1.0444982072597901;0.8332818783511937;0.7978283560266597;-1.5487040961798517e-05;-3.5755608199005684e-06;1.0447435193252892;10.000389313308077;0.833414839987875;1.0447573964169803;1.0449227421778438;0.7976024399019053;-0.014895040942475643;0.7977925624248051
16.875717;1.0444965529990873;0.8332825634643607;0.7978286135846896;-1.4925954555333784e-05;-3.3679375658142275e-06;1.0447414085762878;10.000370433509275;0.8334163698638606;1.044757285924659;1.044924285150533;0.7976007199699513;-0.01489504084305382;0.7977937405765999
16.885717;1.0444949662305414;0.8332833068341817;0.7978289191147256;-1.4365610863557792e-05;-3.1570178430204406e-06;1.044739163366399;10.000350960716428;0.8334179447594079;1.0447572512854362;1.0449257142898598;0.7975989373270037;-0.014895040733382343;0.797794925584409
16.895717;1.044493451456142;0.8332840958328268;0.797829270632483;-1.3805882237666363e-05;-2.9433926335362306e-06;1.0447367856125211;10.000330960389606;0.8334195656816376;1.0447572913024683;1.044927016795848;0.7975970938041889;-0.01489504061536503;0.7977961194558627
16.905717;1.0444920120049825;0.833284916054359;0.7978296661529668;-1.3246455483472564e-05;-2.727572116273999e-06;1.044734278753452;10.000310507595033;0.833421235396381;1.0447574041600314;1.0449281807619097;0.797595189040575;-0.014895040491168212;0.7977973234765428
16.915717;1.04449065005128;0.8332857521833492;0.7978301031944883;-1.2687033400889877e-05;-2.510124967188e-06;1.044731646957564;10.00028968448201;0.8334229580363646;1.0447575869528831;1.0449291969780634;0.7975932226634717;-0.014895040362271454;0.7977985386949848
16.925717;1.0444893667830555;0.8332865888671943;0.7978305783366453;-1.2127486305854545e-05;-2.2916301994170335e-06;1.044728894573566;10.000268577639845;0.8334247375565695;1.0447578354051852;1.0449300597207336;0.7975911958561072;-0.014895040228994568;0.7977997669786875
16.935717;1.0444881627102294;0.8332874112032718;0.7978310874188816;-1.1567791540800447e-05;-2.072607373191675e-06;1.0447260254911555;10.00024726873125;0.8334265768417558;1.0447581449608843;1.0449307663944334;0.7975891105888772;-0.014895040090751098;0.7978010106367316
16.945717;1.0444870362612446;0.833288204784262;0.7978316265109128;-1.1007858542849398e-05;-1.8535661021825098e-06;1.0447230425645113;10.00022581740226;0.8334284777190926;1.0447585117071538;1.0449313168031167;0.7975869685139143;-0.014895039946433068;0.7978022709731518
16.955717;1.0444859821426655;0.8332889557861143;0.7978321935273296;-1.0447474808794045e-05;-1.6350113342884717e-06;1.0447199474007156;10.000204240136926;0.8334304410882055;1.0447589318782091;1.0449317118979657;0.7975847708492942;-0.014895039794611977;0.7978035480662989
16.965717;1.0444849919352202;0.8332896515152199;0.7978327893423081;-9.886398749385023e-06;-1.417346143860323e-06;1.0447167407684974;10.000182503131766;0.8334324668073619;1.044759401259941;1.0449319520087295;0.7975825186218288;-0.014895039633803774;0.7978048418617842
16.975717;1.044484055813128;0.8332902810820638;0.7978334173168271;-9.324466188756487e-06;-1.2007961110371284e-06;1.0447134229997195;10.000160545634722;0.8334345538853174;1.0447599149188125;1.0449320352267626;0.7975802134982827;-0.014895039463069784;0.7978061531121949
16.985717;1.0444831637431509;0.8332908351347531;0.7978340825916168;-8.761624759593524e-06;-9.853216460739973e-07;1.0447099930529646;10.000138313703442;0.8334367011247992;1.044760467183316;1.0449319571276854;0.7975778591170447;-0.014895039282563513;0.7978074836126675
16.995717;1.0444823057411186;0.8332913051047055;0.7978347919749504;-8.197946303464147e-06;-7.705398590992489e-07;1.0447064469570262;10.000115774814049;0.8334389075422654;1.0447610530129774;1.0449317122281643;0.7975754615208474;-0.01489503909347697;0.7978088359406592
17.005717;1.0444814710853743;0.8332916835225956;0.7978355530788893;-7.633631778523504e-06;-5.556802605576149e-07;1.0447027781701042;10.000092924807483;0.8334411719250174;1.0447616701691587;1.044931295994051;0.7975730284586459;-0.014895038897658494;0.7978102131491073
17.015717;1.0444806483223095;0.8332919648532514;0.7978363728523871;-7.068926700601414e-06;-3.395110101220496e-07;1.0446989796581763;10.000069797949418;0.8334434921333492;1.0447623197408797;1.0449307065454225;0.7975705684768073;-0.014895038697240756;0.7978116186599469
17.025717;1.0444798268164333;0.8332921455395298;0.7978372568544784;-6.503997061044495e-06;-1.2036768363419254e-07;1.0446950452053483;10.000046454444167;0.8334458653661432;1.044763004303774;1.044929945747955;0.797568090557331;-0.01489503849423076;0.7978130563400953
17.035717;1.0444789967962704;0.8332922239772113;0.7978382086231297;-5.93893835479392e-06;1.0357391879214499e-07;1.0446909696033242;10.00002295338689;0.8334482887623506;1.0447637255060813;1.0449290190064162;0.7975656042976763;-0.01489503829029653;0.79781453038563
17.045717;1.0444781476689575;0.8332922002804505;0.7978392283419303;-5.373927356826459e-06;3.339218444931912e-07;1.0446867493710204;9.999999352292768;0.8334507589177008;1.0447644831912721;1.0449279338764494;0.7975631198179683;-0.014895038086946146;0.7978160444122835
17.055717;1.0444772679570293;0.8332920743778819;0.7978403125985123;-4.809352231821414e-06;5.718881810631224e-07;1.0446823839930264;9.999975729497272;0.8334532710295671;1.044765276428073;1.0449266984425725;0.7975606471786956;-0.014895037885827897;0.7978176002291762
17.065717;1.0444763469181209;0.833291844452656;0.7978414563140435;-4.245821454257491e-06;8.183110479099542e-07;1.0446778759939763;9.999952195767182;0.8334558192709628;1.044766104814653;1.0449253202210553;0.7975581963076981;-0.014895037688877398;0.7978191979433138
17.075717;1.044475375372859;0.8332915078480425;0.7978426545307333;-3.6840164767503194e-06;1.0736212126440047e-06;1.0446732297622547;9.999928886237841;0.8334583977243109;1.0447669686442238;1.044923806567773;0.797555777524674;-0.014895037498371665;0.7978208378602563
17.085717;1.0444743455217038;0.8332910625011632;0.7978439026138473;-3.1244684334831316e-06;1.33786374848125e-06;1.0446684506389308;9.999905941451782;0.833461000534904;1.0447678683834067;1.044922166154189;0.7975534007227001;-0.01489503731685216;0.7978225220228161
17.095717;1.0444732514600386;0.8332905075467633;0.7978451963666143;-2.567438717054561e-06;1.6109164081327262e-06;1.0446635451412791;9.999883481274923;0.8334636217595947;1.0447688040362708;1.0449204092240285;0.7975510734763197;-0.01489503714677602;0.7978242535803459
17.105717;1.0444720905857086;0.8332898432277882;0.797846532649723;-2.0129744187749464e-06;1.892586122656723e-06;1.0446585217988231;9.999861586714612;0.8334662553985616;1.04476977428128;1.044918546939038;0.7975488007653443;-0.014895036990065523;0.7978260356269491
17.115717;1.044470864120387;0.8332890701497843;0.7978479098595084;-1.461204533877473e-06;2.182549216435418e-06;1.0446533917208576;9.999840305090698;0.833468895566964;1.0447707758969185;1.044916591921814;0.7975465862157844;-0.01489503684776096;0.7978278711654575
17.125717;1.0444695759098255;0.8332881889559383;0.7978493281417411;-9.127487433503342e-07;2.4804439300912313e-06;1.0446481686199125;9.999819667381074;0.833471536647347;1.0447718047125534;1.0449145588871558;0.7975444336466913;-0.014895036720091483;0.7978297631362309
17.135717;1.0444682310908202;0.8332872006607189;0.7978507887711997;-3.6877586168338594e-07;2.7859479494427696e-06;1.0446428684429205;9.999799702828003;0.8334741728826672;1.0447728579328386;1.0449124633792075;0.7975423484405365;-0.014895036607145725;0.7978317138788699
17.145717;1.0444668355029099;0.833286106578887;0.7978522931598282;1.6935462544789754e-07;3.0986417182722163e-06;1.0446375088805135;9.999780440110479;0.833476797890677;1.0447739353496597;1.0449103198856076;0.7975403372940507;-0.014895036509686835;0.7978337247897425
17.155717;1.0444653945613265;0.8332849079008549;0.797853843050972;7.004397569354182e-07;3.4179489257148385e-06;1.044632108075659;9.999761892094602;0.8334794049575903;1.0447750382874206;1.0449081419845507;0.7975384066858384;-0.01489503642936166;0.7978357966046775
17.165717;1.0444639123810888;0.8332836055969429;0.7978554412092115;1.2236413780306867e-06;3.7432473690172695e-06;1.0446266823578465;9.99974404549698;0.8334819878041029;1.0447761677731264;1.0449059440868376;0.7975365622141476;-0.014895036367963778;0.7978379296557694
17.175717;1.0444623929191328;0.8332822008504188;0.7978570910545704;1.7385952640320123e-06;4.073929790709699e-06;1.0446212453521468;9.999726867924132;0.8334845409403895;1.0447773230317212;1.0449037415386564;0.7975348090551219;-0.01489503632642215;0.7978401230386297
17.185717;1.044460841141824;0.8332806956707344;0.7978587949760466;2.2453174819053953e-06;4.409359035091006e-06;1.044615809255324;9.999710324090934;0.8334870585684063;1.0447785010981752;1.0449015489471947;0.7975331525654993;-0.014895036304508932;0.7978423734707402
17.195717;1.0444592620944508;0.8332790932351082;0.7978605521021895;2.744045087019433e-06;4.748779824874642e-06;1.044610386277668;9.999694397438613;0.8334895326325058;1.044779697957708;1.0448993797924082;0.7975315984167322;-0.014895036301125519;0.7978446754426383
17.205717;1.0444576597021715;0.833277397867914;0.7978623580033537;3.23513917296901e-06;5.0912525230420185e-06;1.0446049890481275;9.999679100782277;0.8334919523763757;1.0447809091301081;1.044897247833285;0.7975301521373441;-0.014895036314520615;0.7978470224416534
17.215717;1.0444560368469884;0.8332756143453101;0.7978642072234838;3.718917339166023e-06;5.435614877762589e-06;1.0445996298911622;9.999664463040471;0.8334943052019023;1.044782128388152;1.044895167814221;0.7975288184979804;-0.014895036342487442;0.7978494083784665
17.225717;1.0444543951970755;0.8332737469150304;0.7978660953645726;4.195463197108231e-06;5.780466197767303e-06;1.0445943201880354;9.999650517354299;0.8334965768805268;1.0447833467647434;1.0448931541909792;0.797527601066168;-0.014895036382712926;0.7978518284975389
17.235717;1.0444527341031629;0.8332717993546653;0.7978680186546441;4.664592630058013e-06;6.12429349851589e-06;1.0445890712728343;9.999637304484045;0.8334987515323133;1.044784553330527;1.0448912194112305;0.7975265020871359;-0.014895036433093405;0.7978542790265041
17.245717;1.0444510499883919;0.8332697760387909;0.7978699727538578;5.125980798461927e-06;6.465678964426636e-06;1.0445838957502664;9.9996248668372;0.8335008123892682;1.0447857370366869;1.044889373833853;0.7975255228386986;-0.014895036491792562;0.7978567558295213
17.255717;1.0444493371804717;0.8332676828463425;0.7978719523135821;5.579355491148663e-06;6.803345681305406e-06;1.0445788074789644;9.999613225920458;0.8335027428283366;1.0447868877883109;1.0448876275449135;0.7975246644308441;-0.014895036557195129;0.797859253227789
17.265717;1.044447589527916;0.8332655274802648;0.7978739509188508;6.024631980629506e-06;7.136105183151281e-06;1.0445738205097497;9.999602367754326;0.8335045272328365;1.0447879954036807;1.0448859922728055;0.7975239287612018;-0.014895036628079575;0.7978617639606028
17.275717;1.0444458011242728;0.8332633193274251;0.7978759609285345;6.461916192912063e-06;7.462926589553192e-06;1.0445689481016829;9.999592252301497;0.8335061522330877;1.044789048568142;1.0448844814842653;0.7975233189532779;-0.014895036703860736;0.7978642803957355
17.285717;1.044443966420964;0.8332610688074545;0.7978779735070121;6.8914532497350265e-06;7.783108662731321e-06;1.0445642021192205;9.999582840773748;0.8335076080136197;1.0447900355693398;1.0448831085238925;0.7975228390423916;-0.01489503678457745;0.7978667957314352
17.295717;1.0444420814559037;0.8332587867011445;0.7978799791433141;7.313586523180035e-06;8.096333010210028e-06;1.0445595924981195;9.999574113441405;0.8335088885677013;1.0447909454285318;1.0448818845231098;0.7975224933861791;-0.014895036870647627;0.7978693036611959
17.305717;1.0444401450378413;0.8332564837279174;0.7978819680911815;7.728634856929115e-06;8.402481708973915e-06;1.0445551266266566;9.99956605834222;0.8335099911797599;1.044791768594291;1.044880817666649;0.7975222857996176;-0.014895036962431486;0.7978717972494027
17.315717;1.0444381580364326;0.8332541700073034;0.797883930407559;8.136687582989487e-06;8.701425040510758e-06;1.0445508085155362;9.999558656402456;0.8335109155008752;1.0447924976705716;1.0448799135281428;0.7975222184889618;-0.014895037059692612;0.7978742688583054
17.325717;1.0444361219407545;0.8332518549000134;0.7978858566214136;8.537588160861258e-06;8.992993257199905e-06;1.044546638194611;9.999551882507019;0.8335116626291325;1.0447931284216538;1.044879175678871;0.797522291849735;-0.014895037161359813;0.7978767107698629
17.335717;1.0444340381318917;0.8332495469693554;0.7978877388211515;8.931187610897381e-06;9.277016704857657e-06;1.0445426125679202;9.999545705442284;0.8335122352847512;1.044793659953582;1.0448786063271585;0.7975225056478297;-0.014895037265918369;0.7978791155400997
17.345717;1.0444319076831623;0.8332472536412355;0.7978895708533448;9.31757637732804e-06;9.55326962396051e-06;1.0445387279268596;9.99954008775091;0.8335126379379318;1.0447940937809375;1.0448782071332465;0.7975228603971902;-0.014895037371975542;0.797881476490311
17.355717;1.04442973169945;0.8332449819301042;0.7978913485562784;9.697122866886982e-06;9.821410902408212e-06;1.0445349829238348;9.999534996678467;0.8335128756908301;1.044794433479173;1.04487798037465;0.797523357233172;-0.014895037478140635;0.7978837878228733
17.365717;1.0444275119454443;0.8332427401220998;0.797893070420913;1.0070389562385747e-05;1.008102844109894e-05;1.0445313803195284;9.999530413423361;0.8335129538262765;1.0447946846193186;1.0448779294365809;0.7975239966846934;-0.014895037582550823;0.7978860436981796
17.375717;1.0444252510597296;0.8332405381187368;0.7978947368102978;1.0438022894161165e-05;1.0331734224183083e-05;1.0445279262418463;9.999526330283645;0.8335128787700976;1.0447948539454568;1.0448780580901065;0.7975247782893853;-0.014895037683088195;0.7978882378439721
17.385717;1.0444229525281397;0.8332383859285561;0.797896347555823;1.080065165562489e-05;1.0573198730882135e-05;1.0445246278099325;9.999522745805272;0.8335126579517215;1.0447949487881245;1.0448783703176394;0.7975257009362451;-0.014895037777833454;0.7978903645743843
17.395717;1.0444206201519384;0.8332362924449769;0.7978978998774987;1.1158787464926895e-05;1.0805083329304048e-05;1.0445214910859402;9.999519670428523;0.8335122980120224;1.0447949766767852;1.0448788712441843;0.7975267625480383;-0.014895037864895941;0.7978924197835247
17.405717;1.0444182573788123;0.8332342657247858;0.7978993880092683;1.1512790954659454e-05;1.1027010264977146e-05;1.0445185200779368;9.999517134889686;0.8335118042483615;1.04479494415854;1.0448795666782789;0.7975279593428345;-0.014895037942183376;0.7978944006996327
17.415717;1.044415868367664;0.8332323132154478;0.7979008045217302;1.1862961634838656e-05;1.1238624733320275e-05;1.044515716494262;9.999515186258119;0.833511181683635;1.0447948555140818;1.0448804603227477;0.7975292860058504;-0.01489503800764533;0.7978963049115662
17.425717;1.04441345964139;0.833230440642247;0.7979021422366875;1.220965463993869e-05;1.1439611626428818e-05;1.0445130796429414;9.999513877026155;0.8335104355925316;1.0447947124665042;1.0448815518088708;0.797530737071989;-0.014895038059589612;0.7978981299330865
17.435717;1.0444110396350843;0.8332286511039741;0.7979033954055827;1.2553275174262549e-05;1.1629665290485378e-05;1.0445106060622604;9.999513263092693;0.8335095715916162;1.0447945150691011;1.0448828373822145;0.7975323081679001;-0.01489503809677523;0.797899873094228
17.445717;1.044408617556399;0.8332269456586646;0.7979045599535299;1.2894161680014516e-05;1.1808538822258707e-05;1.0445082895664175;9.99951341351053;0.8335085959575872;1.044794263279734;1.044884311138092;0.797533996223788;-0.01489503811822629;0.7979015309912634
17.455717;1.0444062031657582;0.8332253242380541;0.7979056330578441;1.3232563831764855e-05;1.1976202345117887e-05;1.0445061223195948;9.999514412487846;0.8335075158005775;1.044793958342793;1.0448859655341978;0.7975357990484654;-0.014895038122953334;0.7979030992104366
17.465717;1.0444038061474432;0.8332237862127522;0.7979066121002493;1.356875356102967e-05;1.2133004433182034e-05;1.0445040961836434;9.99951633619059;0.8335063394199999;1.044793603183659;1.0448877915667643;0.7975377144647644;-0.014895038109950211;0.7979045727484938
17.475717;1.0444014352335582;0.8332223303618126;0.7979074940315207;1.390307233387578e-05;1.2279694152870008e-05;1.044502203768668;9.99951922720854;0.8335050770876475;1.0447932011639285;1.0448897788525817;0.7975397393170128;-0.014895038078348998;0.7979059463418884
17.485717;1.0443990985725773;0.8332209538850796;0.7979082760444811;1.4235823649671772e-05;1.2417273784771443e-05;1.0445004385055834;9.999523098295489;0.8335037416658728;1.0447927539866617;1.044891915914335;0.7975418694131601;-0.014895038027396255;0.7979072144088692
17.495717;1.04439680522503;0.83321965218984;0.7979089564998424;1.4567009682115256e-05;1.2546841189027937e-05;1.04449879310347;9.999527952331036;0.8335023486292811;1.0447922609041191;1.0448941904902052;0.79754410115236;-0.014895037956382005;0.797908371263542
17.505717;1.0443945662942473;0.833218420257862;0.7979095348415863;1.489616566535099e-05;1.2669609341267163e-05;1.0444972581615064;9.999533787987886;0.8335009152970071;1.0447917194028749;1.044896589723844;0.7975464333324929;-0.014895037864937821;0.7979094118701109
17.515717;1.0443923939884276;0.8332172535548564;0.7979100110940632;1.5222652740638502e-05;1.2786957503920492e-05;1.0444958226147736;9.999540592171979;0.833499459712124;1.0447911256812619;1.0448991001302108;0.7975488667367199;-0.01489503775342217;0.797910332236682
17.525717;1.0443902988413578;0.8332161479620357;0.7979103855066331;1.554610965831253e-05;1.2900235730464794e-05;1.0444944748180944;9.99954833674319;0.833498000275305;1.0447904749766947;1.0449017068765005;0.7975514021527376;-0.014895037622854324;0.7979111293896995
17.535717;1.044388287988672;0.8332150992647435;0.7979106576294976;1.5866497636140723e-05;1.3010498727114357e-05;1.0444932033888397;9.99955697727513;0.8334965558184324;1.0447897632498206;1.044904393548295;0.7975540390837861;-0.014895037474661345;0.7979118019654039
17.545717;1.0443863665165238;0.8332141024271097;0.7979108258517276;1.6183806327863546e-05;1.3118433493300794e-05;1.0444919989284382;9.9995664472324;0.8334951448747355;1.0447889894171662;1.0449071436829729;0.7975567757701719;-0.014895037310462485;0.7979123506799437
17.555717;1.0443845402210203;0.8332131517922874;0.797910888697572;1.6497893178734744e-05;1.3224360299788449e-05;1.0444908559576918;9.999576657658455;0.8334937839841741;1.044788155588528;1.0449099424011328;0.7975596099238311;-0.014895037131841827;0.7979127774559994
17.565717;1.04438281682933;0.833212241552702;0.7979108457910217;1.6808601511849894e-05;1.33282742423954e-05;1.044489772400172;9.999587504999417;0.8334924858325933;1.0447872652577463;1.0449127769124493;0.7975625394669595;-0.014895036940478402;0.797913083895048
17.575717;1.0443812049902566;0.8332113652514896;0.797910696623167;1.711584105213705e-05;1.343003363832046e-05;1.0444887468102275;9.99959887899398;0.8334912582724583;1.0447863213151543;1.0449156364985603;0.7975655632590444;-0.014895036738682674;0.7979132701015064
17.585717;1.044379712986294;0.8332105154673443;0.7979104390578843;1.74195105315243e-05;1.3529508142269499e-05;1.0444877767965766;9.999610673324408;0.8334901045386894;1.0447853253687163;1.0449185114573347;0.7975686813520244;-0.014895036529657329;0.7979133344018303
17.595717;1.0443783489442147;0.833209684252672;0.7979100698618976;1.7719413838006613e-05;1.3626521272897652e-05;1.0444868607624695;9.999622797008046;0.8334890245936499;1.0447842786064256;1.0449213914333628;0.7975718936245082;-0.014895036317111369;0.797913273942111
17.605717;1.0443771211731308;0.8332088635176936;0.7979095861785385;1.801508480622218e-05;1.3720750494733189e-05;1.0444860005911738;9.999635172683165;0.8334880173347091;1.044783181813551;1.0449242651140906;0.7975751984950105;-0.014895036104800223;0.7979130853141029
17.615717;1.0443760364860515;0.8332080452368386;0.7979089863426051;1.830561454626944e-05;1.3811695461532154e-05;1.0444852012827082;9.999647723385246;0.8334870821877307;1.0447820334236546;1.044927121259413;0.7975785940161066;-0.014895035896340489;0.7979127651743273
17.625717;1.0443750973877548;0.8332072216839854;0.7979082699083898;1.8589783688068834e-05;1.389869791375278e-05;1.0444844681282932;9.999660361906427;0.8334862193764552;1.0447808289280154;1.044929949213099;0.7975820794061884;-0.014895035694822327;0.7979123111506758
17.635717;1.0443743004928299;0.8332063855545132;0.7979074367411289;1.8866340595769255e-05;1.3981049613202132e-05;1.044483805057291;9.999672987216552;0.8334854301304223;1.044779563795246;1.0449327382207667;0.7975856549925651;-0.014895035502334255;0.7979117220769281
17.645717;1.0443736373077714;0.8332055301802436;0.7979064863504224;1.913416646375812e-05;1.4058157873134267e-05;1.04448321491736;9.99968548765071;0.8334847170325947;1.0447782371620744;1.0449354776096267;0.7975893217520473;-0.014895035320149044;0.7979109976398872
17.655717;1.0443730968439702;0.833204650232427;0.7979054187978318;1.939231043510812e-05;1.4129646003777073e-05;1.0444827002793151;9.999697751335953;0.8334840835259503;1.0447768525460188;1.0449381586478947;0.7975930812938019;-0.014895035149439921;0.7979101383484014
17.665717;1.0443726688069874;0.8332037425799771;0.7979042361581504;1.9639926935408285e-05;1.4195252427096546e-05;1.0444822639711473;9.999709677646546;0.8334835329791204;1.0447754155093412;1.04494077497969;0.7975969354391159;-0.014895034991739168;0.7979091452472548
17.675717;1.0443723455740668;0.833202806273832;0.797902943044386;1.9876217753666258e-05;1.425459868341331e-05;1.0444819096158138;9.999721188531545;0.833483067965631;1.044773931531033;1.0449433201816924;0.7976008849196251;-0.014895034848765759;0.7979080194937891
17.685717;1.0443721212404973;0.8332018411084102;0.7979015458921812;2.0100421819981756e-05;1.4307134612302574e-05;1.0444816422982748;9.999732243858626;0.8334826899398757;1.0447724061550752;1.044945785354354;0.7976049283246667;-0.014895034721777651;0.7979067620970527
17.695717;1.0443719891346177;0.8332008464052957;0.7979000519040979;2.0311792996442335e-05;1.435232352304347e-05;1.044481468153856;9.99974284282445;0.8334823995136847;1.0447708463392584;1.044948159682306;0.797609062769156;-0.014895034611017067;0.7979053730805225
17.705717;1.0443719410014316;0.8331998215649423;0.7978984684635221;2.0509589846598048e-05;1.4389825142313696e-05;1.0444813926201342;9.999753003304516;0.8334821965757806;1.0447692615388786;1.044950433075747;0.7976132855928337;-0.014895034515794325;0.7979038508644026
17.715717;1.0443719676512775;0.833198767431025;0.7978968030414585;2.0693204176484178e-05;1.441955807734318e-05;1.0444814194172094;9.99976274540798;0.8334820803662533;1.0447676641960308;1.044952597991981;0.7976175949375623;-0.014895034435208357;0.7979021926630286
17.725717;1.0443720589835281;0.8331976876452544;0.7978950638992379;2.0862368311457905e-05;1.4441706095369878e-05;1.0444815513390369;9.999772089652827;0.833482050275573;1.0447660692569216;1.0449546497965736;0.7976219890210049;-0.014895034368875286;0.7979003953268151
17.735717;1.0443722039243477;0.83319658950394;0.7978932612057679;2.1017144188925677e-05;1.4456670450621785e-05;1.0444817913394382;9.999781057803984;0.8334821060558336;1.0447644929450841;1.0449565860395411;0.7976264657369349;-0.014895034316840665;0.7978984566329136
17.745717;1.0443723912045078;0.833195483457051;0.7978914069823678;2.115767246747804e-05;1.446492426256442e-05;1.0444821423818038;9.999789665153655;0.8334822470202621;1.044762951501538;1.044958404462993;0.7976310229233234;-0.014895034278844862;0.7978963762361758
17.755717;1.0443726096665007;0.8331943813673491;0.7978895139669425;2.128405577934317e-05;1.4466869934159954e-05;1.0444826063084238;9.999797906748128;0.8334824719607642;1.0447614592126382;1.044960101507655;0.7976356581870451;-0.014895034254145926;0.7978941546750464
17.765717;1.0443728480415755;0.8331932947688265;0.7978875953754506;2.1396536403843953e-05;1.4462866368992599e-05;1.0444831830406784;9.999805756216372;0.8334827798996748;1.0447600261595094;1.044961672731341;0.7976403681617499;-0.014895034242133773;0.7978917916501944
17.775717;1.044373095687668;0.8331922346999712;0.7978856652610564;2.149557551797763e-05;1.445334522767898e-05;1.044483870532212;9.999813177898423;0.8334831709776424;1.0447586579062769;1.0449631137358653;0.7976451483652155;-0.014895034242741818;0.7978892859857687
17.785717;1.044373342990609;0.8331912122174948;0.7978837373454992;2.1581535049461634e-05;1.4438698560774021e-05;1.0444846651123985;9.99982013862931;0.8334836478936951;1.044757357032209;1.044964420733345;0.7976499938543204;-0.01489503425629091;0.7978866364604328
17.795717;1.044373580462409;0.8331902373837111;0.7978818232211004;2.1654377624786638e-05;1.4418965336984558e-05;1.0444855625182305;9.999826617516366;0.8334842165247052;1.044756125351408;1.0449655908424376;0.7976548999809251;-0.014895034283333726;0.7978838418726345
17.805717;1.0443737994740814;0.8331893178312293;0.7978799320113331;2.1713844313293132e-05;1.4393727909417388e-05;1.0444865594708712;9.999832609016655;0.8334848837963121;1.044754966176271;1.0449666221962348;0.7976598629505898;-0.014895034324664094;0.797880901311925
17.815717;1.044373994813349;0.8331884591563128;0.7978780707362967;2.1759753654040786e-05;1.4362294834938404e-05;1.044487654344474;9.999838112832864;0.8334856546770117;1.0447538849058204;1.0449675141423762;0.7976648796274632;-0.014895034381128611;0.797877815205449
17.825717;1.0443741651794372;0.8331876663756184;0.7978762441654688;2.1791955779585707e-05;1.4323931293906153e-05;1.0444888463407809;9.999843124749235;0.8334865315299068;1.0447528880478265;1.0449682669954852;0.7976699467773911;-0.014895034453366603;0.7978745856523898
17.835717;1.044374311205187;0.8331869439954448;0.7978744545124753;2.1810208665595002e-05;1.427803995821176e-05;1.0444901344454443;9.999847645392995;0.8334875155687588;1.044751983370078;1.044968880654061;0.7976750607379287;-0.014895034541654171;0.7978712157533108
17.845717;1.0443744334121265;0.8331862941769714;0.7978727017362252;2.181426652219867e-05;1.4224249994238e-05;1.0444915166407838;9.999851695688495;0.83348860751085;1.0447511807723748;1.0449693527402693;0.7976802171739769;-0.014895034645743465;0.7978677091055753
17.855717;1.0443745308243833;0.8331857148781434;0.797870984695407;2.1804060910339784e-05;1.4162340842992532e-05;1.0444929892407973;9.999855315243392;0.8334898074907092;1.0447504910802035;1.0449696785783282;0.7976854106624793;-0.014895034764991561;0.7978640697950395
17.865717;1.0443746007098762;0.8331851996592827;0.7978693024642123;2.1779794362352348e-05;1.409199029777906e-05;1.0444945474095066;9.99985854373609;0.8334911162601016;1.0447499238402713;1.0449698536645708;0.7976906346593768;-0.014895034898741466;0.7978603022518223
17.875717;1.0443746396745741;0.8331847393757196;0.7978676548064052;2.1741791028738308e-05;1.401257003827276e-05;1.0444961865138387;9.999861404288923;0.8334925359305585;1.0447494863211533;1.0449698754866081;0.7976958814241829;-0.01489503504611794;0.7978564105530779
17.885717;1.0443746451927296;0.8331843246901504;0.7978660417544016;2.1690262012394363e-05;1.392331117931863e-05;1.0444979024953005;9.999863898074338;0.8334940688481713;1.044749183867749;1.0449697434971004;0.7977011416741481;-0.014895035205199218;0.7978523983204341
17.895717;1.0443746170162216;0.8331839477365441;0.7978644630256216;2.162534241413312e-05;1.3823668619569709e-05;1.044499691509623;9.99986601113431;0.8334957167224909;1.0447490222226157;1.0449694591709073;0.797706405004642;-0.014895035372870081;0.797848270086231
17.905717;1.0443745580308355;0.8331836028044741;0.7978629178881025;2.1547344295955307e-05;1.3713473483310179e-05;1.0445015501972552;9.999867730332735;0.8334974804838859;1.0447490104517978;1.0449690260271658;0.7977116610176804;-0.014895035545693255;0.7978440320776837
17.915717;1.0443744739903973;0.8331832869675954;0.7978614060078443;2.1456920912678342e-05;1.3592869488567362e-05;1.044503476225958;9.999869056319831;0.8334993600682099;1.0447491611733755;1.0449684488357462;0.7977168994901472;-0.014895035720468394;0.7978396909186335
17.925717;1.044374372701199;0.8331829998040646;0.7978599286401352;2.1354991703074433e-05;1.3462191135061775e-05;1.0445054681159065;9.99987000485663;0.8335013542983998;1.044749488403331;1.0449677328976958;0.797722109288379;-0.014895035894175594;0.7978352522020479
17.935717;1.0443742640691436;0.8331827414298563;0.7978584883686395;2.124247290100362e-05;1.3321843974916968e-05;1.0445075244290465;9.999870597842015;0.8335034604363889;1.0447500056228058;1.044966883844731;0.7977272779583625;-0.014895036064030216;0.7978307204553403
17.945717;1.0443741603432595;0.8331825102993895;0.7978570877395317;2.112013478635066e-05;1.3172245426730295e-05;1.044509642912817;9.999870853603518;0.8335056735002386;1.0447507240493583;1.0449659079368991;0.7977323930646505;-0.01489503622755137;0.7978260992703703
17.955717;1.0443740749440789;0.8331823025094534;0.7978557286820868;2.098879815966534e-05;1.3013817412388157e-05;1.0445118197068022;9.999870785333608;0.8335079862719044;1.0447516510999597;1.0449648128313562;0.7977374436206609;-0.014895036382429335;0.7978213911534207
17.965717;1.0443740220398874;0.8331821126860958;0.7978544126771431;2.0849545944265774e-05;1.2846984923058702e-05;1.0445140484547493;9.999870404035935;0.8335103897877478;1.0447527911854846;1.044963607511988;0.7977424207014298;-0.014895036526410374;0.7978165980769722
17.975717;1.0443740180964263;0.8331819348085924;0.7978531404352225;2.0703706743389894e-05;1.2672184091069193e-05;1.044516320697105;9.99986971666558;0.8335128737568126;1.0447541476512179;1.044962301055304;0.7977473183405585;-0.014895036657187668;0.7978117217097771
17.985717;1.044374081865081;0.8331817623966467;0.7978519111755918;2.055279965269845e-05;1.2489818414019103e-05;1.0445186282484025;9.999868717370248;0.8335154273709949;1.0447557220075747;1.0449609021619077;0.7977521337168907;-0.014895036772174682;0.7978067625233561
17.995717;1.0443742320605902;0.8331815888995868;0.797850723005967;2.039854559919455e-05;1.23001643904477e-05;1.0445209640478856;9.999867380860445;0.8335180407120323;1.04475751137253;1.044959419693288;0.797756865423779;-0.014895036868426156;0.7978017200282842
18.005717;1.044374485177461;0.8331814078080882;0.797849574501727;2.0242832360588834e-05;1.2103346185152374e-05;1.044523319774588;9.999865663075946;0.8335207057565523;1.0447595086724082;1.0449578631831837;0.7977615114651114;-0.014895036942884254;0.7977965949187614
18.015717;1.0443748542298537;0.833181212064392;0.7978484658718152;2.008749813082979e-05;1.1899407950809522e-05;1.0445256841059638;9.999863502826834;0.8335234164850063;1.0447617050684417;1.0449562434835888;0.7977660685021322;-0.014895036992642932;0.7977913906737415
18.025717;1.0443753486527458;0.8331809934882602;0.7978473994577543;1.9933998892514785e-05;1.1688457814560314e-05;1.0445280440724787;9.999860823282733;0.8335261684211673;1.04476408968502;1.0449545728933562;0.7977705327204581;-0.014895037014991671;0.7977861131882409
18.035717;1.0443759749154413;0.8331807429189937;0.797846379727816;1.9783222185376126e-05;1.1470785059678443e-05;1.0445303879259462;9.99985754460506;0.8335289577480971;1.0447666472603876;1.0449528650106623;0.7977749014305584;-0.014895037007183547;0.7977807692274895
18.045717;1.0443767372474362;0.8331804515131596;0.7978454120966912;1.9635465208344985e-05;1.1246847915923381e-05;1.0445327070246178;9.999853608789275;0.8335317807577038;1.0447693588442137;1.0449511357608883;0.7977791733761355;-0.014895036966011256;0.7977753648108113
18.055717;1.0443776386206052;0.8331801121850154;0.7978445016879613;1.9490408894261855e-05;1.1017185770653538e-05;1.0445349956348557;9.999848987682535;0.8335346345904068;1.0447722052255426;1.0449494037853149;0.7977833474684518;-0.014895036887478594;0.7977699041254109
18.065717;1.0443786812022857;0.8331797196970913;0.7978436535513306;1.934722462669807e-05;1.0782347274941889e-05;1.0445372497405314;9.999843667779782;0.8335375181200669;1.0447751686005515;1.0449476889839382;0.7977874217766955;-0.014895036766886008;0.7977643892876212
18.075717;1.0443798662318522;0.8331792698722099;0.7978428728748413;1.9204947254899866e-05;1.0542915633582032e-05;1.0445394658433376;9.99983765215371;0.8335404310741116;1.0447782327495354;1.0449460110729312;0.797791393292382;-0.014895036599525608;0.7977588210236858
18.085717;1.0443811940694092;0.8331787591792577;0.7978421639376223;1.9062843965939135e-05;1.0299601018699435e-05;1.0445416402185874;9.999830977741352;0.833543372261773;1.044781384153207;1.0449443881362865;0.7977952577333903;-0.01489503638173231;0.7977531997639388
18.095717;1.044382663552139;0.833178184655698;0.797841529325088;1.8920537341047724e-05;1.0053215665283256e-05;1.044543769802152;9.999823707930943;0.8335463386264997;1.0447846116672108;1.0449428352990848;0.7977990101860081;-0.014895036111617289;0.7977475262485069
18.105717;1.0443842706529318;0.8331775434619564;0.7978409701366517;1.8777946724016775e-05;9.804536447739818e-06;1.0445458538609493;9.99981591579409;0.8335493249852801;1.0447879033769294;1.044941365077657;0.7978026467733483;-0.014895035789062377;0.7977418010890361
18.115717;1.0443860082114587;0.8331768325222918;0.7978404858675293;1.863523300407908e-05;9.554237040125322e-06;1.0445478937123385;9.999807688101338;0.8335523243477714;1.044791244290499;1.044939988464365;0.7978061654511037;-0.01489503541512226;0.7977360242613007
18.125717;1.044387866796412;0.8331760489482077;0.797840073578435;1.8492777001598145e-05;9.302924296815606e-06;1.0445498907407331;9.999799131845634;0.8335553288627661;1.0447946164466184;1.0449387154599763;0.7978095653176365;-0.01489503499130168;0.7977301959401242
18.135717;1.0443898354622632;0.8331751906737916;0.7978397278056567;1.835106426616244e-05;9.051293221131675e-06;1.044551844636959;9.999790370555566;0.833558330458974;1.0447979996138486;1.0449375555089644;0.7978128460502666;-0.014895034519312036;0.7977243177335736
18.145717;1.04439190208637;0.8331742569706287;0.7978394416467268;1.8210554959953436e-05;8.800356507261904e-06;1.044553752434114;9.999781541337336;0.8335613205236645;1.044801372702037;1.0449365181650356;0.7978160084422632;-0.01489503400139881;0.797718392672118
18.155717;1.044394053697416;0.8331732489963796;0.7978392075146976;1.807167958323376e-05;8.551439999659142e-06;1.0445556089911257;9.999772792844709;0.8335642890647132;1.0448047168811174;1.044935613984825;0.7978190550133368;-0.014895033440467336;0.7977124246350793
18.165717;1.044396277406442;0.8331721698395582;0.7978390170795822;1.7934852676639753e-05;8.3059024860499e-06;1.0445574084415508;9.999764282439989;0.8335672249954219;1.0448080177426986;1.0449348549113595;0.7978219894897212;-0.014895032839602513;0.7977064186393253
18.175717;1.044398561246116;0.8331710241122028;0.7978388615504746;1.7800446793364722e-05;8.064998863993477e-06;1.0445591452403333;9.999756171295088;0.833570118470713;1.044811263631119;1.044934253280876;0.7978248158420869;-0.01489503220167396;0.7977003811765704
18.185717;1.0444008937411673;0.8331698179393343;0.7978387327555126;1.7668851913110288e-05;7.829991209427751e-06;1.0445608154110295;9.999748614414475;0.8335729632273513;1.044814442590546;1.0449338204136933;0.797827538360353;-0.014895031529436423;0.7976943193018738
18.195717;1.0444032635332932;0.8331685588098969;0.7978386240185602;1.7540596840438313e-05;7.602137667893985e-06;1.0445624177656312;9.999741753898236;0.8335757566874441;1.0448175417763672;1.044933566005003;0.7978301620555425;-0.014895030825663638;0.7976882394828444
18.205717;1.044405660568501;0.8331672544000547;0.7978385295328005;1.7416384389150905e-05;7.382479333182194e-06;1.0445639529074935;9.999735725337837;0.8335784982635285;1.0448205495003853;1.0449334981185014;0.7978326919861322;-0.014895030092955218;0.797682147159264
18.215717;1.0444080770515212;0.8331659112999014;0.7978384425865844;1.7297071115168842e-05;7.171743101992599e-06;1.0445654209395057;9.99973066809795;0.8335811880434267;1.0448234570420034;1.0449336238837112;0.7978351324770756;-0.014895029333313504;0.797676046476843
18.225717;1.0444105064065166;0.8331645351105852;0.7978383548257126;1.7183668005806027e-05;6.97038734223456e-06;1.0445668211410277;9.99972672133462;0.8335838269303985;1.0448262575172302;1.0449339506057325;0.7978374871130465;-0.014895028548010364;0.7976699399253129
18.235717;1.0444129416650183;0.833163131874887;0.7978382575572048;1.7077258964595576e-05;6.778664097896171e-06;1.044568153180099;9.999724007372771;0.8335864165772338;1.0448289435860723;1.0449344855532892;0.7978397586202555;-0.014895027738175819;0.7976638279023619
18.245717;1.0444153748430745;0.8331617093498638;0.7978381437444336;1.6978767611830936e-05;6.5967694987585665e-06;1.0445694173865574;9.999722615994909;0.8335889582544066;1.0448315077350316;1.0449352343998688;0.797841948261899;-0.014895026905501162;0.7976577084225879
18.255717;1.044417796982756;0.8331602775129204;0.7978380092056859;1.6888773930036544e-05;6.424933365964683e-06;1.0445706148126135;9.999722599426315;0.8335914522246461;1.0448339436967993;1.0449361998583457;0.7978440549842516;-0.01489502605219364;0.7976515780541834
18.265717;1.0444201981072037;0.8331588484813693;0.7978378524413196;1.6807610968924375e-05;6.263296280793447e-06;1.0445717483880943;9.999723979229936;0.8335938980015004;1.0448362455476494;1.044937380853645;0.7978460752559711;-0.0148950251803691;0.7976454338812283
18.275717;1.0444225670009013;0.8331574353936936;0.7978376732110346;1.6735638676465482e-05;6.111805151967173e-06;1.0445728235622396;9.999726750480674;0.8335962944940096;1.0448384058783;1.044938772057317;0.7978480050460683;-0.01489502429148001;0.797639274717885
18.285717;1.0444248909423535;0.8331560512307474;0.7978374714364795;1.6673407411940306e-05;5.970260569807886e-06;1.0445738470215846;9.999730882323517;0.8335986397947014;1.0448404160682492;1.0449403640463546;0.7978498424973869;-0.014895023386046468;0.7976331013066992
18.295717;1.044427155870391;0.8331547089699249;0.7978372479148783;1.662161150244712e-05;5.8384237899625425e-06;1.0445748246176816;9.999736330213874;0.8336009312420679;1.0448422679881275;1.044942144550875;0.7978515884031091;-0.014895022463818613;0.7976269155950396
18.305717;1.0444293476791586;0.8331534222505217;0.7978370050643019;1.6581005896161088e-05;5.716144544573105e-06;1.0445757604688217;9.999743049374372;0.8336031666207472;1.044843954646885;1.0449441009019802;0.7978532445378537;-0.014895021524208301;0.7976207191930964
18.315717;1.0444314535096595;0.8331522050448218;0.7978367454153774;1.6552449419840803e-05;5.603437579330246e-06;1.0445766573516615;9.999750994551535;0.8336053460565926;1.0448454696150113;1.044946222995726;0.7978548119261424;-0.014895020566648539;0.7976145124879334
18.325717;1.044433461716639;0.8331510697455463;0.7978364698059512;1.6536934246018918e-05;5.500426772999487e-06;1.044577517293784;9.999760117908354;0.8336074726571309;1.0448468071935881;1.0449485048363665;0.797856290222637;-0.014895019590709581;0.7976082948670591
18.335717;1.0444353619169722;0.8331500246595674;0.7978361779121699;1.65354371308146e-05;5.407236653440741e-06;1.044578342889772;9.99977037634792;0.8336095508250864;1.044847963790532;1.044950943432479;0.7978576778038398;-0.01489501859621185;0.7976020652085186
18.345717;1.0444371460247543;0.833149072338875;0.7978358692982475;1.6548654481854395e-05;5.323968648383621e-06;1.0445791385358822;9.999781739564;0.8336115837312583;1.044848938824213;1.0449535374275691;0.7978589724382089;-0.014895017583345499;0.7975958222305127
18.355717;1.044438808114994;0.8331482094787984;0.7978355428676343;1.6576761820043777e-05;5.250752423800437e-06;1.044579909161731;9.999794185787977;0.8336135721930409;1.0448497346902317;1.0449562871689115;0.7978601722645744;-0.014895016552426258;0.797589564849215
18.365717;1.044440343239002;0.8331474289622658;0.797835196345789;1.6619448949525476e-05;5.18767821471455e-06;1.0445806581275345;9.999807687372611;0.833615514874433;1.0448503560521407;1.0449591942741498;0.7978612759237451;-0.014895015503700017;0.7975832925853913
18.375717;1.0444417489574578;0.8331467226636851;0.7978348273940249;1.6676230393054096e-05;5.134545583717743e-06;1.0445813867700708;9.999822199018848;0.8336174085803554;1.0448508075103176;1.0449622606066862;0.7978622824821336;-0.01489501443768082;0.7975770055597325
18.385717;1.0444430285085462;0.8331460821891762;0.7978344353392129;1.674661032257093e-05;5.090721160969379e-06;1.044582094934767;9.999837656292042;0.8336192488238191;1.0448510913080096;1.044965488455189;0.7978631919916289;-0.01489501335545383;0.7975707040647938
18.395717;1.0444441899910353;0.8331454975608199;0.7978340220464066;1.6830071076450728e-05;5.055306979133117e-06;1.0445827818563698;9.999853979690705;0.8336210306288496;1.044851207779214;1.0449688811228661;0.7978640057228483;-0.014895012258587716;0.7975643880183962
18.405717;1.044445241961106;0.8331449562933947;0.7978335917155682;1.6926138451289824e-05;5.0274093704559835e-06;1.04458344644529;9.999871080903993;0.8336227490653989;1.044851156642318;1.0449724426942033;0.7978647258216321;-0.014895011148992788;0.7975580566550967
18.415717;1.0444461912655874;0.8331444441253136;0.7978331496876013;1.703442334813629e-05;5.006286583492427e-06;1.0445840869038618;9.99988887825565;0.8336243998792411;1.0448509369969612;1.0449761767903805;0.7978653545235199;-0.01489501002895488;0.7975517090470899
18.425717;1.0444470441358418;0.8331439466799784;0.7978327003927653;1.715460170950446e-05;4.991336711735168e-06;1.0445847016212702;9.999907312209215;0.8336259795023324;1.0448505470144094;1.044980084371754;0.7978658930009668;-0.014895008901166216;0.797545344977472
18.435717;1.0444478068953293;0.8331434509239054;0.7978322459479122;1.7286466457818426e-05;4.981981047984203e-06;1.044585290301049;9.999926349262092;0.8336274835831746;1.0448499848426898;1.0449841627862952;0.7978663408532586;-0.014895007768466232;0.7975389657262242
18.445717;1.0444484853086329;0.8331429458607703;0.7978317865740352;1.7429981465981158e-05;4.9775834670923705e-06;1.0445858532804855;9.99994598020792;0.8336289058525354;1.0448492512547878;1.0449884076193914;0.7978666964629413;-0.014895006633538476;0.7975325748266543
18.455717;1.0444490840148386;0.8331424225844865;0.7978313217722538;1.7585222350534254e-05;4.977396154251576e-06;1.0445863907760224;9.999966211264688;0.833630239500219;1.0448483512445585;1.0449928148524628;0.7978669573658248;-0.014895005499006195;0.7975261776697152
18.465717;1.0444496065881552;0.8331418741383068;0.797830851177222;1.775225329574559e-05;4.980461225947838e-06;1.044586902879706;9.999987055319561;0.8336314802021897;1.0448472918961562;1.0449973809446718;0.7978671208103522;-0.014895004367640284;0.79751978002595
18.475717;1.0444500556201117;0.8331412950387155;0.7978303751899386;1.793109097555718e-05;4.985704060639244e-06;1.0445873888836184;10.000008538480001;0.8336326273827683;1.0448460798487924;1.0450021017311324;0.7978671851890325;-0.014895003242127969;0.7975133870648031
18.485717;1.0444504326502149;0.8331406805389098;0.7978298954176805;1.8121860104143332e-05;4.99225688641899e-06;1.0445878466694758;10.000030707095576;0.8336336825997154;1.0448447219129986;1.0450069719833026;0.7978671515332098;-0.014895002124646985;0.7975070030139584
18.495717;1.0444507388366109;0.8331400262629239;0.7978294144448862;1.8325020925051952e-05;4.999515215171622e-06;1.0445882729048899;10.000053618363978;0.83363464835816;1.0448432266302663;1.0450119853035595;0.7978670234438022;-0.014895001016755302;0.7975006308354198
18.505717;1.0444509757136538;0.8331393278268812;0.7978289351295274;1.854141608315654e-05;5.006851785500407e-06;1.044588662909872;10.000077328056301;0.8336355291135938;1.0448416040995119;1.045017133217935;0.7978668053019418;-0.014894999919313888;0.7974942716685498
18.515717;1.044451144607055;0.8331385801536096;0.7978284603530119;1.8772068124484436e-05;5.013498491523926e-06;1.0445890113405598;10.000101888639003;0.8336363321568202;1.0448398648275345;1.0450224049682502;0.7978665008722813;-0.014894998832271468;0.7974879241708854
18.525717;1.044451245588639;0.8331377772969382;0.7978279933859744;1.9017821592506476e-05;5.018702433079608e-06;1.0445893151269556;10.000127348985421;0.8336370667669519;1.0448380189215456;1.0450277892061473;0.7978661137358951;-0.014894997754746599;0.7974815843191578
18.535717;1.0444512769295338;0.8331369128322432;0.797827538565924;1.9279010822436798e-05;5.021851202368473e-06;1.0445895753127514;10.000153746902352;0.8336377425337993;1.0448360760506727;1.04503327560719;0.7978656478619861;-0.01489499668535193;0.7974752459527439
18.545717;1.0444512344328534;0.8331359800129732;0.7978271016890368;1.9555479117681796e-05;5.022422492268563e-06;1.0445897951910617;10.000181102788773;0.8336383682078378;1.0448340455447307;1.0450388545743492;0.7978651068724842;-0.0148949956225246;0.7974689016937195
18.555717;1.0444511109196708;0.8331349718876399;0.7978266894633856;1.984697413041105e-05;5.019857388162251e-06;1.044589977505732;10.00020942565163;0.8336389515845717;1.044831935334315;1.045044515661312;0.7978644930766728;-0.01489499456505812;0.7974625433621488
18.565717;1.0444508973372377;0.8331338819309608;0.797826308207323;2.0153473909285758e-05;5.013547335493896e-06;1.0445901235809185;10.000238726317416;0.8336395004593927;1.0448297503717494;1.045050246867474;0.7978638073452444;-0.01489499351252752;0.797456161145529
18.575717;1.044450584958647;0.8331327041155633;0.7978259626238673;2.0475228804036166e-05;5.002937498450111e-06;1.0445902342799096;10.000269022843835;0.8336400238373491;1.0448274920020364;1.0450560351520635;0.7978630494943428;-0.014894992465153556;0.7974497421873129
18.585717;1.0444501661584185;0.8331314319729779;0.7978256558820854;2.081274869540718e-05;4.987561751253579e-06;1.0445903104708376;10.00030034029752;0.8336405320487472;1.044825158097005;1.045061865828983;0.7978622182342754;-0.014894991423487476;0.7974432701001014
18.595717;1.044449633491597;0.8331300583103478;0.7978253912060248;2.1166810131838875e-05;4.967029178590073e-06;1.0445903514268953;10.000332721141207;0.8336410359299747;1.0448227432598955;1.0450677208068975;0.7978613102925356;-0.014894990388242286;0.7974367266765366
18.605717;1.0444489788068965;0.8331285757751394;0.7978251732797721;2.1538315766276014e-05;4.94105074153451e-06;1.0445903539013548;10.000366240290354;0.8336415459825798;1.0448202389323162;1.04507357865692;0.7978603194924166;-0.014894989359969317;0.7974300953684266
18.615717;1.0444481930706808;0.8331269767010422;0.7978250079376696;2.1928099556171413e-05;4.909357031286043e-06;1.0445903135614878;10.000401001534541;0.833642071820345;1.0448176341281787;1.0450794165373194;0.7978592370329376;-0.014894988338640114;0.797423362986825
18.625717;1.04444726651914;0.8331252519148973;0.7978249007754651;2.233685269966176e-05;4.871521583587774e-06;1.0445902256636141;10.000437116741;0.833642621559782;1.0448149167554301;1.0450852117342841;0.7978580532153989;-0.0148949873234836;0.7974165181186816
18.635717;1.0444461882229394;0.833123389693974;0.7978248563552307;2.2765094616160518e-05;4.826960921842689e-06;1.044590083982788;10.000474694599099;0.8336432010000336;1.0448120739273248;1.0450909432183848;0.7978567593267527;-0.014894986313029848;0.7974095491855943
18.645717;1.0444449454956783;0.8331213760192123;0.797824878342365;2.3213147895817357e-05;4.775135516074074e-06;1.0445898810533383;10.000513841831316;0.8336438140239879;1.0448090915085286;1.045096593085623;0.7978553484192293;-0.014894985305396865;0.7974024435846003
18.655717;1.0444435249118533;0.833119195790701;0.7978249699939447;2.368118977178207e-05;4.715686175830739e-06;1.0445896108400086;10.000554653958458;0.8336444645223323;1.044805954753252;1.0451021460984249;0.7978538148640446;-0.014894984298706093;0.7973951874699553
18.665717;1.0444419138840255;0.8331168333423392;0.7978251348364251;2.4169390343810557e-05;4.6483554481943e-06;1.044589270795015;10.000597201163341;0.8336451571421373;1.044802650257044;1.0451075885792196;0.7978521532640562;-0.014894983291091532;0.7973877664831919
18.675717;1.044440100454187;0.8331142716834037;0.7978253769470487;2.467798469902928e-05;4.57282810337291e-06;1.044588860980124;10.000641529618646;0.8336458958740021;1.0447991677525668;1.0451129086530535;0.7978503578978995;-0.014894982280416212;0.7973801669354813
18.685717;1.0444380717549193;0.8331114923749317;0.7978257000896368;2.520720828566011e-05;4.488708776253893e-06;1.0445883817185897;10.000687671731365;0.833646682808679;1.0447955000900289;1.0451180970483616;0.7978484234153116;-0.014894981264158577;0.7973723758499585
18.695717;1.0444358130392233;0.8331084769011344;0.7978261069422106;2.575732151457823e-05;4.395663115712077e-06;1.0445878315294252;10.000735653112612;0.8336475186958117;1.0447916414069536;1.0451231466693225;0.7978463458858644;-0.014894980239489094;0.7973643794360457
18.705717;1.0444333088889697;0.8331052072295185;0.797826599878722;2.632874346165108e-05;4.293518038158448e-06;1.0445872059773886;10.000785495718606;0.833648404910146;1.0447875852837312;1.0451280502196383;0.7978441232744199;-0.01489497920338995;0.7973561617825493
18.715717;1.044430546330473;0.8331016652053644;0.7978271818737349;2.692203360298903e-05;4.182220670723144e-06;1.0445864975715717;10.000837219271727;0.8336493451983256;1.044783323922465;1.0451327979157035;0.7978417554871486;-0.014894978152563328;0.7973477054922047
18.725717;1.0444275170977138;0.8330978329877673;0.7978278560088498;2.7537768253227525e-05;4.061814795947255e-06;1.0445856961753195;10.00089084330533;0.8336503462356183;1.044778848010378;1.04513737827455;0.7978392438661007;-0.014894977083234402;0.7973389934819913
18.735717;1.044424217429412;0.8330936937595089;0.7978286249041027;2.8176511448373367e-05;3.932513182484451e-06;1.0445847901241243;10.000946386121818;0.8336514178321138;1.044774147113098;1.0451417810314634;0.7978365899573648;-0.014894975991288665;0.797330010177664
18.745717;1.044420646751639;0.8330892313399201;0.7978294912699407;2.8838786985042506e-05;3.794755529664758e-06;1.0445837676360257;10.00100385686143;0.8336525730539673;1.0447692106476678;1.0451459983806364;0.7978337942395658;-0.014894974872507096;0.797320741251822
18.755717;1.044416807030221;0.8330844304129338;0.7978304585428933;2.9524935535424693e-05;3.6491884122665575e-06;1.0445826170030972;10.0010632494989;0.8336538277384202;1.0447640287616342;1.045150024549202;0.7978308555369276;-0.014894973722463855;0.7973111721210554
18.765717;1.0444127025551349;0.8330792779688311;0.797831531109673;3.0235020676409913e-05;3.4965903048435166e-06;1.0445813269272142;10.00112454323369;0.833655199420624;1.0447585921318256;1.0451538567781562;0.7978277716499041;-0.014894972536120982;0.7973012869947619
18.775717;1.0444083388270047;0.8330737636619708;0.797832714941886;3.096891149053645e-05;3.3377466677875062e-06;1.0445798885460953;10.00118769757857;0.8336567056235807;1.044752891122447;1.0451574967369168;0.7978245407358924;-0.01489497130744986;0.7972910697355537
18.785717;1.0444037208363186;0.8330678779104915;0.7978340178901012;3.172636710306598e-05;3.1732705379188774e-06;1.0445782969575335;10.00125264329797;0.8336583616076885;1.0447469156462708;1.0451609496715644;0.7978211619557772;-0.014894970029666865;0.7972805050751661
18.795717;1.0443988518520981;0.833061610035495;0.7978354486226615;3.250705965541928e-05;3.0034997165153534e-06;1.04457655013047;10.001319294650807;0.8336601787291515;1.044740655811218;1.0451642232277947;0.7978176352807071;-0.014894968696099489;0.797269579013848
18.805717;1.0443937329148383;0.8330549486183394;0.7978370154457693;3.331073220268136e-05;2.8286637851424713e-06;1.044574645652374;10.001387581221376;0.8336621652286963;1.044734103086679;1.0451673287211134;0.7978139605755799;-0.014894967300976402;0.797258278797731
18.815717;1.0443883626757156;0.8330478829211708;0.7978387260222909;3.413744523984475e-05;2.649210416430299e-06;1.0445725782567226;10.001457461569043;0.8336643289018222;1.0447272518014203;1.0451702829480194;0.7978101359459973;-0.014894965839632629;0.7972465926474104
18.825717;1.0443827377925388;0.8330404041507531;0.797840587429377;3.4987705899533626e-05;2.465911946122887e-06;1.0445703404380449;10.001528913337742;0.8336666784421116;1.0447200995750794;1.0451731073189845;0.7978061571337175;-0.014894964308230502;0.7972345095407706
18.835717;1.0443768547715906;0.8330325063025037;0.7978426060807162;3.5862456957974975e-05;2.2796119456900606e-06;1.0445679238968575;10.001601927575221;0.8336692226322736;1.0447126456870155;1.0451758246379028;0.7978020182827593;-0.014894962703647353;0.7972220191037974
18.845717;1.0443707116744358;0.833024185719796;0.7978447877868746;3.676294104127684e-05;2.0909602074070245e-06;1.0445653193150992;10.001676517818805;0.8336719694582979;1.0447048885112376;1.0451784568420737;0.7977977121044958;-0.014894961023601057;0.797209111254054
18.855717;1.044364307482962;0.8330154398624652;0.7978471381298425;3.76905085161792e-05;1.900500633949687e-06;1.0445625161851966;10.001752728277687;0.8336749259948752;1.0446968237924519;1.0451810253336533;0.7977932297890505;-0.014894959266326425;0.7971957762197451
18.865717;1.0443576411711817;0.8330062665418593;0.7978496628050454;3.864654163983258e-05;1.7088806062711041e-06;1.0445595043379836;10.001830621371232;0.833678098326955;1.044688444487274;1.0451835514392667;0.7977885624526401;-0.01489495742991949;0.7971820053946758
18.875717;1.0443507120546096;0.8329966637007992;0.7978523676192277;3.9632521479967155e-05;1.516801788882921e-06;1.0445562753307778;10.001910265602664;0.83368149156073;1.044679741371715;1.04518605547232;0.7977837027935353;-0.014894955511998856;0.7971677916381811
18.885717;1.0443435197232895;0.8329866294599882;0.7978552579631979;4.065006329877788e-05;1.324898094219346e-06;1.0445528221599025;10.001991752287136;0.8336851103579923;1.0446707036410605;1.0451885555958988;0.7977786450382729;-0.014894953509785308;0.7971531278646908
18.895717;1.0443360640222217;0.8329761619169855;0.7978583384353815;4.170082564447732e-05;1.1337587905648296e-06;1.0445491383881822;10.002075212215177;0.8336889598112092;1.0446613200444992;1.0451910661661061;0.797773384814324;-0.0148949514203542;0.7971380055065101
18.905717;1.0443283463964095;0.8329652585844253;0.7978616136661366;4.278640785974449e-05;9.439058539856553e-07;1.044545218017081;10.00216080893187;0.8336930464933076;1.0446515797486722;1.045193596097158;0.7977679203099849;-0.014894949240670087;0.7971224140553633
18.915717;1.0443203705541833;0.832953916296538;0.797865089635867;4.390833994708051e-05;7.556606876066065e-07;1.0445410557958632;10.002248724234368;0.8336973785705066;1.0446414717332895;1.0451961495485969;0.7977622526401896;-0.01489494696722824;0.7971063404313338
18.925717;1.0443121410472815;0.8329421315801534;0.7978687738496202;4.506810512766394e-05;5.690387507941886e-07;1.044536647370784;10.002339140209742;0.8337019643965501;1.0446309840584649;1.0451987280224058;0.7977563839714583;-0.014894944595764981;0.7970897683153917
18.935717;1.0443036620047113;0.8329299006479518;0.7978726740996245;4.626709977436347e-05;3.8377244906798693e-07;1.0445319896052816;10.00243222471666;0.8337068114075908;1.0446201045342973;1.0452013324434768;0.7977503156100983;-0.014894942121514319;0.7970726792191534
18.945717;1.0442949375788044;0.8329172189963218;0.7978767973179254;4.750655835255612e-05;1.9947640021551017e-07;1.0445270803089275;10.00252813137436;0.8337119260347247;1.0446088226415913;1.0452039650567286;0.7977440482813428;-0.014894939539819223;0.797055054908872
18.955717;1.0442859730237246;0.8329040812733177;0.7978811494919069;4.878757587456681e-05;1.5830853072434367e-08;1.0445219168237379;10.002627004555526;0.8337173135742998;1.0445971305737995;1.045206630194699;0.7977375835053223;-0.01489493684669819;0.7970368783900484
18.965717;1.04427677503728;0.832890481943163;0.7978857355756367;5.0111247233929254e-05;-1.6729575950246486e-07;1.0445164952569466;10.002728980531206;0.833722978567427;1.0445850214218977;1.0452093349571205;0.7977309241987323;-0.014894934038990183;0.7970181321972182
18.975717;1.0442673507429665;0.8328764164241439;0.7978905589419946;5.147879164116824e-05;-3.498248247802325e-07;1.0445108112240442;10.002834183532645;0.8337289263914398;1.0445724865196055;1.045212090483426;0.7977240741249707;-0.014894931113868979;0.7969987965829253
18.985717;1.0442577067559071;0.8328618815564759;0.797895621317674;5.289163825793603e-05;-5.316150908839459e-07;1.0445048611245074;10.002942720046603;0.8337351641737185;1.0445595153464982;1.0452149116391276;0.7977170368968638;-0.014894928068185449;0.7969788497934174
18.995717;1.0442478508966522;0.8328468754538428;0.7979009230914473;5.4351485870494115e-05;-7.126580215322424e-07;1.044498642670192;10.003054683143937;0.8337416997649543;1.0445460971673215;1.0452178153165197;0.7977098156233976;-0.014894924898258952;0.7969582690978063
19.005717;1.04423779570624;0.8328313981177681;0.7979064634198709;5.586020086026158e-05;-8.931383165282581e-07;1.0444921534839446;10.003170174558035;0.8337485399408493;1.044532221603631;1.0452208199784585;0.7977024134649977;-0.014894921600258465;0.7969370312747294
19.015717;1.0442275592324173;0.832815452384998;0.7979122405293877;5.741957958233978e-05;-1.0734405146617207e-06;1.0444853890004508;10.003289332733862;0.8337556893928622;1.0445178784100695;1.045223945904141;0.797694834260569;-0.014894918170706187;0.7969151129549406
19.025717;1.0442171614602858;0.8327990435540168;0.7979182525126278;5.903125838167672e-05;-1.2541474033486465e-06;1.0444783427190154;10.003412333736788;0.8337631516563462;1.0445030578864636;1.045227214020501;0.7976870824662032;-0.014894914606422763;0.7968924908977354
19.035717;1.0442066207056848;0.8327821779273459;0.7979244979003453;6.069682110837131e-05;-1.435804378803043e-06;1.0444710090058418;10.00353935668368;0.8337709307871046;1.0444877519034204;1.0452306450553468;0.7976791623761862;-0.014894910904078948;0.796869141420021
19.045717;1.044195952974415;0.8327648610618664;0.7979309752146949;6.241788204901684e-05;-1.6185756046849666e-06;1.0444633851718699;10.003670553140942;0.8337790319253542;1.0444719546808339;1.0452342605829354;0.7976710767718458;-0.014894907060026042;0.7968450392518361
19.055717;1.0441851727685587;0.8327470961037746;0.7979376824231338;6.419613551728184e-05;-1.8022283127314291e-06;1.0444554705263605;10.003806047489174;0.8337874617477422;1.0444556621011873;1.0452380827005938;0.7976628256261399;-0.014894903070361301;0.7968201573680751
19.065717;1.0441742937785052;0.8327288832273115;0.7979446177037459;6.603346151486508e-05;-1.986407607062059e-06;1.044447264347297;10.00394595180606;0.8337962287913021;1.0444388692718412;1.0452421309205857;0.7976544059121735;-0.014894898930751948;0.7967944676038189
19.075717;1.0441633295753052;0.8327102204496589;0.7979517809503809;6.793198908954716e-05;-2.1709041408883885e-06;1.0444387653594855;10.004090372498954;0.8338053425210579;1.0444215682952036;1.0452464205076415;0.7976458124648741;-0.01489489463610818;0.7967679411596593
19.085717;1.0441522943526813;0.8326911049000452;0.7979591751797168;6.989413274368427e-05;-2.355759770001543e-06;1.0444299716769705;10.004239413045537;0.8338148129917127;1.0444037488348938;1.0452509644739452;0.7976370390156889;-0.014894890180732015;0.7967405493983029
19.095717;1.044141201922231;0.8326715334491719;0.7979668077158556;7.192265610329113e-05;-2.5411862473749905e-06;1.0444208800526995;10.004393186406384;0.8338246513165505;1.044385400417559;1.0452557764597044;0.7976280790933873;-0.014894885558863242;0.7967122646867016
19.105717;1.0441300633311537;0.832651502250964;0.7979746901888681;7.402057711002142e-05;-2.727487885216007e-06;1.0444114856332574;10.004551831052606;0.8338348687816328;1.0443665130359836;1.0452608728175543;0.7976189270013389;-0.01489488076500824;0.7966830605710995
19.115717;1.0441188865056938;0.8326310061707834;0.7979828374598263;7.619091163884498e-05;-2.915089412974771e-06;1.0444017824444793;10.004715519233113;0.8338454753540095;1.0443470760200662;1.04526627422394;0.7976095783011787;-0.014894875794065197;0.7966529116342687
19.125717;1.0441076775376779;0.8326100387443898;0.7979912668614719;7.843652239045543e-05;-3.1045556220298486e-06;1.0443917636130273;10.004884450885873;0.8338564789020674;1.0443270776886324;1.0452720051604172;0.7976000289141656;-0.014894870641333905;0.7966217933714842
19.135717;1.0440964411994718;0.8325885919682854;0.7979999971638049;8.07601878749614e-05;-3.296612228956848e-06;1.044381421340965;10.005058834537964;0.8338678851264434;1.0443065065380577;1.0452780895443017;0.7975902734746974;-0.014894865302240214;0.7965896813484639
19.145717;1.0440851810049872;0.832566655982349;0.7980090467277463;8.316481979243866e-05;-3.492214104665189e-06;1.0443707468422314;10.005238872091981;0.8338796986409234;1.0442853516007047;1.0452845460097748;0.7975803042330358;-0.014894859772121558;0.7965565497521635
19.155717;1.0440738992607848;0.8325442195331695;0.798018432278902;8.565362742892883e-05;-3.692606875494007e-06;1.0443597298685023;10.005424755521453;0.8338919249111673;1.0442635999776355;1.0452913878080416;0.7975701107964941;-0.01489485404632614;0.7965223708607069
19.165717;1.044062596820941;0.8325212710973229;0.7980281688929128;8.82300238780077e-05;-3.899323837509165e-06;1.0443483586234892;10.005616666597934;0.8339045716661356;1.0442412345211143;1.0452986258440142;0.7975596805754165;-0.014894848120352484;0.7964871155965025
19.175717;1.0440512725541313;0.8324977993860115;0.7980382703676319;9.08973154507031e-05;-4.114071853427456e-06;1.0443366210187253;10.00581477610465;0.8339176491400311;1.0442182344786377;1.0453062698933402;0.7975489998856607;-0.014894841989716223;0.7964507540779516
19.185717;1.0440399226902726;0.8324737924424188;0.7980487487506354;9.365845149444214e-05;-4.338507578519313e-06;1.0443245059320398;10.006019252153438;0.8339311696175852;1.0441945762659817;1.045314327541871;0.7975380548846458;-0.014894835649521312;0.7964132561100773
19.195717;1.0440285409126044;0.832449236602467;0.7980596133442953;9.651602206399172e-05;-4.574020157313631e-06;1.0443120029791153;10.006230281018077;0.8339451467037453;1.044170232879369;1.0453228042673082;0.797526831588484;-0.014894829094162678;0.7963745914692921
19.205717;1.044017119748398;0.8324241168533559;0.7980708713048638;9.947235167087643e-05;-4.821744202634984e-06;1.044299101345382;10.006448076900002;0.8339595945774833;1.0441451744269228;1.045331705441656;0.7975153157667844;-0.014894822317499652;0.7963347294078378
19.215717;1.0440056526417034;0.8323984175811066;0.7980825293113728;0.00010252953590239923;-5.082803565566435e-06;1.044285789142039;10.006672867500162;0.8339745277700462;1.0441193699912505;1.0453410377281873;0.7975034933470219;-0.014894815313169385;0.7962936388930423
19.225717;1.0439941358821838;0.8323721223647162;0.7980945939483617;0.00010568943750640874;-5.358445024231745e-06;1.044272053852832;10.00690488233075;0.8339899614115932;1.044092789410304;1.0453508084501624;0.7974913506704571;-0.01489480807467099;0.796251290514233
19.235717;1.0439825694203455;0.8323452135740473;0.7981070712840129;0.0001089536047347646;-5.649955483170958e-06;1.0442578834407314;10.007144356405377;0.8340059110214337;1.0440654048523936;1.0453610237700424;0.7974788746186338;-0.014894800595443134;0.7962076574159035
19.245717;1.0439709556259988;0.8323176723789841;0.7981199669484474;0.00011232324336854109;-5.958598212590408e-06;1.0442432672915891;10.007391529192821;0.8340223918495794;1.0440371915746227;1.0453716871246606;0.7974660533542034;-0.014894792868986607;0.7961627140199263
19.255717;1.0439592968548908;0.8322894795201585;0.7981332861626852;0.00011579942088157927;-6.285651552386483e-06;1.0442281961630586;10.007646639531128;0.834039418664294;1.044008126774794;1.0453827985745836;0.797452876494358;-0.014894784888610759;0.7961164348625994
19.265717;1.0439475941887666;0.832260616715252;0.798147033696794;0.00011938330962986232;-6.632459704622181e-06;1.0442126620228807;10.007909931137261;0.8340570056430004;1.043978187949555;1.045394355400948;0.7974393329340066;-0.014894776646956697;0.7960687948422399
19.275717;1.0439358476956206;0.83223106630175;0.7981612145006859;0.0001230762173169068;-7.0004493041019676e-06;1.0441966588608698;10.008181661689454;0.8340751661562082;1.0439473534164854;1.0454063542040108;0.7974254087031137;-0.014894768136005602;0.7960197699592833
19.285717;1.043924056715728;0.832200808977548;0.798175834368254;0.0001268794367978848;-7.39111756680596e-06;1.0441801834016313;10.00846210564473;0.8340939133292495;1.04391560422734;1.0454187934247114;0.7974110881075854;-0.01489475934760275;0.7959693376433399
19.295717;1.0439122200236444;0.8321698225211764;0.7981909003194049;0.0001307942074118081;-7.805973871453208e-06;1.0441632344553486;10.008751556041693;0.8341132606752072;1.0438829245750976;1.0454316744272547;0.7973963558589852;-0.014894750273696309;0.7959174762720806
19.305717;1.043900336303721;0.8321380819389176;0.7982064210476936;0.00013482193741199268;-8.246477985814881e-06;1.0441458103957557;10.00905033176341;0.8341332219911227;1.0438493001963511;1.0454450003659235;0.7973811971557411;-0.014894740905961212;0.795864164251225
19.315717;1.0438884045384105;0.832105560271899;0.7982224062094935;0.0001389643522548402;-8.714107902760278e-06;1.0441279062123552;10.009358776706987;0.8341538115581641;1.0438147165841658;1.0454587742457213;0.7973655969893119;-0.014894731235536307;0.7958093795051038
19.325717;1.0438764239566716;0.8320722300487139;0.7982388646497645;0.0001432233489288077;-9.210423468566912e-06;1.0441095134604992;10.00967723759647;0.8341750441111655;1.043779158260773;1.0454729980027488;0.7973495403227461;-0.014894721253176436;0.7957530993204482
19.335717;1.0438643940068744;0.8320380642622288;0.7982558040970924;0.00014760081659184371;-9.73693985976855e-06;1.0440906229799087;10.010006043655153;0.8341969337002064;1.0437426090400137;1.0454876724570246;0.797333012536219;-0.014894710949318973;0.795695300382202
19.345717;1.0438523149885657;0.8320030360920828;0.7982732324116917;0.0001520985803479395;-1.0295034630442953e-05;1.0440712266160355;10.010345515967062;0.8342194930062069;1.0437050529791987;1.0455027977349105;0.7973159990828331;-0.014894700314202237;0.7956359594432225
19.355717;1.043840188721973;0.8319671189608926;0.7982911583057184;0.00015671836176217715;-1.0886019212483005e-05;1.0440513164448613;10.010695993871845;0.834242733529431;1.0436664752481448;1.045518374237388;0.7972984849158412;-0.014894689338264105;0.7955750540621735
19.365717;1.0438280181820168;0.8319302880041536;0.7983095912144286;0.0001614618275506421;-1.1511201877000651e-05;1.0440308832701501;10.01105785280411;0.8342666663079954;1.043626862017173;1.0455344034809992;0.7972804546159381;-0.014894678012701425;0.7955125628694516
19.375717;1.0438158062672782;0.8318925210972243;0.7983285408826867;0.00016633083083594308;-1.2171894184969347e-05;1.0440099159715162;10.011431510708842;0.8342913034307863;1.0435861994764013;1.0455508889685197;0.7972618924364511;-0.014894666329933425;0.795448466128159
19.385717;1.0438035545784246;0.8318537978698897;0.798348016603879;0.0001713275717476919;-1.2869377567007144e-05;1.043988401752316;10.01181742447241;0.8343166582767094;1.0435444730011678;1.045567837575709;0.7972427820019767;-0.014894654283092116;0.795382746227231
19.395717;1.043791263145469;0.8318140982328258;0.798368026718797;0.00017645446893039271;-1.3604845345542556e-05;1.043966326684549;10.012216074898408;0.8343427435092607;1.0435016673864117;1.0455852596260633;0.7972231065035945;-0.01489464186460886;0.7953153869175515
19.405717;1.0437789315375154;0.8317734019725833;0.798388579412195;0.0001817139787965422;-1.437941331791795e-05;1.0439436759514171;10.012627953476628;0.8343695697896577;1.0434577673206222;1.04560316644847;0.7972028491120916;-0.014894629065494557;0.7952463715651721
19.415717;1.043766560831379;0.8317316891825498;0.7984096841863038;0.0001871086056823485;-1.5194222893542144e-05;1.0439204340543915;10.01305356019257;0.8343971465822482;1.0434127570465983;1.0456215679182697;0.7971819928892523;-0.01489461587569036;0.7951756816643909
19.425717;1.0437541553362604;0.8316889414542166;0.7984313524367086;0.00019264101996375774;-1.6050580802918953e-05;1.0438965857160132;10.013493399661252;0.8344254831776929;1.0433666200305847;1.0456404720665504;0.7971605201402392;-0.014894602284529818;0.7951032969577854
19.435717;1.043741722825308;0.8316451429008411;0.7984535969766281;0.00019831403304392626;-1.6950016409141487e-05;1.0438721166563578;10.013947973841121;0.8344545884311025;1.0433193395379536;1.045659885727225;0.797138412460909;-0.014894588281139357;0.7950291970933558
19.445717;1.0437292736090922;0.8316002796830706;0.7984764314683039;0.00020413039362386556;-1.789415769472017e-05;1.0438470128135289;10.014417793085867;0.8344844694566015;1.043270900644177;1.0456798139331982;0.7971156524425685;-0.014894573854883944;0.7949533628562595
19.455717;1.0437168191089676;0.8315543387702892;0.7984998698684587;0.00021009261823883002;-1.8884527292993608e-05;1.0438212594528409;10.014903401528896;0.8345151309822101;1.0432212930325595;1.045700257370398;0.7970922247718308;-0.014894558995361771;0.7948757763203498
19.465717;1.043704369981672;0.8315073068511476;0.7985239254547408;0.00021620301224023057;-1.992238217209541e-05;1.0437948424788472;10.01540538392516;0.8345465763058391;1.0431705117267165;1.0457212114547854;0.797068114961006;-0.014894543692171684;0.7947964212623607
19.475717;1.0436919359276573;0.8314591694643394;0.7985486102383373;0.00022246385176148383;-2.100869587274324e-05;1.0437677497456117;10.015924350290573;0.8345788087421262;1.0431185548765451;1.045742669667727;0.7970433074916179;-0.01489452793526049;0.7947152841932401
19.485717;1.0436795271660781;0.8314099105315506;0.7985739357669633;0.0002288775210707483;-2.214440265603435e-05;1.043739970133263;10.016460914894562;0.8346118333275399;1.0430654214311954;1.045764627129148;0.7970177846268044;-0.014894511715367993;0.794632354949868
19.495717;1.0436671542618632;0.8313595125978402;0.7985999142349517;0.00023544651390174055;-2.3330642900660017e-05;1.0437114927101243;10.01701567592189;0.8346456587324418;1.0430111105558872;1.0457870799885878;0.7969915253667874;-0.014894495023622722;0.7945476259708888
19.505717;1.0436548273017157;0.8313079578436441;0.7986265583559793;0.00024217340498274614;-2.4568675943110135e-05;1.043682306678832;10.017589208345193;0.834680297349644;1.0429556217204465;1.0458100216994404;0.7969645045135879;-0.014894477850836477;0.7944610905208419
19.515717;1.0436425572494235;0.8312552293462792;0.7986538808126442;0.00024906081142046414;-2.5859703321499738e-05;1.0436524009057202;10.018182078135357;0.8347157632109481;1.042898954456857;1.0458334400362415;0.796936692929525;-0.01489446018757492;0.7943727415859219
19.525717;1.0436303578722712;0.8312013121259108;0.7986818940841868;0.0002561113421591855;-2.7204931996784258e-05;1.043621763698127;10.018794863334383;0.8347520701249439;1.0428411078547395;1.0458573179271529;0.796908059524988;-0.014894442024678883;0.7942825730935515
19.535717;1.0436182457562013;0.8311461933752946;0.7987106096870423;0.00026332757412146347;-2.8605793479494615e-05;1.0435903831378452;10.019428163059928;0.8347892316446491;1.0427820801576797;1.0458816372296076;0.796878572759805;-0.014894423353286472;0.7941905822880707
19.545717;1.0436062391292082;0.8310898619830773;0.798740037338595;0.00027071207326076203;-3.0064055747949245e-05;1.0435582470888172;10.020082589273336;0.8348272622231359;1.0427218688990951;1.0459063813771245;0.7968482001817228;-0.01489440416450448;0.7940967704987728
19.555717;1.043594357774084;0.8310323083296387;0.7987701851957398;0.0002782674090377785;-3.158171791079491e-05;1.0435253428459734;10.020758751048701;0.8348661778087374;1.0426604709353904;1.0459315355778185;0.7968169084772188;-0.01489438444919439;0.7940011423141249
19.565717;1.0435826239730268;0.8309735235873277;0.7988010602232943;0.0002859960305945999;-3.316083471848693e-05;1.0434916576021909;10.021457243909532;0.8349059952244582;1.042597881343956;1.045957086446994;0.7967846651039748;-0.014894364197705625;0.793903705342832
19.575717;1.0435710632230755;0.83091349802232;0.7988326681255564;0.00029390009908004613;-3.480350909777103e-05;1.043457179341068;10.022178642522922;0.8349467310843953;1.0425340913587937;1.0459830214551502;0.7967514390695211;-0.014894343399535607;0.7938044709305218
19.585717;1.0435597052845642;0.8308522203098249;0.7988650138914102;0.0003019815143318035;-3.65120913588007e-05;1.043421897490861;10.022923494264788;0.8349884009866566;1.0424690868285316;1.0460093270220407;0.7967171999631214;-0.014894322043220748;0.7937034544265835
19.595717;1.043548584913224;0.8307896789142136;0.7988981030242878;0.00031024208978140504;-3.828932623335502e-05;1.0433858041134578;10.023692327745792;0.8350310188846016;1.0424028494200495;1.046035986567084;0.7966819165080984;-0.014894300116477306;0.7936006748857684
19.605717;1.0435377412227003;0.8307258635879886;0.7989319421362752;0.0003186836968444543;-4.013830287587548e-05;1.0433488940897053;10.024485674362825;0.8350745962899021;1.0423353600382728;1.0460629813968845;0.7966455552412974;-0.014894277606459791;0.7934961555350308
19.615717;1.0435272171181018;0.8306607652247586;0.7989665389186548;0.0003273083087582719;-4.206231641443192e-05;1.043311163298007;10.02530407679373;0.8351191417304169;1.0422666005929737;1.0460902930949718;0.7966080795378143;-0.014894254500075551;0.7933899249369879
19.625717;1.0435170591372847;0.8305943753014495;0.7990019024757662;0.0003361179630444065;-4.406473140157956e-05;1.0432726067536737;10.026148083524747;0.8351646610737565;1.042196553093208;1.046117903624756;0.7965694495121097;-0.014894230784250211;0.7932820174303771
19.635717;1.0435073168007565;0.8305266864208244;0.7990380431404185;0.00034511473043836506;-4.614891605242966e-05;1.0432332174326904;10.027018256528013;0.8352111586900812;1.0421251991728921;1.046145793820294;0.796529622826854;-0.014894206446138748;0.7931724723294475
19.645717;1.0434980417959778;0.8304576934105452;0.7990749711832288;0.0003543006185637369;-4.831829424830428e-05;1.0431929858660733;10.027915187601145;0.835258638434491;1.042052521236369;1.0461739425124987;0.7964885555890505;-0.014894181473261837;0.7930613330907956
19.655717;1.0434892874120838;0.8303873941088953;0.7991126961469742;0.00036367732940110624;-5.057644176465598e-05;1.043151900420177;10.028839495620431;0.8353071034702975;1.0419785033438755;1.0462023256390147;0.7964462024935922;-0.014894155853575942;0.7929486482789354
19.665717;1.043481108490363;0.8303157901133683;0.7991512274601873;0.00037324615581502157;-5.2927083675110084e-05;1.0431099476414385;10.029791817100842;0.8353565558561302;1.041903130891731;1.0462309160947734;0.7964025166099274;-0.014894129575550166;0.7928344735787656
19.675717;1.0434735615498993;0.8302428879113382;0.7991905751741917;0.0003830081433251957;-5.537403194861335e-05;1.0430671134004952;10.030772815453663;0.8354069972178408;1.0418263896364444;1.0462596850059684;0.796357449554569;-0.01489410262794217;0.7927188722164914
19.685717;1.0434667041424828;0.8301686992375277;0.7992307500901791;0.00039296416696496886;-5.792121274051804e-05;1.0430233849625101;10.031783201982273;0.8354584298765124;1.0417482648735905;1.0462886013829444;0.7963109513699782;-0.014894074999148596;0.7926019139276997
19.695717;1.0434605943397277;0.830093239975559;0.7992717635360949;0.0004031147915535831;-6.0572752976652033e-05;1.042978752094533;10.032823749195504;0.835510857361446;1.0416687413151116;1.0463176304351447;0.7962629695631317;-0.014894046676908006;0.7924836746619895
19.705717;1.0434552914941937;0.8300165288852716;0.7993136279366739;0.00041346015034939167;-6.333306930893843e-05;1.0429332057111311;10.033895283864226;0.8355642841996931;1.0415878038939559;1.0463467338718757;0.7962134485402507;-0.014894017648678487;0.7923642377422853
19.715717;1.043450857569539;0.8299385870213484;0.7993563584860183;0.00042399991966302194;-6.6206921366146e-05;1.0428867354455675;10.034998658811368;0.8356187147315353;1.041505439496393;1.0463758711696158;0.7961623303679594;-0.014893987901860355;0.7922436953754108
19.725717;1.0434473585206505;0.8298594377419222;0.7993999742281089;0.00043473329967172133;-6.919935359536756e-05;1.0428393293393459;10.036134717061206;0.8356741512596346;1.0414216384325574;1.046405000170578;0.7961095558363032;-0.014893957423595103;0.7921221485288602
19.735717;1.0434448652925605;0.8297791068689843;0.7994444970166841;0.0004456589950945392;-7.231559140572042e-05;1.0427909754595845;10.037304276509307;0.8357305930937928;1.0413363944736032;1.0464340769884317;0.7960550646805695;-0.014893926200737831;0.7919997047559694
19.745717;1.043443454425044;0.8296976227292789;0.7994899493128309;0.000456775293263292;-7.556101137058995e-05;1.0427416626947492;10.038508146226892;0.8357880368575331;1.0412497039129345;1.046463054590127;0.7959987953829251;-0.014893894220037217;0.791876476620026
19.755717;1.0434432092152959;0.8296150161990258;0.7995363531434566;0.00046808026127661244;-7.894118438962858e-05;1.0426913808651712;10.039747145397094;0.835846476859446;1.0411615641936594;1.046491881360685;0.7959406853113342;-0.01489386146813917;0.791752582661246
19.765717;1.0434442205551457;0.8295313204982139;0.799583730598881;0.0004795718477740944;-8.246190030636137e-05;1.042640121355174;10.04102210255502;0.8359059052745642;1.0410719721575392;1.0465205018121289;0.7958806707583167;-0.014893827931550873;0.791628149724929
19.775717;1.04344658595347;0.8294465710822461;0.7996321044029481;0.0004912477724949279;-8.612916070646117e-05;1.0425878775586659;10.042333850663669;0.8359663122792517;1.0409809231900293;1.0465488587884169;0.7958186860648327;-0.014893793597022167;0.791503315193046
19.785717;1.0434504079144309;0.8293608065091713;0.7996814981117708;0.0005031054248320811;-8.994926137438408e-05;1.0425346440501366;10.04368323473741;0.8360276855340457;1.0408884125904436;1.0465768944767506;0.7957546622851845;-0.014893758452315876;0.7913782287020693
19.795717;1.0434557939138076;0.82927406981328;0.7997319363640503;0.0005151418316217997;-9.392891233019789e-05;1.042480415053927;10.045071121870611;0.8360900091380945;1.040794438049442;1.046604549497497;0.795688526740345;-0.014893722486391408;0.7912530535868909
19.805717;1.043462858548788;0.8291864092450156;0.799783444880292;0.0005273535065664759;-9.807516756743196e-05;1.0424251842717716;10.046498403484462;0.8361532628558619;1.0406990015164965;1.0466317616086391;0.7956202036539077;-0.014893685688609567;0.7911279685325412
19.815717;1.043471726142132;0.829097878392944;0.7998360497412786;0.0005397362987315264;-0.0001023952365410726;1.0423689459138379;10.047965993312943;0.8362174215836192;1.0406021097412224;1.0466584645397685;0.795549614447252;-0.014893648048135765;0.791003168846236
19.825717;1.0434825312733793;0.82900853615477;0.7998897758654399;0.0005522854855474272;-0.0001068964072640937;1.0423116945953168;10.04947482086105;0.8362824550010275;1.0405037734192197;1.046684587142323;0.795476677196268;-0.014893609554112865;0.7908788668309157
19.835717;1.0434954168923263;0.828918446199498;0.7999446452929374;0.0005649959682750323;-0.00011158605564479438;1.0422534244575092;10.051025826270727;0.8363483284454574;1.0404040061176667;1.0467100530983198;0.7954013069067348;-0.014893570195881937;0.7907552921867815
19.845717;1.0435105327293694;0.8288276768649947;0.8000006770950651;0.0005778623234363248;-0.00011647174695433973;1.0421941295764166;10.05261996544954;0.8364150049154642;1.0403028242522785;1.0467347805587721;0.7953234168415275;-0.014893529962813087;0.7906326927465698
19.855717;1.0435280361711876;0.828736302861085;0.8000578893424112;0.000590878708216611;-0.00012156143080375542;1.0421338049092073;10.054258221077582;0.8364824464072544;1.040200248074698;1.0467586815233008;0.7952429187653755;-0.014893488843957168;0.7905113344703774
19.865717;1.043548094483379;0.8286444076003902;0.8001163009072786;0.0006040386444553751;-0.00012686350621443773;1.0420724458510155;10.055941611565682;0.8365506142630702;1.0400963029982337;1.046781661279505;0.7951597220257687;-0.014893446827986916;0.7903915008768326
19.875717;1.0435708857848094;0.8285520848473072;0.8001759318050817;0.0006173347803899293;-0.00013238676153153511;1.0420100466796016;10.05767119467888;0.8366194693681959;1.039991020943524;1.0468036178797566;0.7950737331842365;-0.014893403903548675;0.7902734935545598
19.885717;1.0435965975577;0.8284594394632164;0.8002368026717227;0.0006307588526362277;-0.00013814042652378594;1.041946599815849;10.059448069142732;0.8366889716575828;1.0398844419401505;1.0468244416608616;0.7949848561202391;-0.014893360059483142;0.7901576340592641
19.895717;1.0436254240819012;0.8283665870079503;0.8002989342324075;0.0006443017996351445;-0.0001441343041470321;1.0418820971862783;10.061273374800168;0.8367590790041196;1.0397766156816035;1.0468440153074496;0.7948929916331936;-0.014893315284783111;0.7900442658745873
19.905717;1.0436575655740918;0.8282736525698987;0.8003623472352216;0.0006579538025406426;-0.00015037865366712886;1.0418165322061848;10.063148289208312;0.8368297469315698;1.0396676014259296;1.04686221451329;0.7947980363886473;-0.014893269568801043;0.7899337555498945
19.915717;1.043693230595614;0.8281807705032431;0.8004270621525212;0.0006717042062813598;-0.00015688379733987164;1.041749900188984;10.065074025535221;0.8369009287434699;1.0395574659956637;1.046878907753942;0.7946998818515508;-0.014893222901794928;0.7898264938248638
19.925717;1.0437326399262605;0.8280880863781992;0.8004930980805512;0.0006855414175461704;-0.00016365996168028957;1.041682198236446;10.067051835164898;0.8369725749425415;1.0394462825931883;1.0468939546593368;0.7945984142036829;-0.014893175275516313;0.7897228975130466
19.935717;1.043776028434596;0.8279957592425568;0.8005604720862941;0.0006994528079118552;-0.0001707175215930449;1.0416134273053506;10.069083010728567;0.8370446323146192;1.0393341317105245;1.046907205284208;0.7944935151852373;-0.014893126683513837;0.7896234110229788
19.945717;1.0438236446696472;0.8279039613574882;0.8006291998546047;0.0007134245450128115;-0.0001780672115295547;1.0415435959178523;10.071168881587374;0.8371170433579843;1.0392211023935556;1.0469185012391813;0.7943850634141324;-0.01489307712084655;0.78952850738583
19.955717;1.0438757503034999;0.8278128760932943;0.8006992963611511;0.0007274414216469505;-0.0001857201492974186;1.0414727214422024;10.073310799391775;0.8371897461605422;1.0391072925439453;1.0469276764120619;0.7942729361046478;-0.014893026583547703;0.789438690069606
19.965717;1.0439326199776657;0.8277226970817657;0.8007707754480924;0.0007414868319916132;-0.00019368782255037368;1.0414008274833104;10.075510122226632;0.8372626738826497;1.0389928081310307;1.0469345560578707;0.794157009487898;-0.014892975068332372;0.7893544950629088
19.975717;1.0439945416843197;0.8276336294282357;0.8008436487967159;0.0007555427874121873;-0.00020198203873850792;1.0413279407751819;10.077768212326173;0.8373357532942147;1.0388777627714227;1.0469389556196003;0.7940371573269546;-0.014892922572463158;0.7892764924370411
19.985717;1.0440618190527111;0.8275458909743635;0.8009179252762844;0.0007695897539535424;-0.00021061486409629533;1.0412540901915806;10.080086451270624;0.8374089034797585;1.0387622798361276;1.0469406797743908;0.793913249937065;-0.014892869093849967;0.7892052875461515
19.995717;1.0441347751136352;0.8274597131074514;0.800993610601972;0.0007836063968042424;-0.00021959858779897637;1.0411793071388458;10.082466256140727;0.8374820357153365;1.0386464957443504;1.0469395208678398;0.793785154036896;-0.014892814631499388;0.7891415217565074
19.999996;1.0442137540203813;0.8273753418079008;0.8010707066239107;0.0007975694734805212;-0.0002289457103737554;1.0411036263019395;10.084909079417688;0.8375550538007547;1.0385305609505688;1.0469352568554906;0.7936527322029998;-0.014892759185841849;0.7890858730140563
19.999996;1.0442991197665754;0.8272930386262924;0.8011492111894549;0.0008114539244224783;-0.00023866904273129943;1.0410270862366269;10.08741639257091;0.837627854012212;1.0906376386093375;1.099150649628151;0.7935158426000714;-0.014892702758673665;0.7890390574280828
19.999997;1.0443922089905187;0.8272142522027344;0.8012295107230107;0.000827555699478628;-0.0002465580624181865;1.0409507279647625;10.08998967559534;0.8377003245762914;1.0905219036394174;1.0991394446774367;0.793374339364485;-0.014894645352953513;0.7890018701870671
19.999998;1.0444924704134257;0.8271377611939598;0.8013108715263791;0.0008446306821507182;-0.0002537906494238196;1.0408745920669051;10.092630426196909;0.837772343927674;1.090406543681592;1.099124371859888;0.7932280736621664;-0.014897586972692087;0.7889750968276457
20.0;1.0446015806113316;0.8270648839271268;0.8013932822516012;0.0008631698335767983;-0.0002598821529138208;1.040797718766907;10.09534016575088;0.8378437780791006;1.0902917607028106;1.0991051455333827;0.7930768955594109;-0.014902527623090332;0.7889596103625778
20.000004;1.0447206680882326;0.8269973029375527;0.8014774729477973;0.0008872683475704434;-0.0002608960700803491;1.0407221502007191;10.098120310705365;0.8379144873852672;1.090177762132109;1.0990814681617396;0.7929206560089571;-0.014913467307173965;0.7889564047164875
20.000012;1.0448522575346506;0.8269365907118921;0.8015629590202696;0.0009212017099496267;-0.00025271943800344416;1.0406509262391157;10.100971783576373;0.8379843874991568;1.090064728150689;1.0990530460074308;0.7927592211657675;-0.014934406016616383;0.7889665486712354
20.000028;1.0450018088612643;0.8268872446430539;0.8016498043350941;0.0009761851710894041;-0.00022458278749745865;1.0405880779577201;10.103894537819585;0.8380535641419464;1.089952796148562;1.0990196283990443;0.7925925318786151;-0.014975343725495806;0.7889912211655989
20.00006;1.0451788427873252;0.8268559362250814;0.8017370556784594;0.0010750573879268898;-0.00015457892049091287;1.0405416415929212;10.106887327783072;0.838122288055782;1.0898421237089213;1.0989810887468856;0.7924206998877321;-0.015059280392395586;0.7890316841097289
20.000124;1.0453988839903616;0.8268561704112569;0.8018256490727481;0.0012572489420033153;-4.931087416949124e-06;1.0405307100166499;10.109947465863605;0.8381908741418133;1.0897329560806122;1.0989375282883411;0.7922440483729584;-0.015225215984787821;0.7890892743315392
20.000252;1.0456964271329021;0.8269152176731073;0.8019150617548086;0.0016077393629770557;0.00030568061702549793;1.0405894973457666;10.113069683048368;0.8382595854729328;1.089625586528557;1.0988893074227994;0.7920630564516007;-0.015556150539874967;0.7891660727896542
20.000508;1.0461350751247238;0.8270880310434723;0.802008904146084;0.0022947223568147014;0.0009380349880791398;1.040788341088509;10.116244995692993;0.83832864401869;1.0895202821728696;1.0988368936648545;0.7918783024623998;-0.01621208420321228;0.7892658464892598
20.00102;1.0468428949168804;0.8274801377572343;0.8021099043564426;0.003638832954788601;0.002198085597660411;1.0412616057723598;10.11946197325204;0.838398172598751;1.0894172773394841;1.0987805417101233;0.7916904712054198;-0.01749801719348933;0.7893962338591461
20.002044;1.0480496074523544;0.8282828171004952;0.8022251341835617;0.006235752706733788;0.004652264388770544;1.0422555339545632;10.122709422146041;0.838468059218767;1.0893168310298726;1.0987200395184649;0.7914943704231612;-0.0199719497658603;0.7895681353079079
20.004092;1.050134341373132;0.8297863395090448;0.8023421527468504;0.011054140122030875;0.009214613654119417;1.0441701085870012;10.12597686440495;0.8385379182159137;1.0892193254902522;1.0986547940167675;0.7912648787731508;-0.02453088222034372;0.7897936996468217
20.00614;1.0520317777700485;0.831074742222171;0.8023974928023653;0.015376054561935854;0.013290867699519014;1.0458780234121923;10.129252142663706;0.8386072026861253;1.0891252515635168;1.0985841489064132;0.7909888641041671;-0.028590814889090557;0.7899978953488471
20.008188;1.0537463688078943;0.8321427541079158;0.8023822687566592;0.019209832012027576;0.016893728658024472;1.0473847565080916;10.132519189910031;0.8386754396243515;1.0890349845248692;1.0985075283069743;0.7906582024097287;-0.032178748093013625;0.7901651562013434
20.010236;1.0552920404339348;0.8329970926215519;0.8022916798391673;0.02258443862754089;0.020054652178608398;1.0487025692238912;10.135758451949235;0.8387424894907296;1.0889486651933136;1.0984244128168432;0.7902688394332242;-0.035327682116063346;0.7902854293931542
20.012284;1.0566825772617034;0.833650855426862;0.8021269777567243;0.02553174967146635;0.02280706415535482;1.0498465009692464;10.13894883173131;0.8388085319929156;1.0888664190353379;1.0983344503916987;0.7898227202321024;-0.03807161719294771;0.7903558655371891
20.013201;1.0573912215015324;0.8338521454731497;0.8020466170509659;0.02672947385812899;0.02391269539825334;1.0502595377928632;10.142069221054676;0.8388737134730064;1.0887886208645619;1.0982376217599865;0.7895036545185026;-0.03918055351072669;0.7904933262319571
20.013201;1.057633829167692;0.8337966056037344;0.802071340644774;0.026733387594337674;0.023898255247698293;1.0501697365935967;10.145099263772105;0.8389378694535531;1.0887158412429014;1.098134233409957;0.7893222764572398;-0.03918049121801321;0.7907261872426483
20.013202;1.057882270879917;0.8337397344467016;0.8020854589571099;0.02673644963747893;0.023884685076714995;1.05007617431044;10.148019278258928;0.8390005722514133;1.0886485317611665;1.0980247288742724;0.7891451194524624;-0.03918143041974463;0.7909740466040039
20.013203;1.0581340330478384;0.8336809591557411;0.8020894600121568;0.02673826900521396;0.02387171642445046;1.0499759213870132;10.150810245552629;0.8390613100789779;1.0885868415962692;1.097909476051943;0.7889727627081199;-0.039182371200998566;0.7912366405133106
20.013205;1.0583904864952083;0.8336187373886986;0.8020799545209826;0.0267387971972881;0.023859276698183614;1.0498701120415097;10.153455042008392;0.8391196160127472;1.0885306976377096;1.0977887137023048;0.788804902235572;-0.03918431367914935;0.7915126998539924
20.013209;1.0586511181482332;0.833554269803275;0.802057400466652;0.026740964489245157;0.023850121606158244;1.049758044382239;10.155940115103533;0.8391751266576316;1.0884799056947718;1.0976625753802813;0.7886442546455048;-0.03918925799431759;0.7918038123005602
20.013217;1.0589166606815528;0.8334880990109823;0.8020206029143329;0.026746458997755372;0.02384577754548569;1.0496402264219775;10.158255885967963;0.8392275294849515;1.088434176909356;1.0975310322863636;0.7884884477364928;-0.03919820424587449;0.792106425811525
20.013233;1.0591878755067718;0.833420046769286;0.8019678016083513;0.026757818079387315;0.023848564275608587;1.0495193250214563;10.160395548471321;0.8392764691872184;1.0883931350919103;1.0973939065123972;0.7883400274045784;-0.03921715248471183;0.7924221899287603
20.013265;1.0594689786396092;0.8333535078290097;0.8018983889720249;0.026789882241374796;0.023872369662601756;1.0493981205716176;10.162354046735574;0.8393215809160821;1.088356317802525;1.0972511055551881;0.7881965537482265;-0.03925410278510207;0.7927478072989507
20.013329;1.0597669856377756;0.8332923324612709;0.8018105657299472;0.026859168064876253;0.02393259462666441;1.0492845863154925;10.16412864276008;0.839362617132844;1.0883232308616897;1.0971028831077851;0.7880566737383031;-0.03932805530028217;0.7930814868377051
20.013457;1.0600977491654182;0.8332453996757627;0.8017010950503661;0.027004330426077514;0.024065442579568906;1.0491960079317304;10.165719599734603;0.8393995408761149;1.0882934907369712;1.096949836215967;0.7879160522879248;-0.03947401023400325;0.7934192501194232
20.013713;1.0604908232451573;0.8332258382940146;0.8015607122251814;0.027301968688364247;0.024342771191818338;1.0491649616884842;10.16712930457735;0.8394325333107959;1.0882669530840456;1.0967926969189248;0.7877652430031602;-0.03976396778134384;0.7937540583397196
20.014225;1.0610035349912923;0.8332578172248032;0.8013695774019998;0.02789284186213562;0.024896464017233763;1.0492502440109648;10.168361070696012;0.8394618790438857;1.088243702155857;1.0966322532258435;0.7875816623923919;-0.04032592810619078;0.7940689208927993
20.015249;1.0617347749125499;0.8333731400873721;0.8010833570780918;0.029025084370203572;0.0259586570050123;1.0495599303237888;10.169418927413926;0.8394877651817635;1.088223938468049;1.0964694475039267;0.7873146542610884;-0.04138989133522893;0.7943246750986147
20.017297;1.0628360442191425;0.8335779803875886;0.8005934711846316;0.031063174328632804;0.027868893092218103;1.0502513914995748;10.170307742704695;0.8395101641160165;1.088207899983168;1.09630538093345;0.7868495834479653;-0.043290857555654316;0.7944258062520628
20.019345;1.063826740410134;0.8336480243531367;0.8000498063021665;0.0328059613043976;0.02950092430770861;1.0508231447841212;10.17103314531237;0.8395288700861002;1.0881958403238938;1.0961411288740952;0.7863569154364759;-0.044911826828635246;0.7944835891571972
20.021393;1.0647176321244867;0.8336014901259888;0.7994605120768843;0.03428479012536941;0.0308850250864396;1.0512877243602659;10.171601089391814;0.8395435765601623;1.08818804707394;1.0959775618248397;0.7858431884829395;-0.046284799185534055;0.7945034327972429
20.023441;1.0655208964004748;0.8334617063725749;0.7988375710143424;0.035531415625985316;0.032051530534006376;1.0516596685091733;10.172016915479318;0.8395539972100867;1.0881848940478547;1.0958153026497646;0.7853188984305962;-0.04743677461180524;0.7944949104541195
20.025489;1.0662437412317303;0.8332435473423605;0.798188787493691;0.03657415954402745;0.03302744606250712;1.0519515659277474;10.1722844820076;0.8395600140891881;1.088186858493039;1.0956547377055479;0.7847904066995033;-0.048398753055999374;0.7944641310878593
20.027537;1.0668955131929125;0.8329638244695765;0.7975221587427123;0.03743953626564994;0.033837825967578575;1.0521750628412585;10.172405948469033;0.839561679738134;1.0881945012038636;1.0954960613077638;0.7842658832749679;-0.04919373445225483;0.7944189729879136
20.029585;1.067483641840397;0.8326387540721714;0.7968465568355511;0.0381535523241833;0.03450716432741113;1.0523427690913068;10.172381965664036;0.8395591117286215;1.0882083964259477;1.0953394310507554;0.7837512676722166;-0.04984671874168167;0.7943655933051387
20.031633;1.0680152356205126;0.8322822435211576;0.7961691080937557;0.03873598932413367;0.03505397705830468;1.0524631990627586;10.172212169029786;0.8395524455283426;1.0882289707109585;1.0951851218008324;0.7832502769072175;-0.0503777058830793;0.7943078662210875
20.033681;1.0684950758970417;0.8319048975032183;0.7954959718755111;0.03920849407764812;0.03549851968920058;1.0525458759960638;10.171896159776137;0.8395418039244912;1.0882564039875775;1.0950334371627144;0.7827694912538937;-0.05080369583739607;0.7942524383893161
20.035729;1.0689278918386436;0.8315167427272305;0.7948332901159674;0.039587668579332;0.035856203608802456;1.0525984403783624;10.171434332274709;0.8395272194261776;1.0882906289107537;1.0948844801192987;0.782310471189478;-0.051143688539890035;0.7942011014033962
20.037777;1.0693184213416724;0.8311271569833307;0.7941869704121811;0.03988754725687586;0.03613998063534265;1.0526305836110412;10.170827896289222;0.8395086056709098;1.0883312853859237;1.0947381222293284;0.7818777854025442;-0.051409683885925386;0.7941582389675321
20.039825;1.0696690265129458;0.8307411255813718;0.79356072623878;0.04012282027014215;0.03636351774411012;1.052646867725675;10.17007854372555;0.8394858047324832;1.088377730071317;1.0945940791509199;0.781471981130517;-0.05161468174793431;0.7941244085163249
20.041873;1.069983591110614;0.8303655969308407;0.792958962094009;0.0403039624595206;0.03653647662924437;1.0526535601957319;10.16918758927759;0.8394586041871167;1.0884292270416691;1.0944518264821428;0.7810966336925428;-0.051770682006322;0.7941032864579164
20.045969;1.0703444779715072;0.8296463247393787;0.7919867804334039;0.04056243909920226;0.03677983285402076;1.0527375335983378;10.168154178131282;0.8394267313393525;1.0884851937108284;1.0943105089978515;0.7803524151474467;-0.05197568454157398;0.7937022729061801
20.050065;1.070634340627157;0.8289829184012222;0.7911087927930586;0.040701972846562864;0.036912564705485255;1.052781211852167;10.166974301087514;0.8393899262494635;1.0885453111917807;1.0941690733837866;0.7797030738968976;-0.05207368920820459;0.7933734176420584
20.054161;1.0708708382565835;0.8283903671055526;0.7903259310896927;0.040763896955639596;0.03697299816190323;1.052802538131501;10.16564148811949;0.8393480046355243;1.0886094386918375;1.0940265663429734;0.7791494048603204;-0.05210369584813408;0.7931195942912479
20.058257;1.0710641275849502;0.827876444118597;0.7896380767651625;0.04078136184687077;0.03699201152162138;1.0528130418313042;10.16414761198775;0.839300754534235;1.0886775213213802;1.0938823751666624;0.7786882891418213;-0.05209570433183322;0.7929391788255533
20.062353;1.0712228148097016;0.8274431801447246;0.789041054173782;0.04077563514369971;0.036989357976724424;1.05282210277009;10.162483503932389;0.8392477782410999;1.0887496360482865;1.0937362068933532;0.7783147304948813;-0.05206871460315882;0.7928278744781011
20.066449;1.0713528244527153;0.827088772677089;0.7885290878169289;0.040762421054941995;0.03697967019693919;1.0528352661077438;10.160639634074714;0.8391884778721896;1.0888259893475591;1.0935878194909603;0.7780217674800524;-0.052038726678936914;0.7927792249963748
20.070545;1.0714591561928886;0.8268076826933111;0.7880934944598038;0.040749860496913586;0.03697051791452618;1.052858336603259;10.15860595170874;0.8391222408632589;1.088906793808904;1.0934367775244496;0.7778002974793846;-0.05201174057194155;0.7927841253435285
20.078737;1.071568423663011;0.8263380614699147;0.7874681702439321;0.040752369294357396;0.03697463593870634;1.0529172610972501;10.156371945734392;0.8390487410961543;1.0889922242908854;1.0932824228945277;0.7773840490267064;-0.05198775622348022;0.7925766466917828
20.086929;1.07165982452564;0.826051923902613;0.7870202900844393;0.040789128561204306;0.03701093188651452;1.0529910223206254;10.153929147618278;0.838968121956041;1.0890824314515382;1.0931239758451718;0.7771387558073024;-0.05200277350116687;0.7925238311469242
20.096929;1.0717487756314785;0.8258576782856487;0.7866540030461983;0.04087756415719592;0.037095346512956165;1.05309363308514;10.1512741855749;0.8388809314850438;1.089177424876619;1.0929606538208274;0.7769662652810329;-0.052070792226317344;0.7925281424066324
20.106929;1.0718251393791631;0.8257987225855921;0.7864200559474696;0.04100450427466525;0.03721586898236906;1.0532151377458314;10.148408959791848;0.8387879703192364;1.0892769435593193;1.092791732749248;0.7769204467751559;-0.05217981220924444;0.7926419082515525
20.116929;1.0718905312331632;0.8258247783885384;0.7862720654871673;0.04115623280144255;0.03735954377055;1.0533555229515634;10.145338454031114;0.8386902294205535;1.0893804743794708;1.0926165545961817;0.7769520974103927;-0.0523158332740408;0.7928146656084223
20.126929;1.0719434478992949;0.8259003943891373;0.7861795312996707;0.04132261136193397;0.03751689874774805;1.0535126252776148;10.142068320292328;0.8385888663735708;1.0894873022045022;1.0924345779970246;0.7770320050910766;-0.05246685526515224;0.7930161812000739
20.136929;1.0719826322201855;0.8260043576952543;0.786124808497578;0.04149359799547019;0.0376785526710815;1.0536831726522002;10.138603812852866;0.8384851109926589;1.089596605331294;1.0922453777209618;0.777141056773289;-0.052624878062351055;0.793226411979972
20.146929;1.0720093949911589;0.8261249476676966;0.7860970089923949;0.04166957610305711;0.03784487227305762;1.0538668246533833;10.134950323142343;0.83838012972024;1.089707625039963;1.0920485415194154;0.7772702811611458;-0.05278590161363959;0.7934353805370258
20.156929;1.072023093752901;0.8262551820596551;0.7860908654538826;0.041845709326956367;0.038011395144276136;1.0540640887146522;10.131113396420648;0.8382749260821231;1.0898196691827817;1.0918436874925976;0.7774147995440237;-0.05294892595284831;0.7936372302585857
20.166929;1.0720238082859106;0.8263930904210994;0.786104927562544;0.042021953511518904;0.03817813895863329;1.054271333491637;10.127097522113932;0.838170295752456;1.0899319632220679;1.0916306608028128;0.7775707165026228;-0.05311095117604263;0.793827088902399
20.176929;1.0720117733884784;0.8265341857999133;0.7861348641374883;0.04219687342861481;0.03834377497219908;1.0544910219773032;10.122905613449214;0.838066829295088;1.0900435685136394;1.0914096517558909;0.7777371150204359;-0.05327397739908608;0.7940035978137778
20.186929;1.071987946893441;0.8266808710864618;0.7861821046255214;0.042372440810980495;0.0385101459220926;1.0547218863198393;10.118539828723558;0.8379650091142055;1.090153367667687;1.091181093520149;0.7779131270507039;-0.053436004719437165;0.7941652809048176
20.196929;1.0719531638621806;0.8268314154641638;0.7862443596538726;0.04254870566847912;0.038677308080255574;1.0549628577965748;10.114002656706397;0.8378654038240857;1.0902601140497734;1.0909455325613449;0.7780998563838901;-0.05359903319164545;0.7943130779888437
20.206929;1.0719077796978025;0.8269876564751241;0.7863231125488992;0.042722969757551583;0.03884276739348541;1.055214929649194;10.109297703117422;0.8377688239686565;1.090362609070931;1.090703626062091;0.7782942009435078;-0.05376006284056338;0.7944437191663652
20.216929;1.0718522804926482;0.8271474633994417;0.7864158649858214;0.04289823601700485;0.039009388471869806;1.0554780340904366;10.104430342576004;0.8376762999736775;1.090459926063666;1.090456192353749;0.7784988114066071;-0.05392209370110157;0.7945603813597863
20.226929;1.0717859785061252;0.8273110047730825;0.7865230074691595;0.04307128338993425;0.03917419298885403;1.055751903786786;10.099408186229326;0.8375888332188581;1.09055147731298;1.0902042002677268;0.7787101976486815;-0.05408312583999083;0.7946599038145691
20.236929;1.0717103325616533;0.8274779373666331;0.7866429417226943;0.043246028052213066;0.039340822238942905;1.0560360612761774;10.094241198906488;0.8375070921423879;1.0906369027482465;1.0899486739435629;0.7789298054862219;-0.05424415935098718;0.7947442626444865
20.246929;1.0716250368093463;0.827648169928219;0.7867759244414163;0.04341864643936448;0.0395056930394135;1.0563289199178527;10.088941358589043;0.837431351004288;1.0907159952964989;1.08969062071058;0.7791560533538592;-0.05440519435747543;0.7948123312291905
20.256929;1.0715307330346373;0.8278209913155478;0.7869213875515588;0.04359098229774788;0.03967053191094168;1.0566318589414387;10.08352191627616;0.8373616333082338;1.090788719129062;1.0894310685760868;0.779388436657635;-0.054565231033442546;0.7948639570828396
20.266929;1.0714278172276868;0.827995987174894;0.7870797188067888;0.04376186080934155;0.03983425013674629;1.0569423436215442;10.07799649192313;0.8372977939578792;1.0908551964297497;1.0891711014201062;0.7796266164439817;-0.05472526959986378;0.7948992432656008
20.276929;1.0713161189052491;0.8281712972861186;0.7872506920990345;0.043933311849279275;0.03999882466789752;1.0572610472419879;10.072378057118883;0.8372395238198705;1.0909155938470718;1.088911735938333;0.7798703609803412;-0.05488431030715921;0.7949182482870527
20.286929;1.071197528333482;0.8283474270229596;0.7874347976613587;0.04410224815358103;0.040161360318006406;1.0575878015957576;10.066678276971768;0.8371863827884519;1.0909699670597548;1.0886537838792734;0.7801204544159963;-0.05504335343846822;0.7949222162460216
20.296929;1.0710709507273672;0.8285214872713926;0.7876312860489926;0.0442720355477626;0.04032514753478476;1.0579224791089794;10.060908038462651;0.8371378244135358;1.0910182472985388;1.0883979717753083;0.7803746950260024;-0.05520239926936154;0.7949094326369659
20.306929;1.0709377416947954;0.828694606682362;0.7878410150884048;0.04443908580134167;0.0404868098360131;1.0582639158179483;10.055079296163537;0.8370931879763165;1.0910603862470978;1.0881451591758253;0.7806348908925799;-0.055360447963133975;0.7948822522456009
20.316929;1.070798455717317;0.8288653823254553;0.7880627077730409;0.04460754919719931;0.040650257000593944;1.0586137826499862;10.049206800902367;0.8370517128606083;1.091096458110172;1.0878962647293091;0.7808998071794173;-0.055518499508458004;0.794840260427036
20.326929;1.0706516192702138;0.829032756986391;0.7882967330590062;0.04477383837247635;0.04081217398987707;1.0589694755640398;10.043307818794704;0.837012567139142;1.0911266333531733;1.0876520069539302;0.7811691460859823;-0.05567655374825729;0.7947840463124038
20.336929;1.0704993334528758;0.8291972991004134;0.7885424130092507;0.04493946522497897;0.04097387781443148;1.0593311942585322;10.037400757040476;0.8369748762724005;1.0911510651899015;1.0874128516067216;0.7814425758533322;-0.05583361044357329;0.7947143070643384
20.346929;1.0703398786962495;0.8293570923444845;0.7887996996241462;0.045104461375098714;0.04113541630276546;1.0596981387748474;10.031504556652084;0.836937776117375;1.0911698192516013;1.0871791679161684;0.7817198015576787;-0.05599066933198678;0.7946321185363608
20.356929;1.0701737028387277;0.8295112970342018;0.789067933964606;0.04526828148169865;0.041296209522194226;1.0600695862068203;10.025638007629704;0.8369004427816041;1.091183025472084;1.0869513651252707;0.7820016880836113;-0.05614673016421299;0.7945396341920183
20.366929;1.0700017084103972;0.8296595908479811;0.7893463739096398;0.045432511330162656;0.04145770075396101;1.0604438020547902;10.019818606499987;0.8368620735790816;1.0911911247983401;1.0867299207643681;0.7822862885723516;-0.05630279270682831;0.7944362914785568
20.376929;1.0698237957294618;0.829801407653995;0.7896345221288955;0.04559457094242314;0.041617507191308335;1.0608220057925728;10.014062540662849;0.8368218896303513;1.0911948919058592;1.0865153521449513;0.7825757208700235;-0.056458856722589816;0.7943254082817239
20.386929;1.0696408032430325;0.8299361834559584;0.7899309714383219;0.04575643284947175;0.041777520708814034;1.061201434736243;10.008385937296907;0.8367791620072856;1.0911952761971289;1.0863081856458563;0.7828681015616618;-0.05661492195280589;0.7942061344702069
20.396929;1.06945263255024;0.8300633882583048;0.7902348223037672;0.045918020370978495;0.04193773364514632;1.0615823256720165;10.002805516736252;0.8367332189449836;1.0911932834280436;1.0861089297413113;0.7831655527592878;-0.05676998810723667;0.7940813453460385
20.406929;1.0692612564318758;0.8301836578807161;0.7905445344794444;0.04607868296872461;0.042097496676757926;1.0619638931194624;9.997337452580387;0.8366834951424366;1.0911898819422585;1.0859180437037932;0.783467175581742;-0.056924054858481114;0.7939508771673706
20.416929;1.0690660594655053;0.8302958475365048;0.7908586007786872;0.04624045232445864;0.042258784154920265;1.0623454825062915;9.991995978561302;0.8366296162785851;1.0911859105557606;1.085735844005484;0.7837730518179371;-0.057079121870003066;0.7938156535921183
20.426929;1.0688679775358343;0.8304007129339164;0.7911759946386707;0.04640060071324205;0.04241903563918395;1.0627257610472518;9.986793464416122;0.8365713665719153;1.0911819902268856;1.0855624352604363;0.7840832427004865;-0.05723318884435667;0.7936763001155528
20.436929;1.0686678556027642;0.8304981339075451;0.791494851978883;0.04656188363203309;0.04258083854988318;1.0631067143312096;9.981740994691986;0.8365085565712331;1.091178325414565;1.0853978784408407;0.784398727154271;-0.05738625553393917;0.7935346420189322
20.446929;1.0684651010402195;0.8305874048562104;0.7918137209578224;0.04672288669999476;0.042742889234890724;1.0634864160556394;9.976848141481904;0.8364409882758785;1.0911745883914246;1.0852424285728108;0.7847173711672527;-0.057540321733152815;0.7933897258106375
20.456929;1.068259219808659;0.8306682068943905;0.7921312116259736;0.04688431576765756;0.04290585059825567;1.063865813459057;9.972122167116428;0.8363685411983897;1.0911702325127075;1.085096500240928;0.7850409506129872;-0.057693387274707436;0.7932442905276333
20.466929;1.0680504252320386;0.8307405037181395;0.7924454355992545;0.04704571048505629;0.043069258287405446;1.064244772448413;9.96756805826297;0.8362912285765505;1.0911649605446507;1.084960470094453;0.7853681837091042;-0.057845452009515096;0.793098150249026
20.476929;1.067840209491623;0.8308055470930594;0.7927547107918552;0.047208518720816564;0.04323439802115579;1.064623216126129;9.9631900350356;0.8362092048704496;1.091158872928608;1.0848346052031785;0.7856987798922097;-0.05799851579400906;0.7929521404955647
20.486929;1.067626292915126;0.8308620411005493;0.7930578242805295;0.04737056967308265;0.043399309091945115;1.0650010665558522;9.95899269666738;0.8361227894694054;1.0911523809385915;1.0847190839964223;0.78603244176983;-0.05815057848909588;0.792806692533707
20.496929;1.067410675216227;0.8309111556545564;0.7933528155366624;0.047534437912125915;0.043566297962071655;1.0653770302320982;9.954980568297527;0.8360324583447202;1.0911461126889024;1.0846139720258756;0.7863687784059813;-0.05830163994354486;0.7926623123617709
20.506929;1.0671926356970323;0.8309526954519488;0.7936386011364526;0.04769853186293867;0.04373383916771145;1.065752474473382;9.951157138195745;0.8359387695310387;1.0911408176449688;1.0845192218502844;0.7867072500799346;-0.058453699984578195;0.7925195303610391
20.516929;1.0669743538244267;0.8309868157187685;0.7939126801419444;0.04786260359040318;0.04390153241517624;1.0661245488015465;9.947524476410903;0.8358422840679279;1.0911372421761014;1.084434786851413;0.7870471679969471;-0.05860375843633961;0.7923782643003006
20.526929;1.0667551997358287;0.8310147889626738;0.7941761498098685;0.04802932870192888;0.04407184957803192;1.0664934283098162;9.944083496799704;0.8357435448311595;1.0911360144410673;1.0843607132451094;0.7873886342748081;-0.058754815148754067;0.7922396159876435
20.536929;1.0665364826450603;0.8310363808424279;0.7944275472382156;0.0481955744307321;0.044241744798569314;1.0668584192776696;9.940833967134068;0.8356430949234587;1.0911376168159508;1.0842970466304982;0.7877284819093493;-0.058904870007540064;0.7921012148747498
20.546929;1.0663208789363499;0.831052622218846;0.7946656020337859;0.0483638444993912;0.04441343143259134;1.0672178428125567;9.937773909881694;0.8355414610977598;1.0911423844322543;1.0842436433567932;0.7880673544419444;-0.05905492291114677;0.7919649809523004
20.556929;1.0661063498863035;0.831061279361387;0.7948892615862362;0.048533960789389964;0.04458681733248664;1.0675728677327943;9.93489937805365;0.8354391083221527;1.091150466474213;1.0842000731337487;0.788402853289743;-0.059204973739666135;0.7918298805040708
20.566929;1.065896487978472;0.8310649329319231;0.7950976123910988;0.048703478856720855;0.044759460878248475;1.0679205540968282;9.932205118255744;0.8353364393364289;1.0911618180736964;1.0841657511527798;0.7887336131271844;-0.05935402234410157;0.7916958243929901
20.576929;1.0656919007898145;0.8310628502047709;0.7952886803570055;0.04887522102419597;0.04493401345576441;1.0682620553412658;9.929685496683444;0.8352338206076845;1.0911761884451237;1.0841402417819903;0.7890583303018047;-0.059503068558194844;0.7915628123440616
20.586929;1.0654922997824985;0.8310531958408395;0.7954601315892496;0.04904707871664034;0.045108545744803726;1.0685947074663935;9.92733518588321;0.8351315779134557;1.0911931144126539;1.0841233772736911;0.7893757732977963;-0.059651112229615;0.791430594803591
20.596929;1.0652992820704652;0.8310383084131524;0.7956123477473435;0.049219851771685044;0.0452837822972917;1.0689190289353208;9.925149875940981;0.8350299925385364;1.0912120722601628;1.0841151116499468;0.7896857545292529;-0.05980015324706989;0.7913000290461215
20.606929;1.065114443862225;0.8310173059645438;0.7957430312591712;0.049394652796976427;0.045460727629116036;1.069233779039208;9.923126579719435;0.8349292952154925;1.091232711383008;1.0841153845057099;0.7899851216249885;-0.05994819153242651;0.7911685475571271
20.616929;1.0649386961042293;0.8309899653585916;0.7958514167040871;0.04957068784746118;0.0456386063216382;1.0695410048789122;9.92126298750331;0.8348296404080923;1.091254868066882;1.084124072687222;0.7902747695814532;-0.06009522701829359;0.7910376502575602
20.626929;1.0647734059105198;0.8309566873868726;0.7959372928608087;0.04974682692270153;0.045816285733387516;1.0698389577835556;9.919557419660737;0.8347311398190597;1.0912783830444035;1.0841410339079247;0.790551633005264;-0.060242259643543614;0.7909049321176679
20.636929;1.0646196741945066;0.8309173912819006;0.7960003563265741;0.04992232985064274;0.045992975649388645;1.0701299432037001;9.918010112954185;0.8346339324195872;1.0913030826807677;1.0841662517015578;0.7908166967222808;-0.06038928936665701;0.7907719237648453
20.646929;1.064478327694049;0.8308699654044923;0.7960386319967021;0.050100834489413444;0.046171976258495985;1.0704122409543029;9.916623407254061;0.8345381878096024;1.0913289779605015;1.0841998903462884;0.7910680647642621;-0.060536316175738805;0.7906371943291653
20.656929;1.064351700864118;0.8308188260678572;0.7960549898497362;0.05027962012929783;0.04635053510889331;1.0706871401244467;9.915399411497726;0.8344440792080606;1.0913563809963303;1.0842421126282586;0.7913050377606452;-0.060682340083441054;0.7905002831528846
20.666929;1.0642379793848173;0.8307615242549629;0.7960485616789692;0.05045866477665841;0.046528601624194775;1.070955021937627;9.9143379825914;0.8343517345247211;1.091385813690349;1.0842928568338266;0.7915280816932826;-0.06082836114262899;0.7903619948912115
20.676929;1.0641373822481768;0.8306985801513944;0.7960194693857692;0.05063810422185362;0.046706174366447625;1.0712153513765772;9.913437683689079;0.8342611611526957;1.0914177664293787;1.084351889194206;0.7917347457387848;-0.06097337948687381;0.7902202513314761
20.686929;1.064048729055465;0.8306287662934919;0.7959670389901676;0.05081925147687176;0.046884434593465474;1.0714705745866757;9.912697743973828;0.8341722664646143;1.0914524188013073;1.0844190511402947;0.7919257146596359;-0.061119395340120626;0.7900765273770566
20.696929;1.0639726566528682;0.8305559578224492;0.7958939272805302;0.05100161941566507;0.0470628242692769;1.0717190221618145;9.912118532938763;0.8340849661589018;1.0914895719348503;1.0844943028772245;0.7921019044716859;-0.06126440899309178;0.7899321953216407
20.706929;1.06390723779882;0.8304789315349522;0.795799834486828;0.051183864104836066;0.04724012448542491;1.071961864941179;9.911701077091182;0.8339992908788585;1.0915287871912756;1.0845775048200468;0.7922624026999571;-0.06140842079301138;0.7897868940916588
20.716929;1.0638506778886454;0.8303970264965377;0.7956849794206272;0.05136725869356435;0.047417590200968744;1.0721991936393847;9.91144672628536;0.8339154832393303;1.0915695104654806;1.0846682317622804;0.7924063778724665;-0.06155243113972536;0.7896404624025678
20.726929;1.0638032536321809;0.8303118744983987;0.7955503776249135;0.05155045905629609;0.04759392580775085;1.0724311919351837;9.911357197783191;0.8338340117990857;1.091611226826236;1.0847657599182703;0.79253612676809;-0.06169644044984081;0.7894957451613914
20.736929;1.0637641297472342;0.830221965381329;0.7953950348959047;0.05173459411294527;0.04777019021321641;1.0726582408756975;9.911434308963344;0.8337554531683493;1.0916536685437999;1.0848691937689545;0.7926511207878152;-0.06184044911567251;0.7893525405285893
20.746929;1.0637334115083876;0.8301314005441951;0.795222579539425;0.051918443710248965;0.047945187979988396;1.0728808547362532;9.911679095174039;0.8336803733084492;1.0916968581297208;1.0849776791104546;0.792752903056194;-0.061983457485137713;0.789212362798585
20.756929;1.0637102850442406;0.8300381545588499;0.7950316240898638;0.05210423464683759;0.04812100292280596;1.0730984966304151;9.912091480541118;0.8336093157195427;1.0917408555598611;1.0850906100321032;0.7928399357250802;-0.06212646584787888;0.7890736539636629
20.766929;1.0636932451778733;0.8299412292204983;0.7948224540138135;0.052289463652537345;0.04829532842246922;1.0733125014502143;9.912670294952484;0.8335427892331244;1.0917854110032466;1.0852076930710877;0.7929135141539042;-0.06226947445745545;0.7889375619876733
20.776929;1.0636836271557248;0.8298442344417588;0.7945977867138577;0.052475500839457324;0.048469388658625975;1.0735231664659806;9.91341210970221;0.8334811810795849;1.091829874935862;1.0853287833514473;0.7929747823211373;-0.06241148358979277;0.7888050020539479
20.786929;1.0636787133470624;0.8297452285522721;0.7943579442579779;0.052661134287288254;0.048642166355740736;1.073730812424813;9.914309657540786;0.8334247155944368;1.0918734176816551;1.085453648358011;0.7930218808143557;-0.0625534935777534;0.78867390992194
20.796929;1.063678310286438;0.8296453229284917;0.7941038205107054;0.052847219021964445;0.04881443600730182;1.0739358416458138;9.915351889021188;0.833373520398364;1.0919152975772264;1.085581902408305;0.7930570892432357;-0.06269550480634213;0.7885459818728462
20.806929;1.0636811562812583;0.8295442868328722;0.7938355773498404;0.0530333417599938;0.04898579370312029;1.0741388769925697;9.916525907190495;0.833327729224719;1.091954975953178;1.0857131110438243;0.7930797613767535;-0.06283651767373291;0.7884197744298647
20.816929;1.0636862159566014;0.8294456835783927;0.7935568522589739;0.053219047286580896;0.049155752934901;1.0743398058757636;9.917819150510319;0.8332875273545381;1.0919921533338894;1.085846864602163;0.7930901410965229;-0.06297753253438533;0.7882949783906529
20.826929;1.0636918413739886;0.8293482269789691;0.7932673598474977;0.05340533263993088;0.04932518929412583;1.074541634555038;9.919220459443327;0.8332531516975491;1.0920268882654365;1.0859826701927329;0.7930883251840788;-0.06311854968641352;0.7881711294228146
20.836929;1.0636994281064254;0.8292532096251528;0.7929670964656171;0.05359153380774159;0.04949326426662904;1.074743267510808;9.920720150689597;0.8332249198416419;1.0920596396720728;1.0861198139175263;0.7930744254474712;-0.06325956941678453;0.7880476453083551
20.846929;1.063706478111116;0.8291625432848557;0.7926594878610953;0.05377761418045699;0.04965990755887017;1.0749463438466171;9.92230974811242;0.8332031176484538;1.0920910456233939;1.0862574777166023;0.7930497022371269;-0.06339959203630405;0.7879248026162938
20.856929;1.0637132224902095;0.8290763505448665;0.7923441600301809;0.05396419831105305;0.04982556597653852;1.0751512257453948;9.92398140934645;0.8331877002090325;1.0921216282823496;1.0863949527454706;0.7930125061696203;-0.0635396178619609;0.7878001481833443
20.866929;1.0637188742715649;0.8289944344024271;0.7920209690808667;0.05415093832991941;0.049989867197790964;1.0753580822216193;9.925726821791255;0.8331782425321153;1.0921516204724495;1.0865316297418528;0.7929651533798332;-0.06367864718059858;0.7876752638489086
20.876929;1.0637227103699693;0.8289204085147299;0.7916931649272084;0.05433736828187215;0.05015238312902733;1.0755658762391245;9.927536209971539;0.8331742504917985;1.0921810262524352;1.086666937918188;0.7929059306415737;-0.06381768024437291;0.7875480990626498
20.886929;1.0637241812908866;0.8288537454397695;0.7913600849765334;0.054524215731022126;0.05031385592038199;1.0757762884434967;9.929398357586173;0.8331753916176002;1.092209957284414;1.0868004416650292;0.792837196605485;-0.06395671727789547;0.7874206525333248
20.896929;1.0637228656210738;0.8287941115971804;0.7910212834141098;0.05471104120509453;0.05047397804302306;1.0759867693262528;9.931301316528753;0.8331814692798255;1.0922389130910322;1.086931904575598;0.7927584346258424;-0.06409575846391646;0.787292061291835
20.906929;1.0637173297813445;0.8287439950894935;0.790679704998562;0.05489746868188699;0.050632585456956744;1.0761976304675622;9.93323320221049;0.8331923409609986;1.0922686427797657;1.0870612502881116;0.7926702470727113;-0.06423380393374521;0.7871624632651263
20.916929;1.0637081357235945;0.8287033227091358;0.790334522361327;0.05508473739934276;0.05079095379591678;1.0764080433696146;9.93518292217545;0.8332079149971852;1.0922997464337603;1.0871885693905194;0.7925732806768571;-0.0643718537759514;0.7870321650996919
20.926929;1.0636938092211077;0.8286711893919642;0.7899858978275279;0.055269708332281606;0.0509463574642598;1.0766170614981316;9.937140102225573;0.8332281708444105;1.0923324578308276;1.0873140393298357;0.7924690792403284;-0.06450890805402866;0.7869022861562545
20.936929;1.0636737205267404;0.8286494382475397;0.7896361719678562;0.05545597249966278;0.0511023343817923;1.0768236954271868;9.939094178542438;0.8332530701400496;1.0923667650857898;1.087437678309548;0.792356003958127;-0.06464696681990341;0.7867712505088736
20.946929;1.063646989169277;0.8286380302931423;0.7892860822132015;0.05563966976887558;0.051255414610293315;1.0770269752382293;9.94103439941809;0.8332823843580779;1.09240264269962;1.0875592703716026;0.7922362808626402;-0.06478403009961144;0.7866412497593905
20.956929;1.0636126962141434;0.8286347822550001;0.7889342362469687;0.05582375781784689;0.051408470758550186;1.0772250309986378;9.942951417052736;0.8333156740494104;1.0924401212716879;1.087678546083153;0.7921081126509651;-0.06492009786497267;0.7865107296721247
20.966929;1.0635690082802571;0.8286417720952821;0.7885838447710152;0.05600675844931071;0.05156022405414033;1.0774182129720324;9.944838514223724;0.8333524620075059;1.092479196997369;1.0877953629322572;0.7919737971385724;-0.06505717003315303;0.7863823109934198
20.976929;1.0635171951476023;0.8286577655892038;0.7882328337360187;0.05618867237945586;0.05171062920366584;1.0776061753179433;9.946690504434553;0.8333923460378689;1.0925197769101225;1.0879098261073434;0.7918327586695411;-0.0651932464918948;0.7862553230024815
20.986929;1.063455232820968;0.828683594227682;0.7878836650814277;0.056371222329893805;0.05186143268668044;1.0777887930132715;9.94850146723175;0.8334349486779609;1.0925617768557114;1.0880223179162563;0.791685501275525;-0.06532932710721932;0.7861303255130138
20.996929;1.0633832206333151;0.8287187755887583;0.7875362045475774;0.05655111697065916;0.05200959698646943;1.0779659658205831;9.950264595294852;0.8334798775748822;1.0926053026753324;1.08813334579153;0.7915325866996917;-0.06546441170792015;0.7860076146640306
21.006929;1.063301305423282;0.8287617476827083;0.7871895072999503;0.05672979053814936;0.05215652306124827;1.0781375196488427;9.951974092639272;0.8335268108925218;1.0926506972768573;1.0882433545351777;0.7913746037889473;-0.06559950009320797;0.7858875737769738
21.016929;1.063209589677721;0.8288142384712764;0.7868461954420076;0.05690783213888546;0.05230284734874757;1.0783032243117585;9.953625984785146;0.8335755571740447;1.0926983562105321;1.0883526170306785;0.7912121100872298;-0.06573459207301088;0.7857704627043324
21.026929;1.0631078938956073;0.8288729721462366;0.7865050041044077;0.05708428865959547;0.052447804484398425;1.0784617843272712;9.955217717464457;0.8336259474769541;1.0927485217124464;1.0884611267453257;0.7910466381183111;-0.06586968749490939;0.7856574689899662
21.036929;1.0629984425360524;0.8289401476592736;0.7861685385665851;0.0572590888532357;0.05259135567375381;1.078613808377343;9.956748026399072;0.8336777203449561;1.092801317417633;1.0885686106060142;0.7908767149814261;-0.0660037862382962;0.7855466290839664
21.046929;1.0628808094075892;0.8290126200918856;0.7858366685037198;0.057431889321446015;0.05273334312624365;1.0787588985384597;9.958216531727663;0.833730621533542;1.0928569554100065;1.088674774065217;0.7907047856727868;-0.06613788820375849;0.7854400843065608
21.056929;1.0627572196243353;0.8290881694861424;0.7855083497438345;0.05760446368457052;0.05287546713898539;1.0788967978953226;9.95962268175415;0.8337846477830412;1.092915835080178;1.0887795504502513;0.790529116180848;-0.06627099331265449;0.7853357423105276
21.066929;1.0626291250982038;0.8291687118099345;0.7851869678659041;0.05777602268180135;0.0530170760571611;1.0790274283192178;9.960965081343229;0.8338401260028437;1.0929784201041783;1.0888832145370535;0.7903517991233014;-0.06640510149229051;0.7852356470174161
21.076929;1.0624970253761752;0.829250444784193;0.784871090943096;0.05794436229717643;0.05315626335124042;1.0791508443138493;9.962241929228457;0.83389754882287;1.0930450324856658;1.0889864763257815;0.7901718648227466;-0.06653821265157775;0.7851384551533439
21.086929;1.0623624010967676;0.8293344802548605;0.7845628651919003;0.05811208227935526;0.05329558807479933;1.0792670912164624;9.96345192226504;0.8339573945511713;1.0931157886272875;1.0890905536936322;0.7899893747858967;-0.0666713266835316;0.7850440475797706
21.096929;1.062226942570971;0.829417978248642;0.7842602738620841;0.05827926822027319;0.05343523022702374;1.0793749696058128;9.964595022929998;0.834020004103693;1.0931906644638498;1.0891971097315574;0.7898043917993907;-0.0668034434676526;0.7849521591917327
21.106929;1.0620906621766844;0.8295014648780862;0.7839654829221424;0.05844529369492993;0.053574761227690705;1.0794749865319095;9.965673109755194;0.8340854908085542;1.0932695233396437;1.0893080466384557;0.7896179295548374;-0.06693556283746713;0.7848637927157945
21.116929;1.0619563595704626;0.8295833211842577;0.7836763678571036;0.05860894856118764;0.05371305222582568;1.0795675792662207;9.966689785709665;0.8341537630695954;1.093352084880595;1.0894252695283981;0.7894279860043775;-0.06706768456662088;0.7847769622306643
21.126929;1.0618266733221613;0.8296657342868355;0.7833941279650273;0.05877267411208404;0.05385239742992857;1.079650354282708;9.96764910989068;0.8342246409401481;1.0934378467616221;1.0895505624841495;0.7892365595430272;-0.06719980841655714;0.784693669078347
21.136929;1.0617002225869254;0.8297439067193338;0.7831159767962116;0.0589346260602668;0.05399127283954634;1.0797232053000745;9.96855475831107;0.8342979475626111;1.0935259957534866;1.0896855601318687;0.7890416153836598;-0.0673309341994769;0.7846118456500892
21.146929;1.061578418178969;0.8298202539280068;0.782843482195137;0.05909590445233346;0.05413075456627611;1.0797882997329786;9.969410187837767;0.8343734975358797;1.0936154816862496;1.0898316977294114;0.7888451301082379;-0.06746206179148245;0.7845336767775829
21.156929;1.0614632361687062;0.8298939823053376;0.782574519706154;0.05925544395185534;0.05426984468159251;1.0798449552997604;9.97021885309828;0.8344509702784413;1.0937052711076654;1.0899901720268246;0.7886462329949189;-0.06759319109983888;0.7844584265938767
21.166929;1.0613546049731837;0.8299628664488822;0.7823070120136497;0.05941386273032968;0.05440921939022732;1.079892534359583;9.970984232821868;0.8345297641085926;1.0937944939476132;1.0901619915262644;0.7884452921104868;-0.06772332205354754;0.7843863866376447
21.176929;1.061252373751118;0.8300283601844317;0.7820423667969886;0.05957168759557929;0.05454946153615513;1.0799324399657189;9.971709651427433;0.8346089850757362;1.0938824237521565;1.090348011235047;0.788242836191199;-0.06785345463161185;0.7843180500860183
21.186929;1.0611581007809796;0.8300884044569344;0.7817773008506825;0.05972752150047649;0.054689232344750136;1.0799661190708236;9.972397991348169;0.8346876077069505;1.0939685009961133;1.0905488714792668;0.788039407005865;-0.06798358886768548;0.78425373003733
21.196929;1.0610702547575817;0.8301434844253684;0.7815128496829183;0.059883958678863695;0.054831061063907414;1.0799919503527493;9.973051294156269;0.8347646854361288;1.0940523177538484;1.0907649631440826;0.7878354670248344;-0.06811272478974524;0.7841934463273162
21.206929;1.0609886785145235;0.8301911128936676;0.7812459693477279;0.06003859477148264;0.054972741166286046;1.0800111122527447;9.973669645324826;0.8348394486980042;1.0941334488382142;1.0909964328044144;0.7876313621533267;-0.06824286232342605;0.7841373290254713
21.216929;1.060913358924612;0.8302336360759054;0.7809778605151464;0.06019247028675816;0.05511530467405941;1.0800226407083313;9.974250484689328;0.8349113195604868;1.0942113673089353;1.0912431703674874;0.7874283568772508;-0.06837200124040953;0.7840861789948868
21.226929;1.060842339585929;0.83026682023849;0.7807048826820955;0.06034463041060156;0.05525802549707768;1.0800285960171039;9.974790137288718;0.8349799865729535;1.0942855963699585;1.0915048709823427;0.7872247208154625;-0.06850014119602121;0.784038051452799
21.236929;1.060777919344353;0.8302937655157083;0.7804270305410766;0.06049540102680747;0.05540117633010886;1.080027099089873;9.975286591363774;0.8350454041453758;1.0943558694281779;1.0917811487188789;0.787022743486313;-0.06862928182714907;0.7839951963433989
21.246929;1.0607184052939065;0.8303141443564365;0.7801438915699074;0.060644815809995985;0.05554498163836662;1.0800203272724016;9.97574101038596;0.8351075932915271;1.0944220524985127;1.0920715154860436;0.7868216850094697;-0.06875742283883127;0.7839565883599631
21.256929;1.0606632628133885;0.8303254176725482;0.7798522090979377;0.06079372786770927;0.05569038542678272;1.0800066251723517;9.976157171900656;0.8351665120236075;1.094483927122496;1.0923752526035277;0.7866217328074376;-0.06888456402668318;0.7839224068829299
21.266929;1.0606128263996173;0.8303304638366406;0.7795534270266639;0.06094094925449408;0.05583638184138673;1.0799875089378534;9.976540288081656;0.8352221563159478;1.0945410593277338;1.09269143624975;0.7864228868494557;-0.06901270526740334;0.7838928711192877
21.276929;1.0605678030495824;0.8303279192687214;0.7792450586926832;0.06108599341855037;0.05598259515614479;1.0799634223532033;9.976896431276774;0.8352746853740785;1.0945928336410613;1.0930191047459437;0.7862248262363924;-0.06913984651010754;0.7838675405645723
21.286929;1.0605278179228201;0.8303195963898634;0.7789286674779425;0.061229002826040387;0.05612926524206321;1.0799345453886653;9.977232012514452;0.8353244070383772;1.094638585530927;1.0933573074784162;0.7860270018940541;-0.06926698773808823;0.783845900684455
21.296929;1.0604937259512972;0.8303041918777476;0.7786022677668606;0.06136954298840016;0.05627599139810874;1.0798998477734154;9.977553053246938;0.8353716738493169;1.094677647692284;1.0937050300067;0.7858289101892302;-0.0693941289055145;0.7838271509964265
21.306929;1.0604642840965413;0.8302824474679217;0.7782675561640464;0.061509130909595436;0.05642427353444819;1.079861225201261;9.977864959755417;0.8354168157645927;1.0947093514528639;1.0940611167692729;0.7856312417613828;-0.06952026989733454;0.7838114456219021
21.316929;1.0604421570520823;0.8302548776733434;0.7779234000794494;0.06164591083784797;0.05657221644388905;1.079816609335993;9.978172463820403;0.8354601248835889;1.0947331000994622;1.0944241933795202;0.7854318460586047;-0.0696464105239677;0.7837963526828473
21.326929;1.0604250181267367;0.8302222644449835;0.7775727115006071;0.061780135662364774;0.05672012006396542;1.0797679778098535;9.9784797070062;0.8355017820719175;1.0947483084744132;1.0947926390863607;0.7852326986864876;-0.06977255054089188;0.7837835310901362
21.336929;1.0604140516225995;0.8301833343666133;0.7772138371315076;0.061912295861150275;0.05686828739810426;1.079713168823044;9.978791542439476;0.8355418028879898;1.0947542396269447;1.0951647276850933;0.7850329232740252;-0.06989768968060985;0.7837715872497749
21.346929;1.0604072812246041;0.830139266288239;0.776849504304936;0.062042400760464494;0.05701669779371643;1.0796527045171715;9.979114958774186;0.8355801434813174;1.0947500045045704;1.0955388912940063;0.7848317543803582;-0.07002382765452764;0.783759270000543
21.356929;1.0604046218301382;0.8300920327569357;0.7764816937052464;0.062171095313276734;0.05716577817759739;1.0795858774250917;9.9794584736826;0.8356168097538194;1.0947346641089617;1.0959138560185675;0.7846314636840159;-0.07014796410980723;0.7837476907920939
21.366929;1.0604041069502292;0.8300393282421764;0.7761098077850648;0.062296079113600744;0.05731325524242083;1.0795110125216474;9.979830469246279;0.8356518280068544;1.0947073146204105;1.0962885370158544;0.7844313576744542;-0.07027309859254435;0.7837354113936693
21.376929;1.0604077936857599;0.8299854356840772;0.7757366279710515;0.06242045741376115;0.05746169807439022;1.0794296528815959;9.980237895929676;0.8356851635977747;1.0946672045102124;1.096661892150103;0.7842317602711268;-0.07039823054597316;0.7837217473783192
21.386929;1.0604143635940992;0.8299275424068958;0.7753608680416708;0.06254299273360787;0.057609843872954446;1.0793395233640277;9.980684990554874;0.8357166789863965;1.094613913476225;1.0970328708630586;0.7840339019103145;-0.07052235933977687;0.7837073577368743
21.396929;1.0604225859940872;0.829866163047632;0.7749841811637547;0.06266343573058676;0.057757409152233506;1.0792424047779787;9.981173155167419;0.8357461913035066;1.0945474298829025;1.0974004116344467;0.783835833137598;-0.07064548433641823;0.7836904007060377
21.406929;1.0604337548793021;0.8298041730731407;0.7746083099350993;0.06278232710652111;0.05790473424785505;1.0791361592197493;9.98170217897606;0.8357735919136349;1.0944679723345783;1.0977634996319712;0.7836384332723967;-0.07076960495956904;0.783672418062607
21.416929;1.0604479896763792;0.8297398429383414;0.7742313697267965;0.06289917214569511;0.05805123381802825;1.0790218512755096;9.982270376580317;0.835798881441104;1.0943757877919542;1.0981212614495968;0.783442434818054;-0.07089272070961732;0.7836546107855232
21.426929;1.0604625059786592;0.8296743900122537;0.7738565055715505;0.06301312523593651;0.05819612637576882;1.0788997478562417;9.982873901039063;0.8358221187928669;1.0942711533971285;1.0984730474907498;0.7832463942742839;-0.07101583113214395;0.7836364733011829
21.436929;1.0604775179789099;0.8296054607444835;0.7734816930710834;0.06312732043439287;0.05834218077132396;1.0787702574377578;9.983507627627729;0.8358433994879972;1.0941544210389376;1.0988185513983355;0.7830487073832577;-0.07113893579206412;0.7836174698968195
21.446929;1.060494547911067;0.829536565907019;0.7731095767905264;0.06323876760815038;0.05848637758702287;1.0786329365231844;9.984167358761834;0.835862848832958;1.094026009378831;1.0991579049008875;0.7828507462808233;-0.07126103429553124;0.7835999762269978
21.456929;1.0605127788368378;0.8294682013564374;0.7727415428743531;0.06334917814819745;0.05863024699476325;1.0784904865752818;9.984851628979781;0.8358805120938108;1.0938864120669456;1.0994915839254007;0.7826509421810436;-0.07138412633235516;0.7835836285014365
21.466929;1.0605312497335153;0.8293979994427433;0.7723763488749333;0.06345619877443262;0.058771542991415;1.0783417519813594;9.98556260169542;0.8358961989921005;1.0937361465757303;1.099820202079009;0.7824487441931576;-0.07150521167269173;0.7835685693623062
21.476929;1.0605527514105209;0.829330099156875;0.7720163442395637;0.06356292315658064;0.058912892403707916;1.0781897128216749;9.986305611345367;0.8359094790656634;1.0935756306179272;1.1001444492148225;0.7822437085438567;-0.07162729013592783;0.783555421935565
21.486929;1.0605753232897293;0.8292606988654037;0.7716602637663011;0.06366833675519537;0.0590533298279602;1.0780333534958517;9.987086783247236;0.8359198298459833;1.0934051355359762;1.1004651457310073;0.7820357572936091;-0.07174836159565101;0.7835442183806062
21.496929;1.0606001857774199;0.8291921393336267;0.7713105125608065;0.06377158140784066;0.059191882938178;1.0778745187220693;9.98790994721644;0.8359268282672501;1.0932248777073548;1.100783152138201;0.7818262585192413;-0.07187042598590188;0.7835361173274216
21.506929;1.0606277388863299;0.8291249739902102;0.7709685439038872;0.06387539908922864;0.05933100462787002;1.0777139040495547;9.988775418137395;0.8359302755085675;1.0930351792874085;1.1010991362036686;0.7816138436593144;-0.07199048325608567;0.7835285947097754
21.516929;1.0606582538739164;0.8290576078387546;0.7706338880366937;0.06397619938356558;0.05946724967818592;1.0775511078805107;9.989681256299251;0.8359301505638941;1.092836544701943;1.1014134870139372;0.7814012418962057;-0.0721115333460582;0.7835236113341951
21.526929;1.0606919701452775;0.8289909867220329;0.7703083321041884;0.06407617084753119;0.059602597905344314;1.0773886508973678;9.990625161215434;0.83592648033711;1.0926295432516753;1.101726514036469;0.7811872196663596;-0.07223157622315804;0.7835187584343919
21.536929;1.0607310592358232;0.8289272375860521;0.7699931613970791;0.0641769845708965;0.05973845112178877;1.077225974664997;9.99160609043305;0.8359192294443497;1.0924146530192242;1.1020386777459092;0.7809745383875387;-0.07235161190323852;0.7835159164628974
21.546929;1.060774081864158;0.8288636519589229;0.7696875815553434;0.06427617205098854;0.05987252099962081;1.07706244863862;9.99262584494014;0.8359081701981913;1.0921923011690162;1.1023505959266564;0.7807629533242826;-0.07247164043924197;0.7835138553576922
21.556929;1.060823333189113;0.8288028728293989;0.7693928435571951;0.06437502388358592;0.06000578540897588;1.076899341323238;9.993689528585794;0.8358927580197334;1.091963010665363;1.1026629343578984;0.7805532902696741;-0.07259066192495284;0.7835121425078213
21.566929;1.0608770693349634;0.8287450140799104;0.7691104233562398;0.06447322970188535;0.06013789363082021;1.0767367598126438;9.99480413732401;0.8358721431006733;1.091727438002518;1.1029763689050445;0.7803464798781415;-0.07270967651322592;0.7835103120925583
21.576929;1.060936104718566;0.8286882366137137;0.7688377633026124;0.06457121093069444;0.060268989108109676;1.0765746634747302;9.99597716624131;0.8358453844263523;1.0914862982131646;1.1032916748766666;0.7801434647599298;-0.07282868442514752;0.7835075738612984
21.586929;1.0609997533750914;0.8286334309429203;0.7685757904834806;0.06466870584093634;0.06039864124226672;1.0764129940414795;9.997216363224146;0.8358116719298759;1.0912402719787682;1.1036099153637156;0.77994513340769;-0.0729476859387822;0.7835030694934589
21.596929;1.0610671749525666;0.8285810568234653;0.7683252449987628;0.06476788843163228;0.06052872868602751;1.0762517826822515;9.998529348032887;0.8357703565733756;1.0909899948988024;1.1039325016699593;0.7797523416624191;-0.07306568135563402;0.7834959595128751
21.606929;1.0611396604413215;0.8285300304652138;0.7680841099724193;0.06486591591659108;0.060656380648908007;1.0760910579009206;9.999922139926191;0.8357208946446391;1.0907361109485998;1.1042609805399954;0.7795668875439421;-0.07318467095774853;0.7834868536335425
21.616929;1.0612162028468275;0.8284796480634291;0.7678525839282128;0.06496449570714037;0.060783160573106315;1.075929654398006;10.001397274152126;0.8356628342762243;1.090479222313653;1.1045967784439095;0.7793874590901062;-0.07330165498211179;0.7834731216791134
21.626929;1.0612960558453333;0.8284282667152817;0.7676299101583811;0.06506382758064355;0.06090925522037291;1.0757681826917573;10.002953492024293;0.8355958349856901;1.0902197466948507;1.104941097121664;0.7792166723069356;-0.07341963362025362;0.7834569320660277
21.636929;1.061380437489494;0.8283771733728972;0.7674167222205952;0.06516295880010338;0.06103370309656344;1.0756071729738417;10.004587046249624;0.8355196682534477;1.0899579022179737;1.1052948780848746;0.7790541020157141;-0.07353660702539765;0.7834372009367394
21.646929;1.0614694264837512;0.8283223901928095;0.7672096520212257;0.06526347217781524;0.061157982009078064;1.0754441822935945;10.00629263034088;0.8354342044915058;1.0896938925052804;1.1056587509125055;0.7788991698838176;-0.07365357531783835;0.7834133153721595
21.656929;1.0615627979411035;0.8282651003119118;0.7670104179562862;0.06536230920120424;0.06127921314855979;1.0752797497579136;10.008064364311362;0.8353394636333566;1.0894281121200362;1.106033036741516;0.7787540453072019;-0.07377053860192337;0.7833878043724427
21.666929;1.0616599511793448;0.8282045739270276;0.7668190531418966;0.06546324911182298;0.061400871848438336;1.0751133088759994;10.009897423259808;0.8352356833899781;1.0891611595906334;1.1064178234450943;0.7786176723025836;-0.07388749699145195;0.7833604004182741
21.676929;1.0617598648183928;0.8281386464263211;0.7666341183360156;0.06556332956123326;0.061520136974611075;1.0749432167764885;10.011789294511356;0.8351233303697048;1.088893704376007;1.1068129753718456;0.7784897963546478;-0.07400345061086826;0.7833317188634683
21.686929;1.061861220316579;0.8280677062421248;0.7664563613901693;0.06566403471848285;0.06163835541589842;1.0747708615760865;10.01374037743665;0.8350030845025405;1.0886264331883164;1.107218121693773;0.7783699888745016;-0.07411939956830561;0.7833023794807421
21.696929;1.0619617527650396;0.8279906553232994;0.7662857149611806;0.06576555392321867;0.061755712590079045;1.0745946983815113;10.015752889245263;0.8348758235557501;1.0883600814693297;1.1076327689159684;0.7782587222781414;-0.07423534393550763;0.7832737015491901
21.706929;1.0620623503039615;0.8279098327879169;0.7661231459439319;0.06586795604217435;0.06187208951816907;1.074413244377198;10.01782835720493;0.8347426185526341;1.0880954607841797;1.1080563765398785;0.7781534066231547;-0.074350283766792;0.7832437727862768
21.716929;1.0621604274152134;0.8278214767156173;0.7659666313970602;0.06596984745896048;0.061986189550430434;1.0742270749350278;10.019966657281717;0.8346046622310155;1.087833510550097;1.1084882692061164;0.7780543577726892;-0.07446621913454521;0.7832138507247831
21.726929;1.062256556625432;0.8277269345258162;0.7658168107871449;0.0660726820910886;0.06209919109875508;1.0740357062265338;10.02216698085777;0.8344630741658194;1.087575243831925;1.1089275423863079;0.7779618233531217;-0.07458115014157554;0.783184784677507
21.736929;1.0623505536391717;0.8276276627740764;0.7656751088219582;0.06617583056356918;0.06221035583378983;1.0738384678244002;10.024428600173746;0.834318777811742;1.087321510037362;1.1093730270360465;0.7778741112755178;-0.07469507692203207;0.7831556558656634
21.746929;1.0624423261654967;0.827520815970793;0.7655388653598189;0.06628104699785495;0.06232115170907888;1.0736346126342773;10.026750984323616;0.8341725838072974;1.087072802201437;1.1098233633356283;0.7777896806078858;-0.07480999963497045;0.7831257535655404
21.756929;1.0625317671033974;0.8274084825440972;0.7654098156665324;0.06638656254793485;0.062429756135361204;1.0734235288627536;10.029133618583469;0.8340252507963491;1.0868292296749715;1.1102772310638827;0.7777101376017199;-0.07492391844821487;0.7830969781805559
21.766929;1.06261806138583;0.8272902021375352;0.7652874136170367;0.06649459832877698;0.06253811293888613;1.0732047600210597;10.031574662486799;0.8338773579660487;1.0865906213144694;1.1107335081482126;0.777634194306586;-0.07503783352714277;0.7830685768958108
21.776929;1.062702380924252;0.827168216277777;0.7651718600263773;0.066602288114829;0.06264332182420938;1.0729768766755055;10.034068679972803;0.8337292122758173;1.0863567437592292;1.111191174766376;0.7775616009207674;-0.07515174500916474;0.7830407486366083
21.786929;1.062782957594064;0.8270426744164076;0.7650635475414245;0.06671231380886215;0.06274788418884036;1.0727414318609414;10.036605972600315;0.8335808895016088;1.0861275631648186;1.1116491158347221;0.7774920847183391;-0.0752646529627002;0.7830136152646405
21.796929;1.0628606096097593;0.8269126016657363;0.7649601853536953;0.06682388054551175;0.06285098097060661;1.0724960630211595;10.03917465978107;0.8334322756036039;1.0859033613755615;1.1121061164245725;0.7774253391722069;-0.07537755737330143;0.7829874917998494
21.806929;1.0629360828272416;0.8267803066677176;0.7648628555072414;0.06693720548996715;0.06295278400814308;1.0722415704097774;10.041762990400576;0.8332831696994037;1.08568458292632;1.1125611006005085;0.7773620485188478;-0.07549045815433725;0.7829635917128652
21.816929;1.0630070977501003;0.8266449634225714;0.7647721248615708;0.06705150330336171;0.06305270168064242;1.071977907311376;10.044359953305257;0.8331333984112292;1.0854716290353361;1.1130132463687945;0.7772999064831203;-0.07560335515435679;0.7829401074732789
21.826929;1.0630732115261488;0.8265073247913288;0.7646888773976873;0.06716939917677363;0.06315321049320521;1.0717052087236554;10.046956130053323;0.832982761194076;1.0852647397124935;1.1134617519550347;0.777239602087789;-0.0757152481772015;0.7829179944358837
21.836929;1.0631360393010127;0.8263679612146406;0.7646124652979197;0.0672864216845688;0.06325006380965005;1.0714238206749438;10.04954573604697;0.8328309491474111;1.0850638624076598;1.113905552417593;0.7771817580919654;-0.0758271370179365;0.7828982077047931
21.846929;1.063194843799459;0.8262267396911188;0.7645433258468514;0.06740721016544907;0.06334767461117577;1.0711332486569947;10.052127662384862;0.8326775836330493;1.0848686406067478;1.1143432047832926;0.777124868842059;-0.07593902149295169;0.7828794232265827
21.856929;1.0632480918672722;0.8260837417120263;0.764482591465585;0.06752806584941536;0.0634427169424104;1.0708361088172775;10.05470472939338;0.8325223062678948;1.084678571668031;1.1147728842819586;0.777067348961913;-0.07605090147407852;0.782860115865292
21.866929;1.0632979866884817;0.8259408447493551;0.7644302916561311;0.0676504977021052;0.06353649835288333;1.0705310776852468;10.05728261189831;0.8323648643936253;1.0844931241939142;1.11519256761508;0.7770106672136571;-0.07616177692344789;0.7828414629984679
21.876929;1.0633426820096794;0.8257982202699249;0.7643877363839077;0.06777512727939079;0.06362974462897451;1.070220714309664;10.059869050392816;0.8322051262963884;1.0843117719881268;1.1156003021885257;0.7769534535372491;-0.0762736479094196;0.782821908113133
21.886929;1.0633832733588575;0.8256550613837971;0.7643529228969609;0.06790104481991478;0.06372159087416673;1.0699032829214;10.062472435094316;0.8320430192713687;1.084133979770572;1.1159942514492875;0.7768955424742228;-0.07638451460296128;0.7828005471646987
21.896929;1.0634201994210528;0.825513979048209;0.7643270898117176;0.06802817611268128;0.06381199230914048;1.0695798671861843;10.065099418677239;0.8318784882113643;1.0839591934510724;1.1163725933073954;0.7768369316406799;-0.0764943772466102;0.7827766222938755
21.906929;1.063453035430648;0.8253754151890947;0.764309768274607;0.06815610456570921;0.06390064253087795;1.0692506732403348;10.067752551583052;0.8317115165662259;1.0837869240521871;1.1167335770770928;0.7767777129268852;-0.07660523611537295;0.7827495224576093
21.916929;1.0634822728107456;0.8252409776811149;0.7643009055221087;0.06828443392385206;0.06398720476087445;1.0689161981264381;10.0704295502272;0.8315421558382398;1.0836168304047498;1.1170757636569402;0.7767190579407097;-0.07671509150838075;0.782719392978877
21.926929;1.0635081781631746;0.825112015710295;0.7643006561615416;0.06841577877281453;0.0640741644635701;1.0685772017297976;10.073124900630292;0.8313704636348233;1.0834486468747333;1.1173981765281589;0.7766592370162323;-0.0768249437636709;0.7826839628173687
21.936929;1.0635303704298806;0.8249869577281682;0.76430723597489;0.06854808808918293;0.06415969651573081;1.06823353793021;10.075832210760748;0.8311964107523103;1.0832820198191977;1.1177002363179853;0.7765996591713262;-0.07693379326291641;0.7826439468132343
21.946929;1.0635504183818973;0.8248681527025292;0.7643212334493811;0.06868100078098181;0.06424343837430896;1.0678879525220715;10.078545447051244;0.8310199225847449;1.0831164579728392;1.117981658831133;0.7765418995447417;-0.0770436404186619;0.7826004586849972
21.956929;1.0635669230619023;0.8247544518031943;0.7643422334844429;0.06881563703890103;0.064326592110562;1.0675390583695008;10.081259002112056;0.8308409637325438;1.0829514872548602;1.1182423972360318;0.7764856281945152;-0.07715248567084179;0.7825523583202886
21.966929;1.063581466514675;0.8246471761011034;0.764370273525254;0.06895149306496204;0.0644086982102313;1.0671884738566353;10.083966795883669;0.8306595235778198;1.082786841827714;1.1184825446430628;0.7764304469066594;-0.07726132950063311;0.7824990089630377
21.976929;1.0635940274926208;0.8245454086637942;0.7644049366097553;0.06908822895377108;0.06448958592925016;1.0668378887773007;10.086660552082062;0.8304755652668829;1.0826224585502922;1.1187021873481964;0.7763787877271291;-0.07737017243477852;0.7824428673470561
21.986929;1.063605660376986;0.8244498832404089;0.7644469453344067;0.06922699540069935;0.06457044352069224;1.0664860117541153;10.089329001837244;0.8302889469986128;1.082458314309978;1.118901306548174;0.7763299927965228;-0.07747801502776067;0.7823834657066893
21.996929;1.0636174100929443;0.8243580651090319;0.764494038918393;0.06936674414590169;0.06465043313864602;1.066134567981283;10.091959195136134;0.830099328854269;1.0822943147421653;1.1190798301773843;0.7762844547269281;-0.07758585782689442;0.7823216863047651
22.006929;1.0636292158846725;0.8242692886269548;0.7645462876889475;0.06950855690973685;0.06473079581090983;1.0657833633330542;10.094538386551946;0.8299062323509259;1.0821302674805444;1.1192377461360072;0.7762426555564828;-0.07769370133079732;0.7822584546610116
22.016929;1.063641514318905;0.824183739492546;0.7646038335712105;0.0696508551596453;0.06481026956470176;1.065435241718742;10.097054467532383;0.82970924779449;1.0819659128077586;1.1193751659797013;0.7762051207897303;-0.07780154596024039;0.7821947276968069
22.026929;1.0636533447489864;0.8241004025998;0.7646662263731199;0.06979449291821628;0.06488990270748436;1.0650899755445378;10.099494727477262;0.8295081920696187;1.0818010325737042;1.1194924069744403;0.7761723718042529;-0.07790939205456442;0.7821313790161999
22.036929;1.0636644363138246;0.8240188721435884;0.7647326446109889;0.06993999855394369;0.06497033158401432;1.0647472604861103;10.101844846704898;0.82930313666792;1.0816355095959422;1.1195900201801496;0.7761458899083796;-0.07801623988368668;0.7820700988163238
22.046929;1.0636752145277433;0.8239418232531256;0.7648044266688379;0.07008598483901787;0.06505030673427653;1.0644087303323355;10.104089582463862;0.8290943793410136;1.0814692831806694;1.1196686449845554;0.7761240392773703;-0.07812308965616034;0.782009803936585
22.056929;1.0636832085970693;0.8238650560710511;0.7648786519525415;0.07023394112059418;0.06513140640811;1.0640758850225147;10.106214514608672;0.8288824724066728;1.0813023394264873;1.11972885523546;0.7761090152859884;-0.07822994154513012;0.7819533820383383
22.066929;1.063688082417289;0.8237898222354423;0.7649561956893797;0.07038244988019665;0.06521238603380394;1.063747078497618;10.10820789811521;0.8286682499693594;1.0811347568897614;1.1197711102931953;0.7760989358236035;-0.07833579575761018;0.7818997480510688
22.076929;1.0636899569609566;0.8237164712146087;0.7650370597728252;0.07053177813252888;0.06529358128708442;1.0634236385081337;10.11006097759252;0.8284526771540491;1.0809667067294462;1.119795719895073;0.776095971948746;-0.07844165258725194;0.7818520701162102
22.086929;1.0636879876930738;0.8236437437580219;0.765120544275941;0.07068253753705231;0.06537573155302306;1.063105890052178;10.111765564944582;0.8282366153802627;1.08079838536255;1.1198028919806085;0.776099366926339;-0.07854851239255332;0.7818105031563212
22.096929;1.0636813067802189;0.8235719756405094;0.7652073430892539;0.07083208366107964;0.06545653823320315;1.0627930214824466;10.113312423296506;0.828020727106185;1.080629963044836;1.1197929411778282;0.7761084014820121;-0.07865337553932508;0.7817746079468393
22.106929;1.0636719731910398;0.8235018765423884;0.7652962312277356;0.07098414574770018;0.0655394382714483;1.0624870797841923;10.114693756904654;0.8278054986735792;1.0804616235459128;1.119766401526679;0.7761254116204934;-0.07875924235173723;0.7817473129197394
22.116929;1.0636575167815907;0.8234322027894206;0.7653872472906623;0.0711362804884566;0.06562235738647362;1.0621871607702722;10.115905963417646;0.8275912844544969;1.0802936771069682;1.1197239198547755;0.7761497938172139;-0.07886411308346718;0.7817280011763031
22.126929;1.0636406920051247;0.8233656174123941;0.765480018928137;0.07128846775912695;0.0657051341335949;1.0618925561318875;10.116948955696108;0.8273783247173675;1.080126652387674;1.1196661991959576;0.7761819051597513;-0.07896898792256539;0.781717405196531
22.136929;1.0636194482493249;0.8233016443451983;0.7655745416431352;0.07144094138135129;0.06578811861810248;1.0616046946761308;10.117824201949592;0.8271667273679902;1.0799612809581387;1.1195940448895831;0.7762229305266127;-0.0790738670120951;0.7817171530762755
22.146929;1.0635958423453857;0.8232400154996227;0.765668040865165;0.07159317418957395;0.06587071577256336;1.0613249285848303;10.118533442386548;0.8269565245943212;1.079798382157783;1.1195083190706498;0.7762708547931533;-0.07917875046094434;0.7817258067868136
22.156929;1.063569756541285;0.8231813769024929;0.765760259926824;0.07174619619542151;0.06595394690338967;1.0610514295636504;10.119078069476894;0.8267478366195911;1.0796387614601681;1.1194098568977036;0.7763265746426717;-0.07928263834951088;0.7817446575610645
22.166929;1.063542076197592;0.8231271720607459;0.7658509966779817;0.07189915941889277;0.06603704066418288;1.0607853702751064;10.119459887047327;0.8265409992626889;1.0794831744406033;1.1192994492649146;0.7763909698263406;-0.0793865307292292;0.7817750289071969
22.176929;1.063512403253291;0.8230770300559028;0.7659393348793758;0.0720515851715757;0.06611964793745541;1.06052718569918;10.11968271272131;0.8263365406972937;1.0793322813785582;1.1191778794880824;0.7764618216278389;-0.07949042761345895;0.7818150486321778
22.186929;1.0634805452319684;0.823031039000387;0.7660248376602242;0.07220392600105133;0.06620227106011961;1.0602775614332007;10.119752492761512;0.826135017584708;1.079186599565108;1.119046042767366;0.7765407845401835;-0.07959432897044263;0.7818667239687124
22.196929;1.0634481323726896;0.8229898356867135;0.7661065518123255;0.07235652395810842;0.06628520138366298;1.060036111474762;10.119676231642899;0.8259368828192529;1.0790465219901677;1.118904974589523;0.7766254660823001;-0.07969823473314382;0.781927927333484
22.206929;1.0634142421889852;0.822953115283684;0.7661846183478453;0.07250884755515051;0.066368083780122;1.0598051335118628;10.119461996774469;0.8257425305834872;1.0789123596988428;1.1187556406153365;0.7767174678111666;-0.07980114484479096;0.7820002961001827
22.216929;1.0633806425469825;0.8229221002131801;0.7662584884574821;0.07266008858816377;0.06645014743690088;1.0595827189322222;10.119119332738462;0.8255523436044706;1.0787843793207144;1.1185989060134036;0.776815430417228;-0.07990405931806797;0.7820827426976926
22.226929;1.063346466273278;0.822896131288034;0.7663274779805628;0.07281199345522353;0.06653316470542843;1.0593709970049163;10.118658416610204;0.8253665635457694;1.078662887379846;1.1184358821319722;0.7769190691167476;-0.08000697823613578;0.7821752452980036
22.236929;1.0633129781502206;0.8228769369692901;0.7663913770398089;0.07296240245655922;0.06661513044584084;1.059168236569636;10.118088768120487;0.8251851922867557;1.0785482653770575;1.1182681110049628;0.7770280870891672;-0.08010890168466671;0.782277756580028
22.246929;1.0632805838593233;0.8228663183071891;0.7664505828314876;0.07311196339299758;0.06669669230534474;1.05897586522498;10.117418301174014;0.825008128423657;1.0784408042891034;1.118097381995382;0.7771420540788727;-0.08021082969387623;0.7823903006265469
22.256929;1.0632505535815304;0.8228639233503374;0.7665028015183613;0.07326145014293282;0.06677854865280848;1.058794476946709;10.116652039991793;0.8248353419710422;1.078340496502131;1.1179255216644983;0.7772603818988946;-0.08031276222331132;0.7825125973246043
22.266929;1.0632230086780543;0.822872505612385;0.7665493512956152;0.07340963517785429;0.06685960949194839;1.0586247025374784;10.115791224242152;0.8246668653438827;1.0782470949729328;1.1177542789528128;0.7773823768216159;-0.08041469915490942;0.7826442107178136
22.276929;1.063198380375984;0.8228939584497365;0.7665905208478102;0.0735569990401528;0.0669403916487737;1.058467020940631;10.114833928326433;0.8245027394682343;1.0781603861744449;1.117585298151311;0.7775082767035947;-0.08051664031114211;0.7827855813934395
22.286929;1.0631792073326989;0.8229310606838662;0.7666261275428096;0.07370350246090644;0.06702084154948589;1.0583207874140872;10.113776438701201;0.8243430662116054;1.0780803956149405;1.11742021032058;0.7776352639289289;-0.08061758551895563;0.7829340225521011
22.296929;1.0631641866284631;0.8229834798680238;0.7666563661997863;0.07384857991958381;0.06710067162063489;1.058188416932257;10.112615213260367;0.8241880168872259;1.078007457937492;1.1172606856352658;0.7777644829497458;-0.08071953465345047;0.7830911516079738
22.306929;1.0631566072934067;0.823053892168322;0.7666816839793206;0.0739933077346449;0.06718082601660408;1.0580684249642565;10.11134860835622;0.8240376923709444;1.077942106150595;1.1171083431181486;0.7778930448096854;-0.08081948763083427;0.7832540475498554
22.316929;1.0631545960816997;0.8231412152838758;0.766703394799273;0.07413523630572774;0.06725926780081734;1.05796329171617;10.10997641304743;0.8238919853678517;1.0778848451928031;1.1169646426941569;0.778022077710418;-0.0809204444086742;0.7834242515163283
22.326929;1.0631599910493637;0.8232465127524056;0.766722245330265;0.07427678543526516;0.06733823170731461;1.05787136326079;10.10849909716457;0.8237505773607908;1.077836093182896;1.1168307943415037;0.7781497808729527;-0.08102140499286205;0.7835997273807006
22.336929;1.063172393249416;0.8233699749239808;0.7667396710325467;0.07441710787716595;0.06741702405317963;1.057793938707244;10.106919229886401;0.823613059777565;1.0777961920941694;1.116707709712548;0.7782743176080946;-0.0811213693986105;0.7837783130760739
22.346929;1.0631911081300534;0.8235116748906982;0.766757208811921;0.07455534638774125;0.06749497249363551;1.0577314618215472;10.105242869961288;0.823479064943171;1.0777652730650418;1.1165960624341162;0.7783967060926351;-0.08122133759833042;0.7839609986596161
22.356929;1.0632162783075478;0.8236723155834725;0.7667764602622322;0.07469177671908114;0.06757246474925291;1.057684628857357;10.103478996379417;0.8233482644581781;1.077743220782295;1.116496271339515;0.7785149278063669;-0.08132130952203508;0.7841456442450803
22.366929;1.063246457368377;0.8238504707240435;0.7667983673296755;0.07482681838803502;0.06765019171147414;1.057654339677782;10.101638493433477;0.8232202755683382;1.0777298970778495;1.116408363589558;0.7786280695062388;-0.08142028507960569;0.7843309031081053
22.376929;1.0632836532906278;0.8240472924398223;0.7668239995455036;0.07496002195593446;0.06772784872181754;1.0576415078483334;10.099733174101239;0.8230946505714754;1.077725386769162;1.1163319913298868;0.7787352976175229;-0.08152026414367561;0.7845157012433456
22.386929;1.0633258914425858;0.8242605522914107;0.7668542654202701;0.07509082786994017;0.06780526263665712;1.0576458678858722;10.09777385516128;0.822970966758743;1.0777300266564338;1.1162666092452833;0.7788367946532658;-0.08161924651552557;0.784699670751997
22.396929;1.0633759406678065;0.824491475383542;0.766889910556508;0.07522034854262953;0.06788348573189686;1.0576700170061302;10.095769170910305;0.8228488904024245;1.0777442469088754;1.1162116446206944;0.7789298255140953;-0.08171823191302367;0.7848800213102123
22.406929;1.0634319049291476;0.8247380182867439;0.7669321510391425;0.07534692996554286;0.06796125733661963;1.0577125762661708;10.093726822077416;0.8227281885171039;1.0777685309609957;1.1161666407203736;0.7790148537256367;-0.081817219982267;0.7850570544069598
22.416929;1.0634947359634739;0.824999567629946;0.7669816758425897;0.07547075219583099;0.06803879469956711;1.0577761325588706;10.09165546128161;0.8226087638322301;1.0778036036558136;1.116131360556249;0.7790925190170017;-0.08191521033458227;0.7852310490228539
22.426929;1.0635652401514069;0.8252758169640514;0.7670396515103552;0.07559218542990837;0.06811644897571079;1.0578590294271883;10.089565152798958;0.8224906933841724;1.0778505146155257;1.1161058617511166;0.7791605318495727;-0.08201320258493391;0.7853995079408495
22.436929;1.0636432826507978;0.8255650229493754;0.7671064690141768;0.07571276634530186;0.06819567784310598;1.0579622484589646;10.087466915865882;0.8223741674690578;1.0779104468421885;1.1160905653949666;0.7792207093824238;-0.08211119636295425;0.7855638369739671
22.446929;1.0637288783224728;0.8258671663563355;0.7671836544643998;0.07583025412446007;0.0682743786282327;1.0580854010032785;10.085372599669206;0.8222593639765505;1.077984410162787;1.1160862667979907;0.7792721002113042;-0.08220919131121279;0.7857225558727078
22.456929;1.0638215445440171;0.8261812238993937;0.7672716168198598;0.07594511129633474;0.06835295937421172;1.0582277900321553;10.083293972476216;0.8221464024859706;1.0780729564710816;1.116094024129994;0.7793139546775844;-0.08230718710382329;0.7858742956229803
22.466929;1.0639205596071921;0.8265064195525565;0.7673707026300624;0.07605912841363821;0.06843305001775489;1.058388513651285;10.081240481874934;0.8220353790594838;1.078176074195479;1.1161148889978727;0.7793485395595127;-0.08240418350248546;0.786020638107418
22.476929;1.0640272002333504;0.8268439260843584;0.7674814760950454;0.07617133344518515;0.06851356867681578;1.0585655877138198;10.079218654954012;0.8219263874443455;1.0782933356129318;1.1161495737105769;0.779375030326335;-0.08250118041221928;0.7861603833865828
22.486929;1.0641392602063882;0.8271924405934926;0.7676048122033808;0.0762809937585835;0.0685938861655865;1.0587600629562408;10.077233767685826;0.8218194946387873;1.0784241346926047;1.116198214381688;0.7793936030632636;-0.08259817786352165;0.7862931367883313
22.496929;1.0642583786410387;0.8275530452637396;0.7677410912200516;0.07638901637918596;0.0686746731850518;1.0589691155902174;10.075290748339407;0.8217147078494416;1.0785678641829755;1.1162603034043874;0.7794045631852258;-0.08269517592423226;0.7864184093916083
22.506929;1.0643823180586158;0.8279240705853113;0.7678907482674195;0.07649579878588006;0.06875638593645687;1.0591941409496328;10.073393629810061;0.8216120238904454;1.0787239883563913;1.1163347940411281;0.7794083092548951;-0.08279117464269953;0.7865354888152208
22.516929;1.0645113188768238;0.8283061812453474;0.7680542830424997;0.0765993640309234;0.06883709764706504;1.059432798193231;10.071545243457463;0.8215115323131519;1.0788919837914002;1.116420268738853;0.7794062410231742;-0.08288817406833525;0.7866448197187007
22.526929;1.064645508320969;0.8286986114392966;0.7682307549021293;0.07670362881969019;0.06892033935307518;1.059685884404453;10.069747898416813;0.8214134227556237;1.079071196620248;1.1165151334840777;0.7793967956129847;-0.08298417429392815;0.7867433624135328
22.536929;1.0647842953795505;0.8291014882307624;0.768420659653814;0.07680568395169543;0.06900330817141777;1.0599531359104033;10.068004134286042;0.8213179038621164;1.0792608595095716;1.1166179017084674;0.7793815186102223;-0.0830801754763716;0.7868314782286808
22.546929;1.0649275765284394;0.8295140305164321;0.7686235480847963;0.0769068337317784;0.06908708849842131;1.060234184389686;10.066316740416088;0.8212251519097007;1.0794603567000558;1.116727439938245;0.7793620856486746;-0.08317517782301216;0.7869095174615359
22.556929;1.0650743870641985;0.829934950760589;0.7688392841816889;0.07700738592238435;0.06917191683254499;1.0605285998470892;10.06468923354783;0.8211353446915052;1.0796693499566448;1.1168430001826197;0.7793372854128764;-0.08327118154362269;0.786975389936406
22.566929;1.065226550198029;0.830365508519967;0.769068074000293;0.07710600256051929;0.06925631828854008;1.0608358525468182;10.063127145835402;0.8210487481790671;1.0798876473020977;1.1169640403667591;0.7793098916364676;-0.08336618679753967;0.7870307816551932
22.576929;1.0653817994734505;0.8308031852820897;0.7693094483113001;0.07720423778929816;0.06934172738654626;1.0611552888642186;10.061638098168547;0.8209657772147431;1.0801152359416246;1.1170900523484193;0.7792794605543325;-0.08346119366089978;0.7870749319602257
22.586929;1.0655410869289688;0.8312487007906875;0.7695634456093069;0.0773010917365581;0.06942693695834826;1.061485202644767;10.06023043990747;0.8208870064997825;1.0803524305034475;1.1172205930937649;0.7792452296904983;-0.08355620212387489;0.7871071449976961
22.596929;1.0657021539585259;0.831700259893954;0.7698297708309333;0.07739847514267689;0.06951361933613116;1.061826901609746;10.058912414135131;0.820813126296732;1.0805997172180042;1.1173553484588705;0.7792091821939822;-0.08365021212930318;0.7871296645146959
22.606929;1.0658646254184378;0.8321583596115962;0.7701085390846031;0.07749440943445927;0.0695996893718008;1.0621777029713397;10.057692195772086;0.8207448900657882;1.0808575044658382;1.117494064475953;0.7791701457253357;-0.08374522362797447;0.7871419987813102
22.616929;1.0660273747742133;0.8326219545798522;0.770398694081946;0.07759129163345783;0.06968717019042953;1.0625379115031581;10.056577857790732;0.8206831274723232;1.0811261799721656;1.1176364522141868;0.7791278314412979;-0.08383923660966118;0.7871440947948347
22.626929;1.0661890974254067;0.8330913367834845;0.7707004189593696;0.07768696090581098;0.06977385939886914;1.0629068162459128;10.055577318430776;0.8206287209566725;1.0814063129300981;1.1177821021323577;0.7790818905163215;-0.0839332511155342;0.787136125652898
22.636929;1.0663483248858807;0.8335655870870001;0.7710129153154656;0.07778268493607571;0.06986077663336836;1.0632836581066576;10.05469855170316;0.8205824461865272;1.0816986869452798;1.1179303641230844;0.7790319907312222;-0.08402726723722008;0.787118009318628
22.646929;1.066503634157025;0.8340442528689502;0.7713359589861728;0.07787742764139452;0.06994684063796472;1.0636675599851522;10.053949258715813;0.8205447798394054;1.0820041252786075;1.118080301191801;0.7789788769648656;-0.08412028506826666;0.7870903130875924
22.656929;1.0666528720845145;0.8345248578408786;0.7716682168668444;0.07797372673081088;0.07003439066931;1.064057558397858;10.05333550223028;0.8205158291127447;1.0823232456816203;1.118230841239217;0.7789204761933357;-0.08421330463537627;0.7870507072577578
22.666929;1.0667969855459356;0.8350072877590011;0.7720085215843493;0.07806873029298857;0.07012058346971477;1.0644528309397028;10.052860162177431;0.8204954534524412;1.0826563050171605;1.11838098894695;0.778857940738725;-0.0843073259033324;0.7869999418269698
22.676929;1.0669332333072603;0.835490683566515;0.7723577943262033;0.07816469988101062;0.07020758313057689;1.064852879060346;10.05252191738144;0.8204835126305652;1.083003284730174;1.1185298432433421;0.7787924861617175;-0.0843993488384972;0.7869384767714258
22.686929;1.06706281891734;0.8359744271748427;0.7727144532220606;0.0782599722348765;0.07029364769650409;1.0652564431840017;10.052314940692197;0.820480045621906;1.0833641258875761;1.1186765111670227;0.7787222166133988;-0.08449237343240758;0.7868644613360086
22.696929;1.0671832464683044;0.8364549505203254;0.77307692554505;0.07835730037188739;0.07038139892370555;1.0656653265773524;10.05222952776718;0.8204852335865935;1.0837387804895298;1.1188201684808694;0.7786491481442134;-0.0845853996733255;0.786779543775405
22.706929;1.0672950072392542;0.8369325037393808;0.7734449760487023;0.07845437922565175;0.07046858596363109;1.0660773371527295;10.052253492181972;0.8204992540981622;1.0841270846645985;1.1189601519117758;0.778571302323547;-0.08467742751162154;0.7866813893383807
22.716929;1.0673977546112787;0.8374057696370921;0.7738173729731591;0.07855247003347988;0.07055634989870954;1.066493346011566;10.052374233340043;0.8205221969188514;1.0845287005921713;1.1190959236500622;0.7784907276752903;-0.08476945685281635;0.7865719091493094
22.726929;1.067491273045128;0.8378738879865962;0.7741932410825368;0.07865167740476156;0.07064476088213065;1.0669143940172023;10.052580500169503;0.8205540057292798;1.0849431993762542;1.1192269665895378;0.7784065134605501;-0.08486148758139789;0.7864499905510791
22.736929;1.067575469541368;0.8383359272756823;0.7745718027892448;0.07875209482930673;0.07073389153137184;1.0673387500435798;10.052861904323418;0.8205944086994333;1.0853701788996104;1.1193525847350423;0.7783188246132701;-0.08495351958834778;0.7863155640774524
22.746929;1.06765038075953;0.8387911442222199;0.7749526580497303;0.07885264186770032;0.0708227545301151;1.0677677862868462;10.053207791682969;0.8206429297200597;1.085809206669544;1.1194717183308351;0.7782278643820005;-0.08504455280430454;0.78616849938176
22.756929;1.0677151793269875;0.8392372096607099;0.7753347483430514;0.07895463744199553;0.07091269908327973;1.0682017091439175;10.053608291080817;0.8206989984868285;1.0862596495191408;1.1195830343045332;0.778133735861872;-0.08513558723766694;0.7860089083722805
22.766929;1.0677718634465074;0.8396744069999856;0.775717403264976;0.07905775394650066;0.07100338571997332;1.0686394539317363;10.0540554393201;0.8207620774728265;1.086720665227861;1.11968512038649;0.7780363127846375;-0.08522662297559128;0.7858367833358008
22.776929;1.067818458338811;0.8401000665747682;0.776099857462354;0.07916226359115834;0.07109530471738587;1.0690828598249056;10.05454257162091;0.8208317663401695;1.087191359650802;1.1197765040713428;0.7779352182429855;-0.08531766013593416;0.785652134609048
22.786929;1.067856731095997;0.8405139414350321;0.7764806311975553;0.07926630569770275;0.07118672882992849;1.0695308345057841;10.055064168825755;0.8209078469112764;1.087670920544763;1.119855677293265;0.7778299008768351;-0.08540869881345826;0.7854549736562159
22.796929;1.0678846277589538;0.8409156836899685;0.7768607034558561;0.07937195331396274;0.07127985288231978;1.069982322434669;10.055616378368256;0.8209902177482914;1.0881586751439816;1.1199212527652342;0.7777207977811894;-0.08549873906125288;0.7852461451065903
22.806929;1.0679029571705674;0.8413043199701787;0.7772382412117972;0.0794786394633609;0.07137419447052629;1.0704392246903236;10.056196109967935;0.8210787836476031;1.0886541118548403;1.1199720363362995;0.7776055509444258;-0.08558878087470012;0.7850238100586918
22.816929;1.067911428494873;0.8416794332119862;0.7776123982001762;0.07958631189539253;0.07146975714426994;1.0708993450867832;10.056799477373913;0.8211734259501081;1.0891568282810982;1.120007008426495;0.7774850948464752;-0.08567882415909818;0.7847892803637183
22.826929;1.0679098089399517;0.8420409743292822;0.7779821925464381;0.07969567535099809;0.07156720609250053;1.071363293947701;10.0574219176543;0.8212740649983101;1.0896664343946671;1.1200253781211005;0.7773605229833573;-0.0857688687432773;0.7845441444463696
22.836929;1.0678968195936238;0.8423889505848503;0.7783471752868394;0.0798039789311437;0.07166408290462627;1.0718304404888845;10.058059741336077;0.82138069173353;1.0901825535728142;1.1200265943353596;0.7772299394389022;-0.08585891442716878;0.784287162669501
22.846929;1.0678719824687044;0.8427232067569129;0.778706222549374;0.07991302708911616;0.0717621593507867;1.07230001744097;10.05871099677493;0.8214933327703775;1.0907049481858928;1.120010236867274;0.7770954643771064;-0.08594796098585808;0.7840210350765301
22.856929;1.0678345873708657;0.8430437158282716;0.7790588488826756;0.08002272261560356;0.07186149713177456;1.0727712620006098;10.05937434731806;0.8216120170377057;1.0912336225773467;1.1199759461767813;0.7769562698869683;-0.0860380081454792;0.7837458438460537
22.866929;1.0677831470045698;0.8433495685988981;0.7794047627233973;0.08013316311468277;0.07196238293390377;1.0732434779965407;10.060047302883135;0.8217367105188549;1.0917687962093743;1.1199234626999353;0.7768125272942692;-0.08612705558944748;0.7834622632342971
22.876929;1.0677192514220128;0.8436413237430176;0.7797430893221557;0.08024254110967254;0.07206308396706428;1.0737160596911821;10.060726079483526;0.8218672492225391;1.0923107950270188;1.1198527341625788;0.7766643631802723;-0.0862151029746073;0.7831712837237249
22.886929;1.0676407604441567;0.8439189731298211;0.7800751622669948;0.08035415172483475;0.07216683742932853;1.0741874526162871;10.061406648892598;0.8220033765706466;1.092859933899585;1.1197639596447704;0.7765119114955172;-0.08630414992890016;0.7828742176884957
22.896929;1.0675484558664983;0.8441827936544598;0.7804005332597236;0.0804651850713538;0.0722710133799315;1.0746590130437759;10.06208516581231;0.8221448099523897;1.0934164604021162;1.1196574831058639;0.7763553948971641;-0.08639219606504328;0.7825719570202818
22.906929;1.0674426027176143;0.8444325868227072;0.780718767823762;0.08057748793218686;0.0723773389408933;1.0751279061686487;10.062757469633064;0.8222912824333721;1.0939805691802174;1.1195336993805058;0.7761951205433414;-0.08648124101972342;0.782265802859386
22.916929;1.0673237954168104;0.8446691792766383;0.7810301434419505;0.08068813536755781;0.07248308280514669;1.0755951205297776;10.063418988281773;0.8224426252340129;1.0945523372001613;1.1193930276195567;0.7760314120742748;-0.08656928449718362;0.7819566227069361
22.926929;1.0671908595719237;0.8448904919705723;0.7813335059609803;0.08080035785108693;0.07259136486869952;1.0760575400836307;10.064065854862669;0.8225988369244328;1.0951315524306338;1.1192358316082431;0.7758645992520724;-0.08665632629936872;0.7816455710493649
22.936929;1.067044412074202;0.8450970868290276;0.7816289521251387;0.08091174080477485;0.07269994156792722;1.0765150236209853;10.064695557975476;0.8227600739191315;1.0957176423283244;1.119062417392299;0.7756950463902347;-0.08674436632161793;0.7813340450101138
22.946929;1.0668870201109033;0.8452899486361972;0.7819156382703174;0.08102303614195175;0.072809344091895;1.0769664275948931;10.065306029403637;0.8229265957661973;1.0963097561423203;1.118873211385599;0.7755241441189554;-0.08683240453036448;0.7810240506490341
22.956929;1.06671860297897;0.8454671618424667;0.7821919237701787;0.08113476430741924;0.07292002871313387;1.0774105963595721;10.065894804700426;0.8230987289546584;1.0969068441773184;1.118668920161349;0.7753502671969634;-0.08691944095754384;0.7807145057864233
22.966929;1.0665390849734127;0.8456310084127903;0.7824600705094619;0.08124490893628518;0.07303007379352709;1.077846432023545;10.06645852319861;0.8232769201690625;1.0975076955776775;1.1184505318830185;0.7751757409968114;-0.08700647571378153;0.7804083266680456
22.976929;1.0663482731601834;0.8457791638708072;0.7827182426058351;0.08135629641486446;0.07314204375035739;1.0782729767000743;10.066991560401412;0.8234618129516158;1.0981110183605625;1.1182191531672128;0.7749988806346462;-0.08709350898739496;0.7801040525549511
22.986929;1.0661486600306753;0.845914174799302;0.7829672855614999;0.08146630142435476;0.07325324479800978;1.0786893895180494;10.067485413158824;0.8236542044211912;1.0987155382698688;1.1179757947088436;0.7748220522980032;-0.08717954100543346;0.7798037897939234
22.996929;1.0659393531130854;0.8460348727662124;0.7832068694084973;0.08157710734974681;0.07336569933278653;1.0790939293354804;10.067930252257133;0.8238549008452147;1.0993201158702082;1.117721367193184;0.7746446529778116;-0.0872665719905081;0.7795067893865745
23.006929;1.0657215227485368;0.8461424045805335;0.7834368978604519;0.08168699583149382;0.07347768412628351;1.0794880433284841;10.068316299324584;0.8240646042302092;1.0999238880514883;1.1174568766624555;0.7744660546182573;-0.08735260214726541;0.7792117453633394
23.016929;1.0654962263807264;0.8462368421043964;0.783655961745942;0.08179519334364617;0.07358835157021798;1.0798694465992555;10.068633866076096;0.8242838926821673;1.100526187024531;1.1171834846922157;0.7742886156264043;-0.08743863167740049;0.7789206256299238
23.026929;1.0652642722410592;0.8463207890587392;0.7838651381397312;0.08190349111141587;0.07369925260433702;1.080240093396091;10.068874105424792;0.8245132362382311;1.1011262659542171;1.1169023603444317;0.774111799922633;-0.08752466079943118;0.7786322384651367
23.036929;1.065026873201717;0.8463934374889146;0.7840623636627987;0.0820133969121226;0.07381168721721108;1.0805980979806387;10.069030456448955;0.8247529981206922;1.1017232829223567;1.1166145505686624;0.7739363686584799;-0.08761068972402854;0.7783462117516986
23.046929;1.0647844588165818;0.8464559564310474;0.7842483239731168;0.08211988274116129;0.07392099504423401;1.0809446629319586;10.069098848529839;0.8250034545835563;1.102316534498737;1.1163210065567244;0.7737634641399779;-0.08769571859806954;0.7780618511137382
23.056929;1.0645383913059554;0.8465079648446717;0.7844217328235817;0.08222707529120647;0.07403098900583147;1.0812800739973862;10.069076793919939;0.825264811495505;1.102905501705449;1.1160227415540052;0.7735943781402108;-0.08778174749719567;0.7777786894865963
23.066929;1.0642899039122056;0.8465503784453454;0.7845827520872845;0.0823337535808512;0.07414054357245747;1.0816047764253058;10.068961879732463;0.8255371566995712;1.1034896293863734;1.1157209217701074;0.7734301964984531;-0.08786677648291329;0.777495816670091
23.076929;1.0640397545609555;0.8465821259927374;0.7847304521644419;0.08243927238028538;0.07424909707355448;1.0819193541288412;10.068750320018323;0.8258203911628149;1.1040681729942867;1.1154167531971102;0.7732727315599212;-0.08795180566382724;0.7772137496170036
23.086929;1.0637907521303072;0.8466062734156038;0.7848666993333091;0.08254359605225968;0.07435648300855202;1.0822243551124295;10.068437342639394;0.8261141943933299;1.1046403353560035;1.115111373543041;0.7731206808658247;-0.08803583522013492;0.7769299685391144
23.096929;1.0635425437157253;0.8466199388341265;0.7849901402272277;0.08264742928916932;0.07446340607281142;1.0825201871268109;10.068019069577632;0.8264180418917639;1.1052054967751894;1.114805906615691;0.7729757060973155;-0.08812086538553575;0.7766454835358547
23.106929;1.063298263838508;0.8466244563264238;0.7851004830266628;0.08275122274847513;0.07457007437033172;1.0828062202956368;10.067492965089997;0.8267313305725624;1.1057632187318809;1.1145015341765523;0.7728394104374366;-0.0882048963877943;0.7763610288641937
23.116929;1.0630561570259542;0.8466181444882869;0.7851978446973672;0.08285259888785752;0.07467441177360737;1.0830849169432564;10.066856234698761;0.8270535582215862;1.1063130300070032;1.1141995276194328;0.7727103038530743;-0.08828892840657415;0.776074803725248
23.126929;1.0628183626330043;0.8466015042422532;0.7852816026953745;0.08295331142532537;0.0747779321088195;1.0833548244876825;10.06610572633774;0.8273843855404486;1.1068542911303911;1.1139013244377292;0.7725907689104424;-0.08837296159375341;0.7757889129243972
23.136929;1.0625864439507928;0.846573527095903;0.7853504498875811;0.08305378733263949;0.07488100242449358;1.0836186364410996;10.065240285437266;0.8277235885710693;1.1073863163551287;1.1136085383410002;0.772480024899549;-0.0884569960912692;0.775502517330432
23.146929;1.0623614325376325;0.8465362230895058;0.7854065649164862;0.0831531943484407;0.07498291812175832;1.0838753734912179;10.064261790081284;0.8280710631675613;1.1079085810456748;1.1133227930493856;0.7723771463654332;-0.08854103203868949;0.7752148761679504
23.156929;1.0621455800556814;0.8464888584476028;0.7854487928395918;0.08325268763810165;0.07508477624358877;1.084127391416715;10.06317387744264;0.8284268788593734;1.1084207634945342;1.1130456386524679;0.772284166892058;-0.08862406962076703;0.7749282805141247
23.166929;1.0619397246401039;0.8464316151038239;0.7854778320884741;0.08334955839439069;0.07518417209460765;1.0843761783558987;10.061980322344464;0.8287912070691781;1.1089226703606136;1.1127786470913907;0.7722001477813151;-0.08870710907655714;0.7746424401558039
23.176929;1.0617451426088425;0.8463639586404649;0.7854935011572718;0.08344682427067913;0.07528393218923021;1.0846231101403752;10.060683888889336;0.8291641300905873;1.1094141974151508;1.112523372272239;0.7721251819193711;-0.08879015062396974;0.7743580482624037
23.186929;1.0615616824869556;0.8462846611194813;0.7854960615152599;0.08354272363004382;0.07538250089385458;1.0848693305525832;10.059286406193468;0.8295455154834945;1.1098952815286807;1.1122811682392824;0.7720594350516364;-0.08887319440743821;0.774075791037615
23.196929;1.0613907130896862;0.8461970759472572;0.7854886738933025;0.08363607977946316;0.07547873409862371;1.0851158280576896;10.057789848711428;0.8299349629232329;1.1103658431589127;1.1120531001536613;0.7720031316543718;-0.08895624052398421;0.773796268614825
23.206929;1.0612305071037913;0.8460981838375762;0.7854702820977063;0.08373062738597178;0.07557624027765907;1.0853634988055103;10.056196828554677;0.8303317808283552;1.110825826012564;1.111839928804873;0.7719564433946055;-0.08903828907041483;0.7735199051719815
23.216929;1.0610807497173953;0.8459894730971913;0.7854424758385006;0.0838223642725299;0.07567133745227325;1.0856120528333622;10.054510453888948;0.8307350171371648;1.111275242417098;1.1116421454811978;0.771919452892709;-0.08912134015614204;0.7732475153206247
23.226929;1.060941679965734;0.8458717586654356;0.7854053546445784;0.08391416647658963;0.07576670301192408;1.0858639357406512;10.052734952410784;0.831143487044514;1.111714171353172;1.1114600899310232;0.7718922082113725;-0.08920339389613045;0.7729795497466441
23.236929;1.0608102630187235;0.845743938593101;0.7853591319864613;0.0840044464660602;0.07586111902265318;1.0861174327785117;10.050876531579776;0.8315558317069697;1.1121428444807306;1.111294079071667;0.7718757776204982;-0.08928545041133948;0.7727177995355478
23.246929;1.0606852120536745;0.8456091248272705;0.7853064672741175;0.08409337859728565;0.07595487481641809;1.0863748555905834;10.048942736473503;0.8319706666485586;1.1125617620070403;1.1111444478047945;0.7718682500484596;-0.08936750980559381;0.7724608470361173
23.256929;1.060565582603541;0.8454673397061003;0.7852471596160899;0.08418102264747561;0.07604812718197279;1.086634604886312;10.046941164687306;0.8323866928761505;1.1129717353347717;1.1110114152569486;0.7718706528903104;-0.08944857212965421;0.772209941428945
23.266929;1.0604496774860177;0.8453178925511983;0.7851812805369414;0.08426817109185719;0.07614178810111569;1.0868980859559436;10.044878999059195;0.8328026764649364;1.1133738422939246;1.110894933970126;0.7718839046817685;-0.08952963737958584;0.7719662707822643
23.276929;1.0603372895376757;0.8451607927797254;0.7851086073433388;0.08435371942126102;0.07623493868022835;1.0871655934054827;10.042763300554519;0.8332173644636737;1.1137692359678173;1.1107947990710394;0.7719068726583509;-0.08961170550969998;0.7717287616601688
23.286929;1.0602263193202344;0.8449970336757187;0.7850311729689023;0.08443812973633465;0.07632826857490227;1.087437238708912;10.040601716445725;0.8336294621079673;1.1141589094253215;1.1107108587108703;0.7719384077002012;-0.08969277644986624;0.7714959336589537
23.296929;1.0601189016036416;0.8448274054743078;0.7849478718926101;0.08452227941413976;0.07642255453363732;1.087712924091393;10.038402359088686;0.8340377445309921;1.1145435768108858;1.110643008256468;0.7719803286734883;-0.08977385013357765;0.7712697615591544
23.306929;1.0600133243730971;0.8446509720713112;0.7848589268051361;0.08460480051846356;0.07651675002515505;1.0879923848264346;10.036172355177774;0.8344412344169757;1.114923694951312;1.1105910622376338;0.7720314361196401;-0.08985392648703665;0.7710491230820903
23.316929;1.0599091326355823;0.8444676515090485;0.7847646909324391;0.08468624381694648;0.07661147234714512;1.0882753701963785;10.033917325307305;0.8348393037296596;1.11529962029468;1.1105547123746764;0.7720905132894725;-0.08993500538316251;0.7708332542415403
23.326929;1.0598067547088137;0.8442763117705586;0.7846641574630924;0.08476578311631307;0.07670595565241393;1.0885618689651342;10.031642782134583;0.8352316350144502;1.1156718230517735;1.1105334839525067;0.7721592725796108;-0.09001508664178796;0.770623841470375
23.336929;1.0597079777907494;0.8440801931786781;0.7845594929296632;0.08484555143010089;0.07680203858496105;1.0888511695554688;10.029355020939049;0.8356180611827637;1.1160409684958161;1.1105266277595562;0.7722362996605164;-0.0900951700651969;0.7704198397403522
23.346929;1.059610753978103;0.8438763143200467;0.7844497791731482;0.0849240472584795;0.07689843148505529;1.0891457547598142;10.027060032535724;0.8359983598103965;1.1164077441624212;1.1105330782248342;0.7723210521737361;-0.0901752554511019;0.7702209967860527
23.356929;1.0595171558161405;0.8436657940381349;0.7843349121193739;0.08500270139093888;0.07699625870349024;1.0894441248410596;10.024761741074787;0.836372156565667;1.1167725698364668;1.110551462827514;0.7724129274593765;-0.09025534259864253;0.7700269220955974
23.366929;1.05942711701987;0.8434475146015324;0.7842143279888146;0.08507855127604223;0.07709269709304607;1.089748609415182;10.022461754281538;0.8367390098886176;1.1171354614169893;1.1105801590304392;0.7725113385349088;-0.09033443132161421;0.7698368864602654
23.376929;1.0593415711595557;0.8432232306748366;0.7840894271462595;0.08515618560116066;0.07719179445520563;1.090057277428668;10.020160717643098;0.8370985127770251;1.1174961101665806;1.110617534869382;0.7726167182567032;-0.0904145214550461;0.7696513554672498
23.386929;1.0592600693611682;0.8429920255824777;0.7839598953062057;0.08523154825633868;0.07728960257038621;1.0903709276110907;10.017858465968672;0.837450280469915;1.11785400658937;1.1106622392688281;0.7727264588954064;-0.09049361282745397;0.7694673861606487
23.396929;1.0591830238762878;0.8427537891647986;0.7838251685506664;0.08530743850349659;0.07738840878195484;1.0906891120209992;10.015552800715723;0.837793932667018;1.1182085288641586;1.1107132913915096;0.7728408999130811;-0.09057270518636719;0.769285499044013
23.406929;1.0591084215412176;0.8425066911226855;0.7836844590783469;0.08538111805041156;0.07748550388430041;1.0910112800681142;10.01323987918637;0.838129149783816;1.118559061197025;1.1107700162805887;0.7729604148888857;-0.09065179816184267;0.769106212599328
23.416929;1.0590380887583073;0.8422542499441789;0.7835388774711833;0.08545690175239737;0.07758444824851263;1.0913369573914464;10.010916240613572;0.8384557627936869;1.1189051357069797;1.1108319649877194;0.773082484072941;-0.09073089134203205;0.7689271616614722
23.426929;1.0589691116470237;0.8419944652456564;0.783387591286994;0.085531748103468;0.07768234044380753;1.091665820382844;10.008579954986473;0.8387738303948415;1.1192465106146532;1.1108988466461214;0.7732076872991759;-0.0908089843838278;0.7687489659968293
23.436929;1.0589024111273913;0.8417281736020761;0.7832295759205694;0.08560693602296168;0.07778001520902457;1.0919977032867079;10.00623005919673;0.8390836166452457;1.1195830594050658;1.1109705344278147;0.7733366764004391;-0.09088707703256153;0.76857260698365
23.446929;1.058836052471014;0.8414542532003711;0.7830640985764724;0.08568053693303897;0.07787554528598042;1.0923325154606256;10.003865501686185;0.8393854639371611;1.119914499451114;1.111047169197657;0.7734681288865904;-0.09096616905154069;0.7683972019934941
23.456929;1.0587700729113185;0.8411748057144959;0.7828920552482569;0.08575502365570785;0.07797098759464782;1.092669072249299;10.00148488252628;0.839679691719671;1.1202403010915412;1.1111291660982137;0.773600663392137;-0.09104426019344275;0.768221629965838
23.466929;1.0587059339374805;0.8408907103321572;0.7827120722895547;0.08583024970319861;0.07806593693306361;1.0930089635752325;9.999086849829393;0.8399665701682247;1.1205598650214645;1.1112169834526517;0.773735799010325;-0.09112135026555271;0.7680480443826508
23.476929;1.0586415199327976;0.8406015334564579;0.7825238351720527;0.08590452680741446;0.07815888562660475;1.0933495340242212;9.996670395031787;0.8402462562908587;1.1208726090592982;1.1113109020423035;0.7738719650441994;-0.0911994391742238;0.7678758362826558
23.486929;1.0585776041523378;0.8403075301967791;0.7823252738926896;0.0859776403168528;0.0782495437414201;1.0936919812685537;9.994235407005023;0.8405186596036053;1.1211778583551772;1.111411103305756;0.7740084719836182;-0.09127652687904367;0.7677048801976083
23.496929;1.0585148207871233;0.8400125706922565;0.7821175568641476;0.08605169381536487;0.07833981901210586;1.0940334435871146;9.991783432270344;0.8407834588736961;1.1214747560294178;1.1115178358819675;0.7741444978237747;-0.09135461333408465;0.7675355279367873
23.506929;1.058452973639741;0.8397166106538293;0.7818988882964434;0.08612548558978113;0.07842863215182228;1.0943739402775303;9.989317317519289;0.8410403421399621;1.1217622970731038;1.1116313487701188;0.7742791441274829;-0.09143169846807649;0.7673676549631191
23.516929;1.058391078657717;0.8394186964682478;0.7816676448275662;0.08619797957419224;0.07851513222220044;1.0947123264377567;9.986840016093835;0.8412891276334522;1.1220394965287324;1.1117517740805598;0.7744115101645507;-0.09150878216598782;0.767201376795007
23.526929;1.058332079112708;0.839124322608423;0.781425970877729;0.08626986918379805;0.07859980071152689;1.0950473995805323;9.984353864248304;0.8415296333310364;1.122305597783876;1.1118792282793875;0.7745407813469429;-0.09158586426087381;0.7670364910555912
23.536929;1.0582749141035845;0.8388316562805082;0.7811725100071356;0.08634164748473022;0.07868319449683986;1.095377983649235;9.98186015911295;0.8417616218768745;1.1225600669503655;1.1120139731471175;0.7746662407787042;-0.09166194456191919;0.7668724848429155
23.546929;1.0582195223865525;0.8385419319628892;0.7809083393738332;0.08641262574293472;0.07876464852466142;1.0957029343864548;9.979358928041789;0.841984901094096;1.122802366216591;1.1121563637328493;0.7747871638309612;-0.09173902287095236;0.7667091172519516
23.556929;1.058167721741988;0.838255852528409;0.7806330753638088;0.08648250348380775;0.0788436962624874;1.0960211700846008;9.976849232266645;0.8421993169949311;1.123031793593222;1.1123066138517412;0.7749037897217939;-0.09181509898386742;0.7665466915706087
23.566929;1.0581177762944098;0.8379751754402276;0.7803501286949431;0.08655109234946295;0.07892023788741204;1.0963316648577925;9.97432904090343;0.8424046387564861;1.1232474943495305;1.1124646660611253;0.7750133939052631;-0.09189117272760072;0.7663829274186446
23.576929;1.0580705844835725;0.8376992321509199;0.7800587356820009;0.08661941904194546;0.07899511106640433;1.0966333539998034;9.971794253147907;0.8426005600281243;1.1234485733174013;1.1126303143990168;0.7751163655285657;-0.09196724401626324;0.7662184544649855
23.586929;1.0580270124309419;0.8374283145840826;0.7797588862661975;0.08668634808309018;0.07906715159190883;1.0969240232174917;9.969238024879608;0.8427868282314176;1.1236342402165964;1.1128033428827642;0.7752133226745842;-0.09204331286768319;0.7660539897322217
23.596929;1.0579871216289995;0.8371644576099867;0.7794527689158666;0.08675292820377384;0.0791372855158407;1.0972042992712334;9.966650710635431;0.842963338829545;1.1238039383893774;1.1129834012212838;0.7753021796131409;-0.09211837935071639;0.7658872468248249
23.606929;1.0579510646050378;0.8369063160104128;0.7791395854734202;0.0868180298072796;0.07920442799888648;1.0974708375173554;9.964020150416443;0.8431301306220104;1.1239574486944295;1.1131697338248536;0.7753850543154828;-0.0921944434996164;0.7657203006794561
23.616929;1.0579199944134008;0.8366539586532643;0.778819407416898;0.08688315759513585;0.07926989720590817;1.0977235219679495;9.96133240135375;0.843287364754519;1.124094851728948;1.113361103477621;0.7754611211735143;-0.09226950527687201;0.7655517394536236
23.626929;1.0578942778180556;0.8364058783350674;0.7784915213258767;0.08694716276793908;0.07933266492728125;1.0979624905349237;9.958572661058897;0.8434353176951751;1.1242163207725164;1.1135560365237798;0.7755295207564158;-0.09234456462044242;0.7653805124223533
23.636929;1.0578742001403616;0.8361644466523938;0.7781587267250631;0.08700875105297731;0.07939162321910617;1.0981851355593668;9.955726857279592;0.843574324535105;1.1243220104689362;1.1137532004196675;0.7755922947820273;-0.09241962150406514;0.7652085450859059
23.646929;1.0578607425499982;0.8359279706295202;0.77781940096098;0.08707129500938678;0.07944996462238822;1.0983921191882806;9.952784864037337;0.8437047223756176;1.1244121265025824;1.1139516158835001;0.7756483246664482;-0.09249367593259868;0.7650348107458167
23.656929;1.0578529740054972;0.8356948291938822;0.7774733527447429;0.08713142035082562;0.07950477928762079;1.0985832453728728;9.949743504896272;0.8438268585261087;1.1244869600540204;1.1141506063241704;0.7756973048648522;-0.09256872791805079;0.7648597237331932
23.666929;1.0578531677725176;0.8354682828467551;0.7771226433838228;0.08719057066524588;0.07955737805684027;1.0987582812375476;9.94660620740921;0.8439411309186298;1.1245467764403276;1.1143496420698509;0.7757387786698091;-0.09264277750087586;0.7646833087588846
23.676929;1.0578598419514185;0.8352460197113781;0.7767668103541021;0.08724749748073703;0.07960681743876447;1.0989169727169297;9.943379994712037;0.8440480291202563;1.1245916740020743;1.1145481904311547;0.7757722489441817;-0.09271782479176786;0.7645061852457145
23.686929;1.0578750302022646;0.8350277759300374;0.7764047249155445;0.08730313239590878;0.07965386031297975;1.0990582345998323;9.940072742993117;0.8441481123709623;1.1246216147831913;1.1147456339763882;0.7757973205449948;-0.09279186998628812;0.7643285472094796
23.696929;1.0578976607300192;0.8348154590427008;0.7760395389936042;0.08735780305006283;0.07969888356345704;1.0991842693389018;9.936691740714341;0.8442419328104699;1.1246366063466553;1.1149413614972923;0.775813815397344;-0.09286591334246706;0.7641508918649564
23.706929;1.0579285472238338;0.834608200969595;0.7756706627266873;0.08741156639703632;0.07974185593423319;1.0992945182610105;9.933243404711897;0.8443300235838793;1.1246367548560956;1.115134915321785;0.7758218143202277;-0.0929389551401417;0.7639734016521046
23.716929;1.0579677814270676;0.8344047818078;0.7752978939459126;0.08746424612402343;0.07978261055291247;1.0993885815006497;9.929733297891868;0.8444129360273657;1.1246221792220044;1.1153259301434006;0.7758216279634239;-0.09301299563776538;0.7637965949940361
23.726929;1.058015076644787;0.8342072531701914;0.7749243630344393;0.08751592180581844;0.07982128371035353;1.0994691895473518;9.926165352419991;0.8444912539418872;1.124593004157322;1.1155138412743384;0.7758137507402754;-0.09308603504123258;0.76362059973847
23.736929;1.0580708440358149;0.8340146960640039;0.7745497933165182;0.08756789364185494;0.07985911431662397;1.0995351426841589;9.922541842606032;0.8445656474465758;1.1245493253094268;1.1156976239060543;0.7757997610688255;-0.09316007349751515;0.7634472441127912
23.746929;1.0581345257865786;0.8338262340349698;0.7741743999208408;0.08761798727558824;0.07989421847761975;1.0995881600940165;9.918865660712886;0.8446369234385522;1.1244910863037112;1.1158758232917625;0.7757781567919395;-0.09323311109834814;0.7632751303891021
23.756929;1.0582058680687552;0.8336436845656544;0.7738004714573814;0.08766924072796685;0.07992954890906062;1.099629743360019;9.915142318519015;0.8447059379790858;1.1244181614842494;1.1160468649025101;0.7757512872648703;-0.09330614786850773;0.7631072361312122
23.766929;1.0582846619757489;0.8334667902717029;0.7734283156709427;0.08771905197836072;0.07996284572309403;1.099658194711523;9.911379562402884;0.8447734523631003;1.1243306076130988;1.1162093765626093;0.7757174739469236;-0.09337818376026792;0.7629421638475228
23.776929;1.0583707079082847;0.833295217360832;0.7730582594104803;0.08776861955180702;0.0799953622220446;1.0996747574090653;9.907585962861182;0.8448400419743358;1.1242286546079407;1.1163623129422011;0.7756792081796626;-0.09345121869014612;0.7627825731506296
23.786929;1.058462547632662;0.8331270468529476;0.7726900155322605;0.08781589555263741;0.08002541953213085;1.0996797192339762;9.903769838087713;0.8449060195967362;1.1241124294895584;1.1165049300429055;0.7756352567629307;-0.09352325257212239;0.7626264526569152
23.796929;1.0585625209123297;0.8329654303620541;0.7723250897903919;0.08786516513964125;0.08005691349439953;1.0996734137260993;9.89993888318653;0.8449713699952541;1.1239819071209016;1.1166367567063205;0.7755885562326624;-0.09359628529135675;0.7624762618836283
23.806929;1.0586684610709751;0.8328069116224505;0.7719620369071035;0.08791301300933588;0.08008694974050333;1.0996562173044861;9.896100223733491;0.8450357938920666;1.1238372057355956;1.1167576173976208;0.775538966906715;-0.09366831667685065;0.7623311929648267
23.816929;1.0587824386680305;0.8326545554093784;0.7716024838792623;0.08796215489412038;0.08011800063950637;1.0996276164792964;9.892260215812486;0.8450989465211157;1.123678779344273;1.1168675588347614;0.775487144683711;-0.09374034653495489;0.762191917556787
23.826929;1.0589026150207248;0.8325063897838431;0.7712461373330531;0.08801023802876166;0.08014811575334839;1.0995902738359846;9.888424246251603;0.8451606948890811;1.1235072862750604;1.116966554194915;0.7754325903248112;-0.09381137469855876;0.7620578194826323
23.836929;1.0590299143705253;0.8323617599978094;0.7708918444261095;0.08805791085555098;0.08017789112305636;1.099544026889264;9.884597349350688;0.8452211308901438;1.123323357970629;1.1170542529034901;0.775377664812238;-0.09388340104138551;0.7619314304717417
23.846929;1.0591642456373969;0.8322234135889846;0.7705423099281409;0.08810470113412242;0.08020693181475481;1.0994887924361247;9.880785479613982;0.8452804546946268;1.1231274862003757;1.1171300304556628;0.7753215657327029;-0.09395442544510428;0.7618116146171091
23.856929;1.0593051602352836;0.8320894279503425;0.7701962068180924;0.0881517948253249;0.08023638212871843;1.0994274282142582;9.876996364992483;0.8453389615279786;1.1229200364360972;1.1171931736780831;0.7752644657710558;-0.09402644775195604;0.7616986463875403
23.866929;1.0594530468533763;0.8319596419975284;0.7698532671421203;0.08819809930143001;0.08026520695031751;1.099358732789835;9.873239499100098;0.8453970882593841;1.1227013160107455;1.1172429971973596;0.7752067196132238;-0.09409746778270002;0.7615923848267953
23.876929;1.0596074990850601;0.8318359311475678;0.7695155717365542;0.0882447489051341;0.08029450780846858;1.0992845380965341;9.869525644073901;0.8454554177740276;1.122471699603958;1.1172788719177105;0.7751488920924131;-0.09416848539775896;0.7614931499074782
23.886929;1.0597684433605674;0.8317174401532909;0.7691821066660649;0.08829145681178173;0.0803240755325121;1.0992066788960904;9.865866070122625;0.8455146206109225;1.1222317941689448;1.1173002585009448;0.7750926427985362;-0.09423950050790791;0.7614022644612904
23.896929;1.0599357368290696;0.8316035603234238;0.7688517097445309;0.08833791026280928;0.08035370985617467;1.0991239066396088;9.862271968560597;0.8455753359942042;1.1219825494503224;1.1173068396300132;0.7750366170106011;-0.09430951304831331;0.7613181160485437
23.906929;1.0601081402198835;0.8314964294949038;0.768526243793067;0.0883849464401763;0.08038437212140395;1.099037847146864;9.858754238561513;0.8456380983666527;1.1217252288214974;1.117298748302574;0.7749823895516155;-0.09438052296309;0.7612425646636809
23.916929;1.0602871139620673;0.8313972217245921;0.7682046628521995;0.0884307620568429;0.0804143856899559;1.0989489446211338;9.855323052635669;0.8457033748347396;1.1214612250022864;1.1172767232259022;0.7749314415937245;-0.09445053019989046;0.7611770858763348
23.926929;1.0604700893627765;0.8313028554076907;0.767884884056886;0.08847756926128232;0.08044610299945576;1.0988574313908628;9.851987658916233;0.8457715871509128;1.121191899478899;1.117241946956342;0.7748821266616357;-0.09452053471065958;0.7611206214605519
23.936929;1.0606582228869341;0.8312181803644205;0.767569438825507;0.08852344723708722;0.08047776666776783;1.0987633135504287;9.848757154910302;0.8458430356572522;1.1209186196275642;1.117195723183291;0.7748356430298776;-0.09459053643126585;0.7610749777863541
23.946929;1.060848891531701;0.8311408238624427;0.7672566379015994;0.08856948820673902;0.0805106632574497;1.0986653709275824;9.84564118913261;0.8459178262050662;1.120642830287174;1.1171394039861169;0.7747930515995212;-0.09466053524017756;0.7610418863281372
23.956929;1.0610424402916765;0.8310713591288499;0.7669451985468463;0.08861523251678646;0.08054436714209401;1.098565322598993;9.842649422026609;0.8459959083933849;1.1203659421386127;1.1170744771364605;0.7747523353283318;-0.09473053096366751;0.7610199438140627
23.966929;1.0612392473240873;0.831014240257199;0.7666374517261555;0.0886601329101089;0.08057831419993355;1.0984620806759475;9.839790309336593;0.8460771730455532;1.120089120971785;1.1170024473277325;0.7747154561886357;-0.09479952342329087;0.7610113440881435
23.976929;1.0614367304532055;0.830965862623715;0.7663306401110368;0.08870615304973195;0.08061445973203205;1.0983549050666523;9.837070477389693;0.8461615114607249;1.119813182622242;1.1169245999837873;0.7746813394702305;-0.09486951245171193;0.7610153796213063
23.986929;1.0616349961929983;0.8309306131020159;0.7660278354119379;0.08875159864497813;0.0806511758623336;1.0982464304057273;9.834494763289;0.8462488470790422;1.1195386365962514;1.1168419212912606;0.7746488306250514;-0.09493849789173232;0.7610306625155145
23.996929;1.061833059301489;0.8309072972338556;0.7657280726688226;0.08879731654383166;0.08068927972797439;1.0981354645074444;9.83206650586866;0.846339139961339;1.1192657886152335;1.1167551878366189;0.7746197214175621;-0.09500747961104099;0.7610591008122743
24.006929;1.0620299586687114;0.8308948049937877;0.7654306425618302;0.08884299825835883;0.0807285091288085;1.0980246396652942;9.829788014447058;0.8464323377507318;1.11899486575867;1.1166651545263677;0.7745927925341255;-0.09507645748833735;0.7610994640235431
24.016929;1.0622249468031546;0.8308954312984786;0.7651378155776984;0.08888937090008771;0.08076953461073749;1.097912334939503;9.827661135321039;0.8465283547322859;1.1187261254366871;1.1165727334497495;0.7745677790727564;-0.09514543138465836;0.7611514202412142
24.026929;1.0624166812578855;0.8309074365043638;0.7648484880261621;0.08893625996679197;0.08081224416090384;1.0977999184354565;9.825687780622024;0.8466270961599375;1.1184598802154555;1.1164790802904814;0.7745443065460241;-0.09521340115572628;0.7612144611347998
24.036929;1.0626070275300075;0.8309319375989613;0.7645619761618954;0.08898189084443918;0.08085481611598443;1.0976878898127995;9.823869861125068;0.8467283906803613;1.1181964487261336;1.11638556899937;0.7745219575783291;-0.0952823666646885;0.7612885100307898
24.046929;1.0627951166591423;0.830970186265557;0.7642799450876737;0.08902939302284249;0.08090018340095562;1.0975767809949208;9.822209178323654;0.8468318589033528;1.1179360314664943;1.1162935938027676;0.7745004726265856;-0.09535032775292183;0.761373152922628
24.056929;1.0629800387917137;0.8310199678411596;0.7640012554502544;0.08907592575115673;0.08094575644681026;1.0974670247317966;9.820708160362335;0.8469368718368419;1.117678533705563;1.116204319005048;0.7744798835070911;-0.09541828421616985;0.7614684615743329
24.066929;1.0631636072237187;0.8310847344146226;0.7637281595321376;0.0891230579541708;0.08099281456803915;1.0973589098656509;9.819369533924027;0.8470426173648625;1.1174234979026325;1.1161186225563946;0.7744604937067296;-0.09548623583701603;0.7615743466532716
24.076929;1.0633435841795398;0.8311618738484067;0.7634598334210592;0.08917073685971469;0.08104142965662431;1.0972526091205672;9.818194105194076;0.8471482382946864;1.117170263799517;1.1160371512382543;0.7744427092686287;-0.09555418245095276;0.7616905494328942
24.086929;1.0635204816921453;0.8312515717592805;0.7631957528104707;0.08921732914135762;0.08108998126151627;1.0971482683895522;9.817179657024042;0.8472529613163196;1.1169182109286646;1.1159603386056;0.7744277727822567;-0.09562212399238616;0.7618176534148593
24.096929;1.0636949244819782;0.8313564453240531;0.762937682352004;0.08926571183769384;0.0811410109611263;1.09704612861787;9.816322502771024;0.8473561054188619;1.1166668539331133;1.1158884917125778;0.7744136479868653;-0.09569006050976664;0.7619531837657794
24.106929;1.0638648803865007;0.8314746162843871;0.7626854629944252;0.08931358098647213;0.08119249008379743;1.096945522587219;9.815619811279126;0.847456993647487;1.11641581081603;1.115821844557713;0.7744011399203058;-0.09575699214986896;0.762097394142754
24.116929;1.0640313574582687;0.8316048384585613;0.7624376110086835;0.0893628130290691;0.0812460432800116;1.0968486513575437;9.8150701470179;0.8475549012038804;1.116164827918774;1.1157604754478478;0.7743909856349762;-0.09582391911234071;0.7622505870926268
24.126929;1.0641945176846443;0.8317495430610001;0.7621968846519733;0.08941186128648355;0.08130019064437595;1.0967533724045118;9.814671364507241;0.8476490769345206;1.115913881116956;1.115704376607656;0.7743807743439856;-0.0958908416098163;0.7624098012081675
24.136929;1.0643545386309285;0.831905498075075;0.7619610278713594;0.08946008800167911;0.08135429243354697;1.0966612619669303;9.814418223738713;0.8477387699929749;1.1156631647350432;1.1156536500767396;0.7743718798934187;-0.09595775985174511;0.762576003780849
24.146929;1.0645114901029349;0.832073214981778;0.7617314153885084;0.08951052227651321;0.08141111474229676;1.09656988351711;9.814302297048899;0.8478232790354875;1.1154129051663129;1.1156084894100018;0.7743615748095273;-0.09602467402094156;0.7627462570910274
24.156929;1.0646653356639089;0.8322508703446762;0.7615072354106499;0.08956169541330308;0.08146928011303266;1.0964800103434942;9.814312934589076;0.8479020493637804;1.1151632490437695;1.1155690159528395;0.7743512481673039;-0.09609158424076376;0.7629216471879016
24.166929;1.0648150402095962;0.8324360259954634;0.761287644679105;0.08961226389019865;0.08152762741123627;1.0963917098502627;9.814437776432191;0.8479746655576768;1.114914319194599;1.1155351644001457;0.7743395098679552;-0.09615749060185604;0.7631001380237071
24.176929;1.064962377341714;0.8326313700935575;0.7610743966936836;0.0896637704817538;0.08158746218805277;1.0963063658794698;9.81466422522273;0.8480406578682448;1.1146662055952519;1.1155066628922;0.7743250557111329;-0.09622439325270796;0.7632800203226631
24.186929;1.0651062400268418;0.8328331121791259;0.7608652529671701;0.08971564015168106;0.08164832560943834;1.0962225997761188;9.814981895463424;0.8480993753700856;1.1144188912401212;1.1154831681127308;0.7743094066773679;-0.09629029244111031;0.7634620771623358
24.196929;1.065246008965036;0.8330422703688559;0.7606621196240675;0.0897694342751139;0.08171167164280056;1.096142025648205;9.81538369568948;0.8481501257106595;1.1141722602282276;1.1154643989387745;0.7742907706908374;-0.0963561884690302;0.7636446093745325
24.206929;1.0653833178022794;0.8332571834652293;0.760462810087996;0.08982261130537084;0.08177499112354215;1.0960650436834347;9.8158647102478;0.8481923621617554;1.1139261505200946;1.1154500845593789;0.7742681416016015;-0.09642208165254054;0.7638269777280506
24.216929;1.0655169127901045;0.8334786497946032;0.7602693016484553;0.08987570472787561;0.08183886440532395;1.0959908390046056;9.816420437064208;0.8482256568828833;1.1136804540560172;1.1154398913271135;0.7742404558587697;-0.09648797232731784;0.7640086583562558
24.226929;1.0656481188681572;0.8337053020762042;0.7600795659013734;0.08993047451276026;0.08190481762499512;1.0959214401905173;9.817046692586368;0.8482495609434226;1.113435217621682;1.1154334505025347;0.7742065901056815;-0.09655286085446717;0.7641890151833933
24.236929;1.0657782412104104;0.8339372821341513;0.7598929415240345;0.08998409368817349;0.08197011715739673;1.095855771032578;9.817741131109898;0.8482635700428799;1.1131906264946618;1.1154304524937084;0.774165334097238;-0.09661874762026766;0.7643678327031814
24.246929;1.0659055973596836;0.8341749651461461;0.7597109756505581;0.09003866950980609;0.08203678254420728;1.0957937330734233;9.818503648307258;0.8482671628970306;1.1129469534958865;1.1154308732584821;0.774115530550203;-0.09668363304637234;0.7645445118758232
24.256929;1.0660311995362053;0.8344168576321791;0.7595313238260308;0.09009337376290535;0.08210386536746381;1.0957341714408055;9.819335026260392;0.8482598188805062;1.1127045003994651;1.1154351622266365;0.7740562308001164;-0.0967485175824467;0.7647188864899852
24.266929;1.0661554112756795;0.8346655748194453;0.7593559035458721;0.09014966523848078;0.08217258304443474;1.095678697383316;9.82023628736876;0.8482410904761527;1.112463451707865;1.1154440241627785;0.7739867146184775;-0.09681340167254375;0.764890603570607
24.276929;1.0662780480860035;0.8349199974052647;0.7591838385783719;0.09020565619209386;0.08224116884315309;1.0956245981573094;9.821209529042463;0.8482107286665;1.112223783220431;1.1154579816219474;0.7739064778679848;-0.09687828574660344;0.7650591837126371
24.286929;1.0664000366046253;0.8351797812022741;0.759014352444427;0.09026056737405959;0.08230887621805742;1.09557292542204;9.822258334910284;0.8481687586155351;1.1119853033267932;1.1154772581586032;0.7738162878417804;-0.09694317026283804;0.7652250290297303
24.296929;1.0665219256351053;0.8354470724435848;0.7588491272763246;0.09031617783564623;0.08237738325496938;1.0955205987194034;9.823387153056295;0.8481155187074327;1.1117476220614906;1.1155019700869298;0.7737142436462761;-0.09700705573372354;0.7653853807843677
24.306929;1.066643118395574;0.8357185821346185;0.7586853801827587;0.09037301919815521;0.08244729639712393;1.0954674736646732;9.824600690066669;0.8480516532958391;1.1115100342501334;1.1155322315681118;0.7736017359779511;-0.0970719426897346;0.7655408593221636
24.316929;1.0667658859278655;0.835998972312828;0.7585254559223837;0.09042912748171346;0.08251668880989929;1.0954125294594124;9.825903234555112;0.8479779661032494;1.1112715523371057;1.1155681368091521;0.773480328416228;-0.09713583164038024;0.7656917478428551
24.326929;1.066890122840906;0.8362854907838098;0.7583666152261362;0.09048466014672561;0.08258578279772551;1.0953550837714472;9.82729787624447;0.847895242522894;1.1110310829854806;1.115609778051772;0.7733486445790937;-0.09719972306488922;0.7658360317876681
24.336929;1.0670152461697042;0.8365788130847261;0.7582101051937341;0.09054119792411687;0.0826561575300569;1.0952948033888934;9.828786909884295;0.8478042002737174;1.110787591208347;1.1156572230376673;0.7732092658533608;-0.09726361740796059;0.7659759071792049
24.346929;1.0671447476729494;0.836879679798861;0.7580549861420952;0.09059772851281087;0.08272668078559697;1.0952315832956512;9.830372580356059;0.847705468792232;1.110540245066715;1.1157103608009342;0.7730606634405981;-0.09732751507402987;0.76610987187105
24.356929;1.067278031037945;0.83718534118083;0.757900383098094;0.09065305826678599;0.0827963606375716;1.0951654060081435;9.832056336732421;0.8475995785058424;1.1102884829763968;1.1157687838147468;0.7729051772355962;-0.0973914164226529;0.7662404377771517
24.366929;1.0674180049333455;0.8374987578193251;0.7577480793804098;0.09070876706138575;0.08286646540435881;1.095096174377403;9.833837909640014;0.847487090008016;1.110031904578408;1.1158319175020543;0.772741983730587;-0.09745432178310766;0.7663668700201883
24.376929;1.0675634600574693;0.8378158654607689;0.7575958216662183;0.09076520858914076;0.0829374144935216;1.095023610013836;9.835715380386997;0.8473687657638247;1.109770158223153;1.1158991790608634;0.7725711091457993;-0.09751823147891331;0.76648958127914
24.386929;1.067714636778769;0.8381392197180472;0.7574459832987566;0.09082136374157612;0.08300824052317822;1.0949472779417964;9.837685569240305;0.8472455939998145;1.1095030383110323;1.1159698378014895;0.7723915281843451;-0.09758114581363068;0.7666072865157232
24.396929;1.0678713097383858;0.8384664187505609;0.7572964521344021;0.09087721755804558;0.08307894712053104;1.0948656910396712;9.83974441669062;0.8471186788992757;1.1092305926264108;1.1160428561180107;0.7722052382735828;-0.0976440650384725;0.7667219187956971
24.406929;1.0680326871152586;0.8387993562384851;0.75714937741375;0.09093335731115648;0.08315011235200484;1.0947804372068168;9.84188699788275;0.8469891082988041;1.1089530093695599;1.1161170046803424;0.7720113010933598;-0.09770698935831561;0.766832209498893
24.416929;1.0681980792304078;0.8391356158750597;0.7570028035570155;0.09098862881040908;0.08322064754371038;1.0946892019546182;9.844107730156791;0.8468578137914979;1.108670449070588;1.1161909855088592;0.7718099076645446;-0.09776991894047463;0.7669377765233297
24.426929;1.068366036266617;0.8394762069997714;0.7568586605788219;0.09104333260636081;0.08329083967150704;1.0945936449603781;9.846401456163287;0.8467254219915276;1.1083829513655483;1.1162634627643855;0.7716013741426156;-0.09783285389149982;0.7670381532239563
24.436929;1.068536347809145;0.8398195321672057;0.7567159470512633;0.09109792398310503;0.08336102612852557;1.094491334088946;9.848764510412245;0.8465921709937387;1.1080903806361897;1.1163332192642783;0.7713860041935564;-0.0978957942606498;0.7671328420009677
24.446929;1.0687089852004878;0.8401639373987798;0.7565738055257943;0.09115211806414993;0.08343087841530936;1.0943828201015606;9.851194918346739;0.8464579828721338;1.1077924613898862;1.1163993326229216;0.7711639525798821;-0.09795774007485294;0.7672212653769889
24.456929;1.0688845565919272;0.8405112973356889;0.7564344085002219;0.09120742354599869;0.08350172033482334;1.0942686509867958;9.853691932277215;0.8463226349085774;1.107488881532028;1.1164610749968893;0.7709352199574441;-0.09801969135357087;0.7673032608626578
24.466929;1.0690619048813932;0.840857532084215;0.7562957905342267;0.09126181342871584;0.083571764118736;1.0941463167267853;9.856256169399861;0.8461858449716065;1.1071793844886877;1.1165176357395246;0.7706997897371806;-0.0980826481099021;0.7673788810809223
24.476929;1.0692434626846177;0.8412058152980512;0.7561600656849294;0.09131651612130805;0.08364193094766516;1.0940162869374046;9.858889814445634;0.8460473110045362;1.1068638589125783;1.116568033575363;0.7704588417363992;-0.09814461035463823;0.7674489244689237
24.486929;1.069427765798771;0.8415521543293446;0.7560252778300838;0.09137082035962069;0.08371161623796901;1.0938780813121254;9.861594480479278;0.8459068150904085;1.1065423941696038;1.1166112820304288;0.7702109083554908;-0.09820557809767319;0.7675114928598408
24.496929;1.0696164125162335;0.8418993158695494;0.7558933429028546;0.09142488117892619;0.08378075778429857;1.0937313388159065;9.86436848420089;0.8457642399986242;1.1062152606550104;1.1166466078248347;0.769957873890501;-0.09826755132531109;0.7675678729335094
24.506929;1.0698081829694952;0.8422432912755935;0.7557618741539462;0.09147916007190691;0.08384982959117698;1.0935759234756164;9.86720685263162;0.845619447365916;1.105882885254932;1.1166735768888518;0.7697007853881271;-0.09832952993869315;0.767617912878018
24.516929;1.0700055356607394;0.8425876126745012;0.7556328111962803;0.09153413099503245;0.08391908961045721;1.0934119007300231;9.870102819155335;0.845472221575343;1.105545900072007;1.116692036646031;0.7694415891514147;-0.0983905137079335;0.7676624505338268
24.526929;1.0702074343477026;0.8429283676709273;0.7555035028397502;0.09159016380591517;0.08398900932142134;1.0932383646355708;9.8730487551533;0.8453223339236331;1.1052051870243536;1.1167019358971484;0.7691789986830685;-0.09845250229775897;0.7676998219773778
24.536929;1.070414769911462;0.8432682129654472;0.7553757011273786;0.09164627648264723;0.08405865773715267;1.093057346182845;9.876036807289758;0.8451695840060626;1.1048618195292235;1.1167032289701992;0.7689154916238923;-0.09851349531563576;0.7677319413344355
24.546929;1.0706281024671684;0.8436063329522882;0.7552480176922132;0.09170172026910368;0.08412733177791883;1.0928678271130616;9.879059817529567;0.8450138112537675;1.1045169409195206;1.1166959261767486;0.7686493838228772;-0.09857449233461764;0.7677572240418904
24.556929;1.0708476848292665;0.8439407223288873;0.7551182251485383;0.0917592054017724;0.08419753935038193;1.0926687764395426;9.882112392639481;0.8448549823049056;1.104171683594311;1.116680153899335;0.7683830134764018;-0.09863549292737651;0.767778021132121
24.566929;1.0710727324232774;0.8442735676293028;0.7549889561087494;0.09181558468225602;0.0842664600736951;1.0924622324168611;9.885191417224085;0.8446932622918324;1.103827180258557;1.116656126800609;0.7681158987117592;-0.09869649672365413;0.7677938293361691
24.576929;1.0713033964027705;0.8446015950424035;0.7548576047337111;0.09187206261869217;0.08433523994879856;1.09224640057323;9.88829480285677;0.8445289126592228;1.1034846095024295;1.1166240599510937;0.7678477118468159;-0.09875650344142428;0.7678041337690663
24.586929;1.0715399880619674;0.8449262798713838;0.7547264346499308;0.09193006361613834;0.08440523594685867;1.0920236799928524;9.891418429566702;0.8443620998009267;1.1031452797347836;1.1165840859714007;0.7675811512874395;-0.09881751286831264;0.7678118653216931
24.596929;1.0717819330602774;0.8452438876349551;0.7545940085598686;0.0919873505530851;0.08447449928836671;1.0917925936763895;9.894554733018412;0.8441928042655495;1.1028107612013271;1.1165362768531388;0.7673158288090716;-0.09887752483922872;0.7678165110081334
24.606929;1.0720294810643023;0.8455559636980099;0.7544634121419233;0.09204499084832432;0.08454403569187036;1.0915547356122666;9.897695304063749;0.8440208908504484;1.1024829447934013;1.1164807907062266;0.767052220253446;-0.09893853923042459;0.7678190605211083
24.616929;1.0722802490312833;0.8458568508723895;0.7543329144124011;0.09210325580555259;0.08461424203916265;1.0913108318526819;9.900833388026102;0.843846213576098;1.102163937074295;1.1164179228221287;0.7667907088870506;-0.09899855593640913;0.7678199494426389
24.626929;1.0725351244800083;0.8461494725814089;0.754206155035705;0.09216109136018802;0.08468395667808956;1.0910628160567821;9.903962820654323;0.8436686097452505;1.1018557568270884;1.1163478968131306;0.7665306317096834;-0.09905857485164675;0.7678188901453262
24.636929;1.0727919862409088;0.8464289396868108;0.7540813805229964;0.09221993980365494;0.0847545482919449;1.0908097736304263;9.907076811114672;0.8434878959737596;1.101559968455252;1.1162706834744527;0.7662742473451593;-0.09911759588555413;0.7678181487800502
24.646929;1.0730480358851975;0.8466951059112667;0.7539614561019737;0.09227916510467718;0.0848255613511794;1.0905537737197863;9.910169246271083;0.8433039768526013;1.1012775385222855;1.1161861441100862;0.7660206850315165;-0.09917761896002923;0.767817244954001
24.656929;1.073304449288201;0.8469460500961139;0.7538446729744127;0.0923386016546043;0.08489670502734098;1.0902957939589069;9.913235775550351;0.8431169094730834;1.1010090084300928;1.1160942686578612;0.7657709403940416;-0.0992376439676562;0.7678172288971955
24.666929;1.0735586978616591;0.8471815417544614;0.7537334346704682;0.09240001573601203;0.0849697714212929;1.0900358717797036;9.916272746991217;0.8429268563395819;1.10075482199216;1.1159952276741414;0.7655229310894295;-0.09929667075549543;0.7678161694496223
24.676929;1.073810305354803;0.8473988505816096;0.7536261772440216;0.09246110593529197;0.08504260644579595;1.0897773073282888;9.91927602029433;0.842733978635263;1.1005155276126426;1.1158893737355182;0.7652776045916821;-0.09935669915884224;0.767815470246535
24.686929;1.07405901583012;0.8476002501752691;0.7535255272899564;0.09252300841111125;0.085116203448137;1.0895206690011763;9.922241392856604;0.8425383035846249;1.1002916920231378;1.1157772886982031;0.7650350653427175;-0.09941572902403874;0.7678150168418081
24.696929;1.0743045061387886;0.8477831683258974;0.753429438308496;0.09258460374036093;0.08518949436374841;1.0892676160175863;9.925165278417253;0.8423397046834258;1.1000836304851749;1.1156596848620692;0.7647956201319737;-0.09947476019926398;0.7678150945092788
24.706929;1.0745447078636394;0.8479480157168232;0.7533397791980805;0.09264885095012118;0.08526534186547743;1.0890187297083254;9.928043904088831;0.8421380290318762;1.0998912059215216;1.115537199450706;0.7645606551631804;-0.09953379252689117;0.7678168038935295
24.716929;1.0747807754273786;0.8480941396942848;0.753255237949922;0.09271346026956855;0.08534150157571739;1.0887774050215735;9.93087195964442;0.8419332135554236;1.099713889081262;1.1154103281250296;0.7643284472688676;-0.09959182584807043;0.7678180206031235
24.726929;1.0750123539829362;0.848223445707146;0.7531780625829666;0.09277884263368531;0.0854183179423361;1.0885427730091852;9.933642681294222;0.8417253213080601;1.0995509408606243;1.1152794620805386;0.7641000673649874;-0.0996508600091056;0.7678198981967356
24.736929;1.0752403740775611;0.8483345403651152;0.7531065780301982;0.09284477064288886;0.08549541759774883;1.0883177774359214;9.936349022033774;0.8415145276659853;1.0994015017631789;1.1151449261812363;0.7638763944241228;-0.09970989485749727;0.7678232823668056
24.746929;1.0754645610358242;0.8484290487677724;0.7530427438616366;0.09291276628196936;0.08557413722734133;1.0881013286045096;9.938984030747292;0.841301060701804;1.0992646651861486;1.1150070975615238;0.7636552351122105;-0.09976793024711703;0.7678262704381069
24.756929;1.0756847467136408;0.8485048078526324;0.7529849417221284;0.09298265443503859;0.08565425893915832;1.0878962642199317;9.941540445961575;0.8410851438710057;1.099139580698313;1.1148665308373669;0.7634384961273826;-0.0998259660818044;0.7678313341813131
24.766929;1.0759025182098307;0.848565945496022;0.7529361381861848;0.0930521359142212;0.08573350062263249;1.0877012468409688;9.94401132067058;0.8408670060149883;1.0990255110909382;1.1147239026300473;0.7632242605207303;-0.09988400234676643;0.7678367636887052
24.776929;1.0761177720312824;0.8486094265851261;0.7528938711943058;0.09312327237313933;0.08581377673906251;1.0875177859132177;9.946391937299481;0.8406469057879754;1.0989218587214835;1.1145798274000762;0.7630147348184223;-0.09994203903987178;0.7678446171476434
24.786929;1.0763291434863624;0.8486365144337833;0.752860425852864;0.09319529692489041;0.08589448899575962;1.0873462490636225;9.948680644197422;0.8404250784731239;1.0988281767255632;1.1144346948357107;0.7628081623276965;-0.10000007604690057;0.7678528695509824
24.796929;1.076538792450688;0.8486465416657506;0.7528336395029903;0.09326795086866461;0.08597519305021065;1.0871868181243296;9.95087713816467;0.8402016397506946;1.0987440993239195;1.1142886436304527;0.7626067946567304;-0.10005811312303522;0.7678634837324055
24.806929;1.0767449084590734;0.8486404391606137;0.7528155804005493;0.09334292398131477;0.0860575272232157;1.0870395031888793;9.952980146122767;0.8399766069517216;1.0986691279566425;1.1141416900450487;0.7624099474888316;-0.10011614998489145;0.7678755174458681
24.816929;1.0769486267948956;0.8486176520197669;0.7528047753135542;0.09341654216697891;0.08613793205138544;1.0869041937837172;9.954986646387907;0.8397500962828358;1.0986024028791215;1.1139938269925622;0.7622180661120075;-0.10017318634928625;0.7678889294543556
24.826929;1.0771483998736218;0.8485789509303787;0.7528026613475797;0.09349356585624394;0.08622087122838462;1.0867805976273404;9.95689200532398;0.8395224850102967;1.098542713213549;1.1138449766852063;0.7620317161149366;-0.10023022191218646;0.7679039835107541
24.836929;1.0773443962249616;0.8485238261243447;0.7528080402323913;0.09356930047343553;0.08630194893376056;1.0866681154709377;9.95869051874151;0.8392943524068747;1.0984887414202569;1.1136948984350412;0.7618505500581293;-0.10028825637375047;0.7679200020314774
24.846929;1.0775379744562583;0.848455621040951;0.752822368751234;0.09364808782947878;0.08638502269110027;1.0865658790025727;9.9603770616481;0.839066360413893;1.0984392811645418;1.113543152246679;0.7616773400343182;-0.10034528948313698;0.7679388692334614
24.856929;1.0777266302049147;0.8483716374346469;0.752844351921667;0.09372563133148985;0.08646629478486534;1.086472959581455;9.961949019511014;0.8388392755486359;1.0983932531520537;1.1133891882946847;0.7615119980275511;-0.100402321046232;0.7679598036616131
24.866929;1.0779121359774784;0.848275665865237;0.7528757613685472;0.09380508038067509;0.08654853499791335;1.0863876058208617;9.963406971585561;0.8386139906546238;1.0983496598754077;1.1132325570786568;0.7613554937520561;-0.10045935090374969;0.7679828279407392
24.876929;1.0780944171223208;0.8481664012131915;0.7529149960712985;0.09388295041653136;0.08662857488352817;1.08631141907192;9.964754388830032;0.8383913898628331;1.098307731351327;1.1130729859017447;0.7612087451407965;-0.10051537890449215;0.7680078283203136
24.886929;1.0782745760009347;0.8480467779973145;0.7529633704554026;0.09396361384210843;0.08671042801703623;1.0862423108503114;9.965997388015174;0.8381722113815592;1.0982671105211192;1.1129102145947178;0.7610725554769973;-0.10057240492001185;0.7680351366706175
24.896929;1.0784522261749652;0.8479155620059649;0.7530191846960856;0.0940435378633361;0.08679091017889227;1.0861822401488102;9.967144208582866;0.8379570270822253;1.098227735620918;1.1127438811558974;0.7609485964643715;-0.10062842888293425;0.7680656917859077
24.906929;1.0786277178760926;0.8477765165037723;0.753084730842507;0.09412361345802266;0.08687083559932228;1.0861290450644865;9.968204388059418;0.8377462612999091;1.098189571944755;1.1125736085414477;0.7608354336507003;-0.10068545076519936;0.7680981574951037
24.916929;1.0788004355688434;0.847627633711042;0.7531576747561636;0.09420338549636184;0.08694983895525814;1.0860844703511314;9.969188551692215;0.8375402499803657;1.0981525298446801;1.1123991465576233;0.7607345616528228;-0.1007414705192877;0.7681337479628094
24.926929;1.0789689303817078;0.8474710905413008;0.753240277917219;0.09428279529349459;0.08702798516758013;1.0860461392439458;9.970108206477166;0.8373393706353118;1.0981164657792575;1.1122204252090397;0.7606463945233329;-0.10079748805927219;0.7681730181702077
24.936929;1.0791356004279578;0.8473069832222662;0.7533304527568353;0.09436230543161493;0.08710552377571516;1.0860144366519144;9.97097508489083;0.8371441292710394;1.098081127148368;1.1120374839449765;0.7605712105726181;-0.10085350328033069;0.7682162941506314
24.946929;1.079298844235428;0.8471369807159037;0.7534306654149688;0.09444112456276586;0.08718190112109993;1.0859885191071617;9.971800658593525;0.8369551204247097;1.0980462259601682;1.1118504028471015;0.7605100872350575;-0.10090951610063026;0.7682647827985564
24.956929;1.079458159029095;0.846958712448528;0.7535388113990729;0.09452013500765123;0.08725803509387782;1.0859674533012669;9.972595304826548;0.8367729145675916;1.0980116373204005;1.1116593171165357;0.7604608591082452;-0.10096452649279564;0.7683163712595443
24.966929;1.0796146551575196;0.8467763547305797;0.7536574117526577;0.09459815918255188;0.08733278855009628;1.0859503602223777;9.973366615827963;0.836597944029869;1.097977446100157;1.1114643954850074;0.760425128309712;-0.10102053446489292;0.7683730587776467
24.976929;1.0797666131691486;0.8465874246665614;0.7537846727259783;0.09467511504256641;0.08740623455521687;1.0859365311307083;9.974118447634604;0.836430449628737;1.0979438431885182;1.1112657726263602;0.7604002887434573;-0.1010765400340032;0.7684323460167921
24.986929;1.0799149733073932;0.8463958198122873;0.7539228010547295;0.09475103730525518;0.08747832982576523;1.085925459926574;9.974852154133796;0.8362705047173604;1.09791106486983;1.1110635194762055;0.7603875269034076;-0.10113154323655493;0.7684956535991659
24.996929;1.0800581180197513;0.8461982613429909;0.754069151817603;0.0948281910204322;0.08755130172632371;1.0859167844143824;9.975568311140883;0.836118043827489;1.0978793707002419;1.1108576758365665;0.7603838913581165;-0.10118654415277734;0.7685607188413139
25.006929;1.0801966122498665;0.8459989692858236;0.7542262561359758;0.09490407180578467;0.08762279941139539;1.0859102377755576;9.976267254703183;0.835972870156276;1.0978489660380284;1.1106483825081381;0.7603904607437024;-0.1012415429122757;0.7686291763195268
25.016929;1.080330216217416;0.8457957070997478;0.7543910724896054;0.09497839530256698;0.08769259491204098;1.0859056437811063;9.976949215760632;0.8358346965404735;1.0978199206238703;1.1104359875485919;0.7604044516257628;-0.10129653966944041;0.768698747350251
25.026929;1.0804606068659273;0.8455914919178028;0.7545640140703467;0.09505175986014165;0.08776112943406367;1.085902892424603;9.977614499088697;0.8357032105266842;1.0977921954309429;1.1102209724547856;0.7604271917500198;-0.10135153457590092;0.7687711474012806
25.036929;1.080585463910931;0.8453854292774696;0.7547447811115638;0.09512558163891263;0.0878299269615805;1.085900895857469;9.978263457563008;0.8355781081425178;1.097765723831244;1.1100038265789889;0.7604570635420576;-0.10140652777365024;0.7688451357089786
25.046929;1.0807064804330897;0.8451770015136589;0.7549306449538795;0.09519942329086638;0.08789847312707925;1.0859015716408291;9.978896434203103;0.8354590983191954;1.0977404430772066;1.1097850077197549;0.760493484777133;-0.10146051939691515;0.7689203475590562
25.056929;1.0808235231515693;0.8449691030340073;0.7551233938406071;0.0952720749079466;0.08796568800361275;1.0859028424587847;9.979513773944152;0.8353459023816281;1.0977162939550933;1.109564945354485;0.7605349060300233;-0.10151550957294278;0.7689958349574609
25.066929;1.080936450110267;0.8447593008377874;0.7553199673759139;0.0953432521827109;0.08803134621253932;1.0859066334185006;9.980115842913163;0.8352382531938011;1.0976932218493523;1.109344041474331;0.7605828088342882;-0.10156949842213804;0.7690731150241396
25.076929;1.0810450144564874;0.8445497411492648;0.7555216679129236;0.09541531987896675;0.08809767581586622;1.0859108704303289;9.980703031287836;0.8351358941561353;1.0976711766361344;1.1091226703144386;0.7606357040219743;-0.1016234860579168;0.769151138310829
25.086929;1.0811506928440222;0.8443396782931517;0.7557259631456529;0.09548580531378728;0.08816229774438461;1.085917479766737;9.98127574204821;0.835038578772473;1.0976501104674903;1.1089011786716605;0.7606931303674936;-0.10167747258697879;0.7692297293097884
25.096929;1.0812532291213726;0.844131211464801;0.7559342341997859;0.09555707203841937;0.08822743799291703;1.0859243887842571;9.981834376306653;0.8349460702651115;1.0976299766340425;1.1086798869631822;0.7607546544486714;-0.10173145810982948;0.7693087254972261
25.106929;1.0813524599786535;0.843922159998095;0.756143898469187;0.0956276801953334;0.0882918029724175;1.085932528797246;9.982379317653287;0.8348581412637359;1.0976107311016114;1.108459090754517;0.7608198708941586;-0.10178544272104591;0.7693879769113388
25.116929;1.0814472603255667;0.8437141743020597;0.7563566451550838;0.09569770454188649;0.08835557514415576;1.0859418375467484;9.982910921305646;0.8347745736419165;1.0975923336056181;1.108239061897358;0.7608884009068773;-0.10183942650934054;0.7694673455448151
25.126929;1.081540238747811;0.8435073137423359;0.7565700951605412;0.09576656707094088;0.0884180286635346;1.085953259006936;9.98342952069709;0.834695158448279;1.0975747459558367;1.108020049034979;0.7609598891310445;-0.10189340955772275;0.7695467043629767
25.136929;1.0816293134433068;0.8433017420708326;0.7567853470374785;0.09583678369499804;0.08848167638381972;1.085964741968413;9.983935442730907;0.8346196965422512;1.0975579298423026;1.1078022783689576;0.7610340013384016;-0.10194639194378623;0.7696258046908786
25.146929;1.0817162347968923;0.8430974217244553;0.7570006392189962;0.09590433537114237;0.08854268486003798;1.0859772382410078;9.984429009694168;0.8345479992355533;1.0975418474498135;1.1075859551879554;0.7611114238476172;-0.1020003737401272;0.7697057935284923
25.156929;1.0817997779304225;0.8428940802568974;0.7572161479960126;0.09597252626315236;0.08860422277329424;1.0859907003858025;9.984910532809;0.8344798881399405;1.0975264641340274;1.1073712658206563;0.7611898628532686;-0.10205335501482335;0.7697843264394227
25.166929;1.0818816868410768;0.8426944188277423;0.757432723492423;0.09604067807712573;0.08866553854725043;1.0860050803905978;9.985380314068717;0.8344151948797198;1.0975117489248862;1.1071583790243553;0.7612700429506548;-0.10210633583163348;0.7698624362511569
25.176929;1.081959868193036;0.8424946156461999;0.7576479529604971;0.09610761892724991;0.08872573845282682;1.0860193298285357;9.985838648684148;0.8343537600783543;1.097497672716535;1.1069474467565623;0.7613517054530144;-0.10215931625011031;0.7699400401076475
25.186929;1.0820359565137054;0.8422984879101248;0.7578638572680276;0.09617428397436198;0.08878556695198189;1.0860354001055335;9.986285822045437;0.8342954315094692;1.0974842083229868;1.1067386054727815;0.761435606561533;-0.1022122963261854;0.770018052175922
25.196929;1.0821097628036018;0.8421030254003369;0.7580774779192198;0.09624153690645852;0.08884585077985639;1.0860522421790446;9.98672211699159;0.8342400634355998;1.097471331358597;1.1065319778120883;0.7615195163901302;-0.10226527611300151;0.7700944170296823
25.206929;1.0821810920521802;0.8419112016585268;0.7582914093453161;0.09630700700734957;0.08890443101448034;1.0860698065858982;9.98714783335338;0.834187517311773;1.0974590186332782;1.1063276741136594;0.7616052197238263;-0.10231725566115503;0.7701709146546434
25.216929;1.0822506027126872;0.8417203937793398;0.7585024986365161;0.09637384495941659;0.08896417376347279;1.086087044622204;9.987563302847878;0.8341376621523152;1.097447246079688;1.1061257938233355;0.7616905169403393;-0.10237023501817165;0.7702457589236029
25.226929;1.0823180891538304;0.8415335583177967;0.7587133782346671;0.09643967921263173;0.08902291927052818;1.0861059103415964;9.987968883114394;0.8340903740468535;1.097435988535368;1.105926426659192;0.7617772237562314;-0.10242221422814304;0.770320604777388
25.236929;1.0823833426711815;0.8413479937742925;0.7589214847513068;0.09650421859247789;0.08908042791285996;1.0861243623734553;9.988364929508192;0.8340455351435356;1.0974252211803643;1.1057296533759793;0.7618631705806918;-0.10247519333226796;0.7703936779268589
25.246929;1.0824470119230702;0.8411651988882597;0.7591275469854012;0.09656933982147564;0.08913838963319308;1.0861443644684836;9.988751768253682;0.8340030327353186;1.0974149218145253;1.1055355452014375;0.7619502018500656;-0.10252717236982554;0.7704666468310496
25.256929;1.0825088846834936;0.8409862596646166;0.7593325463461584;0.09663463202906525;0.08919645345599178;1.0861638839440035;9.989129685338895;0.8339627593102207;1.097405071511082;1.1053441620655282;0.7620361747195884;-0.1025791513784012;0.7705376183180388
25.266929;1.082569033092578;0.8408089297180528;0.7595342068685593;0.09669941191267029;0.0892539932803517;1.0861848894600286;9.989498925821675;0.8339246126790656;1.0973956526998114;1.105155552747989;0.7621229572328335;-0.10263113039311345;0.7706085373109933
25.276929;1.0826272410653743;0.8406357812785464;0.7597349221874546;0.09676245907674579;0.08930991112893438;1.0862053501046272;9.989859704962212;0.8338884946972724;1.0973866475788745;1.1049697582032527;0.7622094269839705;-0.10268310944603329;0.7706783801873015
25.286929;1.0826831926159772;0.8404633718940786;0.7599316253565316;0.09682705626202133;0.08936727270376789;1.0862262356730892;9.990212222437945;0.8338543097303758;1.0973780387215855;1.104786814733534;0.76229547078351;-0.10273408856638441;0.7707469859795252
25.296929;1.0827385860348924;0.840296128672451;0.7601271006208159;0.09689055991858656;0.08942350853657598;1.0862475175327597;9.990556665567286;0.8338219644201916;1.0973698109048426;1.10460675438262;0.7623799844673883;-0.10278606778075877;0.7708136040211797
25.306929;1.0827912860860684;0.8401297718807403;0.7603188364474046;0.09695294629132499;0.08947878264989018;1.086270169009245;9.990893211739461;0.8337913680284414;1.0973619521635933;1.1044296033433751;0.7624648719224667;-0.10283804711302899;0.7708800625803246
25.316929;1.0828438478463283;0.8399672730822707;0.7605077014096124;0.09701582168955931;0.08953437528377793;1.086292163998513;9.991222038147676;0.8337624326044029;1.0973544523426824;1.104255380705056;0.7625490436039573;-0.10288902658438841;0.7709452195791636
25.326929;1.0828941324744816;0.8398081440872766;0.7606947172110897;0.09707904214731172;0.0895903393328283;1.0863144747056865;9.991543329319422;0.83373507336833;1.0973472997868474;1.1040840990665437;0.7626324155908947;-0.1029400062136194;0.7710091924566407
25.336929;1.0829441168351441;0.839651613928349;0.7608777369481473;0.09714165365160866;0.08964563995965986;1.0863370707235587;9.991857277241694;0.8337092093342245;1.097340479277838;1.1039157656720782;0.7627149098095733;-0.10299098601724281;0.771071967902438
25.346929;1.0829916553938588;0.8394983387995683;0.7610588650121924;0.09720385583917786;0.08970064766121154;1.0863599200333875;9.992164075542243;0.8336847636232347;1.0973339734083083;1.103750382929598;0.7627964544993704;-0.10304196600956614;0.7711335346074057
25.356929;1.0830383309851779;0.8393473902976607;0.7612361050494325;0.09726519958024167;0.08975482533871003;1.0863829911070166;9.9924639052529;0.8336616631491199;1.0973277652694053;1.1035879490088343;0.7628769838689612;-0.10309294620312337;0.7711938838526156
25.366929;1.0830848620036273;0.8392010135597264;0.7614110084271855;0.09732778938166801;0.08981006263542585;1.0864052549777714;9.992756912973302;0.8336398379236918;1.097321838848166;1.1034284581820604;0.7629564376771989;-0.10314392660947831;0.77125301043803
25.376929;1.0831293760876846;0.8390560594368085;0.7615819971897764;0.09738889918413472;0.0898640066130757;1.0864286858225054;9.99304320507551;0.8336192202501322;1.0973161772613167;1.1032719010223335;0.7630347611662787;-0.10319490723976393;0.7713109132123622
25.386929;1.0831728760619357;0.8389140889942877;0.7617498117292304;0.09744989662441332;0.08991784248364243;1.0864522598804989;9.99332286801412;0.8335997439413668;1.0973107612731727;1.1031182649977864;0.7631119050071579;-0.10324488810468348;0.7713674610048727
25.396929;1.0832151220904103;0.8387761078344428;0.7619155732775608;0.09751036707361818;0.08997121394689166;1.0864749540285126;9.993595980457657;0.8335813445617032;1.0973055694634988;1.10296753484031;0.763187825783719;-0.10329586921420687;0.77142292469661
25.406929;1.0832567332562681;0.8386400570106136;0.7620769760594744;0.09757114867573954;0.0900248488563248;1.0864987453098869;9.993862605388255;0.8335639613607869;1.0973005797975708;1.1028196927345884;0.7632634864293044;-0.10334585057734688;0.7714780337392048
25.416929;1.0832974679256075;0.8385080872113968;0.7622362161689767;0.0976321713632117;0.09007870812323701;1.0865226116513413;9.994122790702335;0.833547539541023;1.0972957708135722;1.102674719006413;0.7633368561584526;-0.1033968322021112;0.7715310789874864
25.426929;1.0833373686350722;0.8383778624362889;0.7623911566243435;0.09769274823309575;0.09013215940206398;1.0865455321954112;9.994376583927897;0.8335320312458372;1.0972911216109416;1.1025325936466894;0.7634089108537346;-0.10344681409541463;0.7715827917010026
25.436929;1.083376475934466;0.8382505057764912;0.7625428594455649;0.09775322678700335;0.09018552418537942;1.0865694870340408;9.9946240428924;0.8335173947624254;1.0972866125259553;1.102393297617389;0.7634796323293517;-0.10349679626307087;0.7716333141273741
25.446929;1.083413583851811;0.8381265876853545;0.7626927657517223;0.09781217152995894;0.0902375826028058;1.0865924584850524;9.994865236104463;0.8335035923613734;1.0972822267776037;1.1022568122418563;0.763550004933433;-0.10354677871002699;0.771683647158291
25.456929;1.0834512179040063;0.8380052132408573;0.7628383232424503;0.09787130749863764;0.09028971922283109;1.086615433194688;9.995100241735237;0.8334905885126145;1.09727795115294;1.1021231179083812;0.7636180121477567;-0.10359576144054713;0.7717316860926806
25.466929;1.0834881698969818;0.8378874146425115;0.7629814097836614;0.09793185265860636;0.09034316139831358;1.0866394023884722;9.99532915271406;0.833478349814818;1.0972737758597575;1.1019921938932735;0.7636856356115999;-0.10364574445821986;0.7717796933502573
25.476929;1.0835235183282497;0.8377707752924043;0.7631205225542945;0.09799094548023668;0.09039534990167468;1.0866623606256238;9.995552076359962;0.8334668456126428;1.0972696939804718;1.1018640181459673;0.763750855887051;-0.10369572776583179;0.7718255670002114
25.486929;1.0835592160591643;0.8376587483438348;0.7632575371431716;0.09805016573726047;0.09044758271781439;1.08668530473755;9.995769112048654;0.8334560474418116;1.0972656998041443;1.1017385664572066;0.7638156539648977;-0.10374471136519245;0.7718711689360477
25.496929;1.0835940545928349;0.8375480932423052;0.7633903986201583;0.09810819761967787;0.09049875059936495;1.0867082328039155;9.995980322204856;0.8334459271900527;1.097261786822242;1.1016158120929582;0.7638780130791168;-0.10379369525710301;0.7719146643714834
25.506929;1.083627683948297;0.8374394297803781;0.7635200075443096;0.09816704687471496;0.09055073625353208;1.0867311425502133;9.99618573646529;0.833436455583179;1.0972579469914883;1.101495726283223;0.7639399196949062;-0.10384367944141928;0.77195818097372
25.516929;1.0836608117769966;0.8373348458261338;0.7636478720727249;0.09822501132838804;0.09060191380204845;1.0867540302139385;9.996385388911591;0.8334276018764789;1.0972541717034139;1.1013782788219113;0.7640003630485833;-0.10389266391735853;0.7720004689950162
25.526929;1.0836944308887904;0.8372320649199073;0.7637712740127965;0.09828358025995422;0.09065357684069161;1.0867768911435784;9.996579337591628;0.8334193343572681;1.0972504534753784;1.101263438184458;0.7640583348095157;-0.10394164868415416;0.772040680054263
25.536929;1.0837266572148787;0.8371325205307062;0.7638929553825295;0.09834140432277926;0.09070464112080152;1.0867997206671205;9.99676765118757;0.8334116211607758;1.0972467867547482;1.1011511723953096;0.7641158297916939;-0.10399063374134662;0.7720808048969656
25.546929;1.0837584772547058;0.8370342826207603;0.7640105195492186;0.0983988186916359;0.09075533537711039;1.0868225128567337;9.996950395349682;0.8334044307994295;1.0972431667495999;1.1010414502332087;0.7641718460048816;-0.10403961908827254;0.7721198626811075
25.556929;1.0837908720771936;0.8369388840121345;0.7641247667980383;0.09845719313430328;0.09080684179608102;1.0868452585152446;9.997127628358927;0.8333977319106807;1.0972395868774705;1.1009342404633635;0.7642253835094541;-0.10408760472343348;0.7721567396737954
25.566929;1.0838216569684407;0.8368464707398476;0.7642374636113198;0.09851407044934937;0.09085707740166454;1.0868679456482373;9.997299401405419;0.8333914928692002;1.0972360375793841;1.100829510273042;0.764278443481773;-0.10413659064435088;0.7721937000439694
25.576929;1.0838523771489161;0.836755375649;0.7643460636081264;0.09857131071459248;0.09090762773894283;1.0868895627310684;9.997465775500602;0.8333856822258079;1.0972325077188114;1.1007272248552595;0.7643300278793267;-0.10418457684763824;0.7722294982639463
25.586929;1.0838827597553047;0.8366680764406408;0.7644531341863;0.09862768971778309;0.09095738577304276;1.0869121016606114;9.997626851903131;0.8333802693640392;1.097228985963789;1.1006273479412878;0.7643801396135482;-0.1042335633290836;0.7722644174729419
25.596929;1.0839128177780097;0.8365815309460873;0.7645559502804179;0.09868482979836382;0.09100784548167459;1.0869345577570335;9.9977827815035;0.8333752248196531;1.0972254609933132;1.100529842991609;0.7644287830590137;-0.1042815500841325;0.7722982018752401
25.606929;1.08394256488192;0.8364971936828863;0.7646559341342861;0.0987419238412792;0.09105826055726306;1.086955928723775;9.997933738848799;0.8333705208013478;1.0972219225423285;1.1004346738348743;0.764475963914635;-0.10432953710870213;0.7723310005876359
25.616929;1.0839720159505375;0.8364165170023181;0.764754509142589;0.09879816431120453;0.09110788475917089;1.0869782154940395;9.998079887453835;0.8333661312774576;1.097218363498222;1.1003418037328452;0.7645216884433652;-0.10437752439963634;0.7723628297036018
25.626929;1.0840011867948547;0.8363364531994182;0.7648489537973607;0.09885517281514415;0.0911582123352732;1.0869994235567002;9.99822136294904;0.8333620308921925;1.0972147809081148;1.1002511940835362;0.7645659636966455;-0.10442551195456082;0.7723937066512752
25.636929;1.0840291348827376;0.8362591890998772;0.7649420547891902;0.09891146395397447;0.09120795348369808;1.0870215621138162;9.998358277998085;0.8333581945306647;1.0972111753824831;1.1001628041447309;0.7646087988269068;-0.10447349977150926;0.7724236500915356
25.646929;1.0840575050839398;0.8361834145130106;0.7650315391681866;0.09896647687397753;0.09125645372738951;1.0870426416939953;9.998490728580089;0.8333545989484542;1.0972075509180803;1.1000765917026456;0.7646502057217391;-0.10452148784863347;0.7724526797880403
25.656929;1.0840859244571668;0.8361097376620733;0.7651183313478004;0.09902221485117456;0.09130559287697697;1.087063672514;9.998618791267692;0.8333512244768647;1.0972039156554787;1.099992513840141;0.7646901983750618;-0.10456847618407503;0.7724806808548796
25.666929;1.0841141176613078;0.8360391312544534;0.7652036223944737;0.0990782610581964;0.09135501129234;1.087085664051047;9.998742528064458;0.8333480551672462;1.0972002818362552;1.0999105273862195;0.7647297918469804;-0.1046164647758947;0.772508933784053
25.676929;1.0841411344362681;0.8359684731999951;0.7652853056182601;0.09913405912958069;0.09140427768181496;1.0871066249583068;9.998861996209271;0.8333450780616259;1.0971966642413464;1.0998305895377825;0.7647670013465755;-0.10466345362183789;0.7725352042903619
25.686929;1.0841688976801767;0.8359007372356207;0.7653648583702076;0.09918853561890754;0.09145224173626033;1.0871275631724897;9.998977248909188;0.8333422821655353;1.0971930779270735;1.0997526585175472;0.764802841274038;-0.10471044271891626;0.772560634757322
25.696929;1.0841954976681707;0.8358348138392511;0.7654427071822375;0.09924461029235247;0.09150175780186538;1.08714848629306;9.999088335509686;0.833339657198734;1.0971895371296303;1.0996766931247677;0.7648373248615494;-0.10475843206315483;0.7725853772094002
25.706929;1.0842228583431814;0.8357705597850602;0.7655174520937446;0.09929902108698399;0.09154965727035957;1.0871694024458278;9.999195308293578;0.8333371925220212;1.0971860559854496;1.0996026512735777;0.7648714652739642;-0.10480542164973372;0.7726101685064094
25.716929;1.0842490730815881;0.8357080249320751;0.7655905844718308;0.0993550324051684;0.09159911229261838;1.0871903209280063;9.999298232755843;0.8333348769029615;1.0971826494268229;1.099530488895106;0.7649032768121123;-0.10485241147340431;0.7726331775969042
25.726929;1.0842751138874749;0.8356463089764619;0.765660681510378;0.09940951433602375;0.09164715701243299;1.0872112504087557;9.999397192530278;0.8333326988612906;1.0971793325774535;1.0994601601102802;0.7649337752201347;-0.10489940152885383;0.7726554086166156
25.736929;1.0843019563709924;0.8355869427947605;0.7657285606452471;0.09946383589079376;0.09169497304791793;1.0872321958527762;9.99949227926392;0.8333306467035347;1.097176118408836;1.0993916186368011;0.7649639782263414;-0.1049453918108411;0.7726777295992505
25.746929;1.0843277035194818;0.8355295137411096;0.7657952829060579;0.09951860695026883;0.09174328488852593;1.0872531583516551;9.99958357976225;0.8333287087215734;1.0971730156474782;1.0993248197310848;0.7649919060810859;-0.10499238231437998;0.7726984430037528
25.756929;1.0843533340219267;0.8354724307516725;0.7658587862547688;0.09957300724718689;0.09179125553076715;1.08727413781096;9.999671171879298;0.8333268742777755;1.097170028901416;1.0992597218483962;0.7650195809280805;-0.10503937303504883;0.7727194065777153
25.766929;1.084378868375386;0.8354179601112445;0.7659212427592442;0.09962772718299072;0.09183952164899835;1.0872951343149626;9.999755121900163;0.8333251344788849;1.0971671607908795;1.0991962876353845;0.7650450255493155;-0.10508536396904392;0.7727385140626546
25.776929;1.0844043255153188;0.8353640944559529;0.7659808835672438;0.09968092311806435;0.09188638399310561;1.0873151468506872;9.999835482423485;0.8333234815310516;1.0971644142852601;1.0991344844297934;0.7650702622421911;-0.10513135511294436;0.7727578940298717
25.786929;1.0844297220301047;0.8353112586578562;0.7660381806141392;0.09973525027130985;0.09193429069821724;1.0873361722137418;9.999912295864055;0.8333219082819023;1.09716179240376;1.0990742838844092;0.7650943122634616;-0.1051783464635454;0.7727767035932022
25.796929;1.0844550730862568;0.8352612582007867;0.7660948761751076;0.09978874386354714;0.09198143081888058;1.087357205036038;9.999985604175471;0.8333204082444636;1.0971592954807716;1.099015660082308;0.765116196393085;-0.10522433801770309;0.7727936922224732
25.806929;1.084480393665843;0.8352110557552144;0.7661482458595875;0.0998430248205509;0.09202929856807444;1.087377237740094;10.000055459181723;0.8333189747678368;1.097156920221519;1.0989585881141182;0.7651379358641649;-0.10527032977189456;0.7728109889975603
25.816929;1.0845054123977516;0.8351623263886581;0.7662001110639949;0.09989536568981139;0.09207540383174938;1.0873982608279067;10.000121924578313;0.8333175999674826;1.0971546609861105;1.0989030451580375;0.7651585527344096;-0.10531632172189269;0.7728276136851975
25.826929;1.0845307140966238;0.8351161048107426;0.7662510961274616;0.0999487914798191;0.09212248610356161;1.0874182638366392;10.000185065808225;0.8333162749814232;1.097152510232908;1.0988490114544878;0.7651770700007264;-0.1053623138630094;0.7728425840425287
25.836929;1.084556022975369;0.8350699103773872;0.766299192456311;0.10000185073053328;0.09216923123629826;1.0874392366644683;10.000244934963376;0.8333149911469508;1.0971504589893843;1.0987964685143012;0.765195511619346;-0.1054073061904732;0.7728577536305686
25.846929;1.084581346893565;0.8350260149059401;0.7663465671871964;0.10005523322212227;0.09221627451947126;1.0874591710666743;10.000301559830277;0.8333137407792433;1.0971484988169071;1.098745396749167;0.7652129024619796;-0.10545329869955268;0.7728724148278144
25.856929;1.0846057343136144;0.8349813085183215;0.7663911018787465;0.10010838103570145;0.09226318267913797;1.0874790615245835;10.000354940555347;0.8333125173294161;1.09714662328861;1.0986957751296809;0.7652292684939986;-0.10549829138582642;0.7728863075341562
25.866929;1.084631108240874;0.8349387802983332;0.7664342613442785;0.1001602212526261;0.09230880350870892;1.087499905208779;10.000405064392343;0.8333113149468905;1.0971448283001421;1.0986475821726338;0.7652446370245535;-0.10554428424567142;0.7728997178795074
25.876929;1.084655558725227;0.8348973377957888;0.7664764602368835;0.10021367113413565;0.0923559887942188;1.0875197010198783;10.00045194187499;0.8333101279426575;1.0971431121974724;1.098600797000133;0.7652590369362282;-0.1055892772762154;0.7729123879374807
25.886929;1.0846810087600622;0.8348568542900836;0.7665162887610855;0.10026546809753364;0.09240156870622498;1.0875394485110375;10.000495637023151;0.8333089513856528;1.0971414751093842;1.0985554002562299;0.7652724991790854;-0.10563427047451854;0.7729244701966862
25.896929;1.0847055482769574;0.8348162424382358;0.7665541655605587;0.10031852863578236;0.09244839519081104;1.0875591484783342;10.000536262015437;0.8333077825301882;1.0971399176536922;1.0985113740385481;0.7652850565811155;-0.1056802638367833;0.7729361174924497
25.906929;1.0847311002704014;0.8347788457019801;0.7665918797967312;0.1003706237716393;0.09249425165567611;1.0875788038724763;10.000573946345009;0.8333066212899305;1.0971384407383584;1.0984686999661644;0.7652967420184956;-0.10572525735825725;0.7729470721700363
25.916929;1.0847560409977517;0.8347405908928942;0.7666268949133558;0.10042324260860981;0.09254065059407121;1.0875984187784056;10.000608816870367;0.8333054693909506;1.0971370466154902;1.0984273568777927;0.7653075866585963;-0.10577025103357321;0.7729574862006485
25.926929;1.0847817229103862;0.8347038741036856;0.7666605278803554;0.10047494197918865;0.09258614836976849;1.0876179968037687;10.000640996901101;0.8333043294215504;1.097135739793138;1.098387320725263;0.7653176195622837;-0.10581424485708514;0.7729672394567312
25.936929;1.0848065245582297;0.8346684345191788;0.7666937514149653;0.1005270898805364;0.09263214584289152;1.087637540192644;10.000670603291224;0.833303204098757;1.0971345266273889;1.0983485656835301;0.7653268676341225;-0.10585923882313134;0.7729766233596786
25.946929;1.0848314151340035;0.834632700310758;0.7667244969316068;0.10057886514071905;0.0926778056666912;1.087657049403405;10.00069773682916;0.8333020959146749;1.0971334140997637;1.09831106432702;0.7653353558063319;-0.10590423292605727;0.7729855188069137
25.956929;1.0848564064960677;0.8345989577259844;0.7667549284205588;0.10063095603968243;0.09272376374766199;1.0876765235424937;10.000722479919501;0.8333010074487353;1.0971324091052266;1.0982747881897281;0.7653431081213322;-0.10594822716009927;0.7729938047446384
25.966929;1.0848824677423028;0.8345659786578071;0.7667832916776939;0.10068138579837936;0.09276811859192446;1.0876959612603059;10.000744904495688;0.8332999411256398;1.097131517619486;1.098239708433643;0.765351148751123;-0.10599322151961546;0.7730027604698617
25.976929;1.0849076902787491;0.8345326800786869;0.7668099998402753;0.10073306967060759;0.09281372287609368;1.0877153611088561;10.000765082916141;0.8332988985329878;1.0971307436059339;1.0982057944241914;0.7653575020683056;-0.10603721599940939;0.7730101461368905
25.986929;1.0849330359502345;0.8345016465831127;0.7668368085850493;0.10078390901232026;0.09285856330816433;1.0877337218036547;10.000783104332642;0.8332978808798851;1.0971300897520135;1.0981730119162099;0.7653631929424238;-0.10608121059472517;0.7730171048211532
25.996929;1.0849585035738278;0.8344702027559907;0.7668612996887066;0.10083436806567425;0.0929030704827363;1.087753042807177;10.000799085579809;0.8332968896237606;1.0971295592278245;1.0981413232019284;0.7653692474866906;-0.10612520530133024;0.7730246419687923
26.006929;1.0849840887092868;0.8344394874019249;0.7668845648783956;0.10088478978045304;0.0929475634272977;1.0877723255724847;10.000813153507075;0.8332959263904064;1.0971291558989509;1.0981106882046636;0.7653736927178414;-0.10616920011573039;0.7730307905259605
26.016929;1.0850097850996188;0.8344106415685242;0.7669076961240259;0.10093551734758377;0.09299236134417888;1.08779057495962;10.00082541309833;0.8332949935934001;1.0971288836979487;1.09808106522988;0.7653775552172088;-0.10621319503491466;0.7730365542828876
26.026929;1.085035584368961;0.8343813403342112;0.7669285932904464;0.10098586029398621;0.09303683060835155;1.0878097984942254;10.000835935626634;0.8332940953329211;1.097128746105866;1.098052412329836;0.7653818600182646;-0.10625719005578298;0.7730429363142385
26.036929;1.0850605177473758;0.8343519627695913;0.766948328440758;0.10103629283528616;0.09308149244702878;1.087828004159789;10.000844771154249;0.8332932372879239;1.097128745431955;1.0980246892775047;0.7653846301004711;-0.10630118517502106;0.7730479682969632
26.046929;1.0850864913166727;0.8343251753764327;0.7669680485545973;0.10108689868875469;0.09312626134952694;1.087847199364732;10.000851963985022;0.8332924265684709;1.0971288824243632;1.0979978578994565;0.7653878865904284;-0.10634418038941307;0.7730535082105485
26.056929;1.085112538546765;0.8342978904324475;0.7669856329604283;0.10113711875826781;0.09317070585325932;1.087865390737842;10.00085755099947;0.8332916719485612;1.0971291562898806;1.097971880496449;0.7653896493965848;-0.10638817569594738;0.7730578668925272
26.066929;1.0851386538200178;0.8342715940157055;0.7670024971022528;0.10118614205658055;0.09321408001221167;1.0878835840807495;10.00086154768568;0.8332909832162306;1.0971295648463755;1.0979467182396434;0.7653919374627932;-0.10643117109171736;0.7730627687673223
26.076929;1.08516387496452;0.8342459753783686;0.76701907851494;0.10123675480538151;0.0932590339482664;1.0879027849157825;10.000863952476326;0.8332903694533877;1.0971301051098314;1.097922331130468;0.7653927688469452;-0.10647516657402435;0.773066526283403
26.086929;1.0851904008174629;0.8342210510340068;0.7670338798568449;0.10128645923209251;0.09330307717917026;1.0879209991930459;10.000864771214273;0.8332898376148232;1.0971307737369786;1.0978986802832362;0.7653941614081069;-0.10651816214047;0.7730708624351289
26.096929;1.085216697363407;0.8341965902079546;0.7670478164039475;0.10133536166393663;0.09334643887266979;1.087939233472725;10.00086402782056;0.8332893924088783;1.0971315672184259;1.0978757307081461;0.7653951334832076;-0.10656115778882572;0.7730749404095003
26.106929;1.085242087174213;0.8341730948779353;0.7670618722205027;0.10138470000402608;0.09339031707502521;1.0879574949019786;10.000861762042765;0.8332890370984721;1.0971324829592333;1.0978534510770017;0.7653947037917523;-0.10660415351686942;0.773077784366853
26.116929;1.0852675226783923;0.8341489936845704;0.7670739671772617;0.10143365598794431;0.0934338749912881;1.08797579125177;10.000858035061087;0.8332887743254929;1.0971335203840342;1.097831810767721;0.7653948909265139;-0.10664714932240736;0.7730813877360283
26.126929;1.0852939554232381;0.8341273372808325;0.7670862786205949;0.10148279057279486;0.0934775459532652;1.0879951311307108;10.000852933427955;0.8332886064753664;1.0971346806041273;1.0978107785093252;0.7653947128487616;-0.10669014520364746;0.7730847703200775
26.136929;1.0853194613684123;0.8341042647736486;0.7670966494861041;0.10153167600171788;0.09352109960747007;1.0880135242563844;10.000846558965137;0.8332885352659593;1.0971359652131172;1.0977903239517997;0.7653941864784581;-0.10673314115949722;0.7730879411522092
26.146929;1.0853459479195773;0.8340824321915081;0.7671062144578806;0.1015803992326681;0.09356444965413754;1.088031980662292;10.000839016444441;0.8332885606609918;1.0971373749596738;1.097770419713045;0.7653933272963511;-0.10677513718935598;0.7730907706647857
26.156929;1.0853714868080733;0.8340617915035566;0.7671163261522015;0.10162841015194307;0.09360725331070396;1.088049509958247;10.000830412561177;0.8332886800055709;1.0971389091853763;1.0977510429360686;0.765391148962891;-0.10681813329282035;0.7730925522240972
26.166929;1.0853970241387865;0.8340400825373779;0.7671242634660694;0.10167720277567503;0.09365080319100987;1.0880681219573727;10.000820851571683;0.8332888881973295;1.0971405666134928;1.097732176139292;0.7653896632914543;-0.10686012946952884;0.7730949974189927
26.176929;1.0854228348458812;0.8340192602704142;0.7671316629073606;0.10172557366744095;0.0936939650293522;1.0880868263026182;10.000810419587156;0.8332891787775216;1.0971423458007736;1.0977138063320828;0.7653878807016865;-0.10690312571893976;0.7730973983997302
26.186929;1.085448337432237;0.8339998595593262;0.7671394586005833;0.10177349937851754;0.09373676610912414;1.0881056311351596;10.000799183008048;0.8332895448683277;1.0971442441899442;1.0976959230989247;0.765385810569566;-0.10694512204023965;0.7730994843793363
26.196929;1.0854747647136824;0.8339801016946663;0.7671451688001133;0.10182208039045271;0.09378011283777103;1.0881245428726225;10.000787208096998;0.8332899792051891;1.0971462576988436;1.097678517274291;0.7653834608251547;-0.10698711843257504;0.7731013985459912
26.206929;1.0855001864899188;0.8339602945604073;0.767150467731022;0.10186960922675231;0.093822598065919;1.0881435657266532;10.00077458019922;0.8332904737512397;1.0971483818796028;1.0976615808126224;0.7653808372492996;-0.1070291148952608;0.7731031458809439
26.216929;1.08552554549451;0.8339420008436215;0.767156150647771;0.10191745790102952;0.09386540273180714;1.0881617009398608;10.000761405014888;0.8332910197545373;1.0971506129420785;1.0976451072907796;0.7653779436227948;-0.10707111142772631;0.773104731448528
26.226929;1.0855508259328488;0.8339232444162201;0.7671604275457585;0.10196378223428572;0.09390682784427251;1.0881809478906364;10.000747785195244;0.8332916084170695;1.0971529476553503;1.0976290916319777;0.765374783130502;-0.10711310802952233;0.773106159506872
26.236929;1.0855750554170578;0.8339037239276751;0.767163724989768;0.10201136919711998;0.09394952310840853;1.0881993058671158;10.000733792749864;0.8332922315314915;1.0971553830144645;1.0976135296640224;0.7653723604306902;-0.10715510470055076;0.7731084228495779
26.246929;1.0856004241466162;0.8338865907635096;0.7671674128402464;0.10205991237123004;0.09399301527727885;1.0882187747424;10.00071947147159;0.8332928816972367;1.0971579161535605;1.0975984182642178;0.7653686828101661;-0.10719710144106691;0.7731095412026365
26.256929;1.0856253908324047;0.8338685094047702;0.7671695234448066;0.10210732787038745;0.0940355168967131;1.0882373551672284;10.000704862780108;0.8332935518003742;1.0971605440478753;1.0975837541449482;0.7653647593422559;-0.10723809825127209;0.7731103654069131
26.266929;1.0856502294647783;0.8338511078932872;0.7671713752561462;0.1021535675038738;0.09407695876251225;1.0882570481368903;10.000690022164195;0.8332942336869947;1.097163262867655;1.0975695320632206;0.76536059953236;-0.10728009513095338;0.7731111718659602
26.276929;1.085674929596325;0.8338351971850558;0.7671737325264292;0.10220013263749717;0.09411872384952974;1.0882758534530506;10.000675019425378;0.8332949178060348;1.0971660671195018;1.0975557453415343;0.7653562127738117;-0.10732109207948212;0.7731116832584476
26.286929;1.085698525779927;0.8338173594918007;0.7671741390017714;0.10224762002467147;0.09416144500179517;1.088295768532116;10.000659930716902;0.8332955948764088;1.097168949033303;1.097542387592236;0.7653526081155044;-0.1073630890960712;0.7731131689865481
26.296929;1.0857232188031547;0.833801097205699;0.7671742760270809;0.10229456754243561;0.09420358448746508;1.0883147898805048;10.000644825707306;0.8332962575946868;1.0971718991946857;1.0975294537121225;0.7653477944417411;-0.10740408617995952;0.7731133746342812
26.306929;1.0857474837291299;0.833786205930956;0.7671750475753819;0.10234108140879676;0.09424537241259388;1.0883339165392971;10.000629757482912;0.8332969009064031;1.0971749083089468;1.0975169401693696;0.7653427805289085;-0.10744508333006618;0.7731134355177807
26.316929;1.0857706558246432;0.8337697460118872;0.7671742304477185;0.10238736511541195;0.09428705413264751;1.0883541513268986;10.000614765975183;0.8332975223259156;1.097177969142052;1.0975048439243338;0.7653385740435696;-0.10748608054421548;0.7731143494002929
26.326929;1.085794659591201;0.8337544060677572;0.7671729530987103;0.10243350659168173;0.09432854363806199;1.0883734993744905;10.000599893814691;0.8332981235263516;1.0971810774273325;1.097493160673674;0.7653331808377976;-0.1075270778187724;0.773114143159077
26.336929;1.0858175858712762;0.8337398248869673;0.7671722451467293;0.10248010887939817;0.09437056203015874;1.088392966983121;10.000585200110676;0.8332987114354284;1.0971842306421395;1.097481884813035;0.7653276049350237;-0.10756807514913032;0.7731138138481959
26.346929;1.0858413597960235;0.8337255658838398;0.7671703588921928;0.10252506955984979;0.09441100558704643;1.0884125608853021;10.000570762985234;0.8332992972636852;1.0971874263267831;1.0974710104906542;0.7653228483326966;-0.10760907253062936;0.7731143579013968
26.356929;1.0858643592113544;0.8337107051511858;0.7671676069173471;0.10257206657261693;0.0944534017967603;1.088432287446687;10.000556669344501;0.8332998942386269;1.097190661682897;1.0974605317898762;0.7653169117208474;-0.10764906995928637;0.7731136621697194
26.366929;1.0858869793372627;0.8336964417501996;0.7671648310674614;0.10261713488437531;0.09449406390037168;1.0884521527228384;10.000542995900945;0.8333005153471913;1.0971939337306418;1.097450442079911;0.7653117961557102;-0.10769006743209274;0.7731139934348998
26.376929;1.0859104709192626;0.8336841381478054;0.7671624182325981;0.1026635672520969;0.09453591385392114;1.0884721622291247;10.00052979677176;0.8333011721065187;1.097197239854659;1.0974407331799059;0.7653065038333917;-0.10773106494709653;0.7731142309492001
26.386929;1.0859329229068035;0.833670649419213;0.7671588385044081;0.10270862085298847;0.09457659043061775;1.0884923191846527;10.000517108552764;0.8333018742940043;1.0972005784814698;1.097431394999581;0.7653000375636758;-0.10777106250341716;0.7731132538463835
26.396929;1.0859555831149992;0.8336576811242684;0.7671547957244707;0.10275443224115048;0.09461795059120422;1.0885126231567372;10.00050496970191;0.8333026298965638;1.0972039486541783;1.097422415891612;0.7652943997693412;-0.10781106010115798;0.7731131908410523
26.406929;1.0859778808561624;0.8336461335144983;0.7671515362418461;0.10279982277747544;0.09465895658989863;1.0885330703575722;10.000493440650262;0.8333034453822717;1.0972073487232725;1.0974137837109799;0.7652875917477775;-0.10785205774125699;0.7731122103406473
26.416929;1.0860000987651515;0.833633819843547;0.7671468600347244;0.10284486747438205;0.09469965054798186;1.0885536543425225;10.000482607152229;0.8333043262824184;1.0972107758197027;1.097405486892193;0.7652816135102415;-0.10789205542517587;0.7731120233591561
26.426929;1.0860222332746094;0.8336218916386902;0.7671418435431292;0.10288991258695514;0.09474034927919874;1.0885733667212016;10.000472566752872;0.8333052772930158;1.0972142265791323;1.097397514013686;0.7652754640795871;-0.10793205315454567;0.7731117882143023
26.436929;1.0860452409868542;0.8336122619132185;0.7671375873254811;0.10293517601099857;0.09478116778942673;1.088594198152174;10.000463412386965;0.8333063017364966;1.0972176976554384;1.0973898527618244;0.76526914191309;-0.10797205093118;0.7731115127651408
26.446929;1.0860674905592935;0.833601213961892;0.7671318391827238;0.10298098941030472;0.09482255154866726;1.0886151389723129;10.000455221150217;0.8333074013267172;1.0972211852897813;1.097382490115854;0.7652616451095269;-0.10801204875721072;0.7731102121417697
26.456929;1.086088410868488;0.8335899841524211;0.7671261600550481;0.10302501781307183;0.09486239789621002;1.0886351792535032;10.000448050363143;0.8333085767538941;1.0972246852319147;1.0973754134901286;0.7652549716585325;-0.10805104663476486;0.773109729704731
26.466929;1.086110202760588;0.8335806848575665;0.767120958290066;0.10307042710417394;0.0949034266028503;1.0886563095989261;10.000441940819236;0.8333098286044567;1.097228193769673;1.0973686123981987;0.7652481201300133;-0.10809104456539909;0.7731093555517886
26.476929;1.0861319031534804;0.8335709227139599;0.7671147258409442;0.10311434544592367;0.0949430743880571;1.0886775227409973;10.000436928040198;0.8333111580482017;1.0972317089601673;1.0973620799631092;0.7652410905190222;-0.10813104254985106;0.7731089489109016
26.486929;1.086153789116359;0.8335612890505559;0.7671078219147698;0.10316019472399421;0.09498446460494826;1.0886978135391072;10.000433053376161;0.8333125671811457;1.0972352308811535;1.097355812765112;0.7652338845896124;-0.10817004058812187;0.7731083661926205
26.496929;1.0861752798627728;0.8335533726586832;0.7671021275242504;0.10320448290693403;0.09502443027687107;1.0887191770602995;10.000430362594376;0.8333140593216753;1.0972387605489955;1.09734980916459;0.7652265052310352;-0.10821003867967914;0.7731078808670916
26.506929;1.0861966530147158;0.8335446443945639;0.7670951279441782;0.10324844116218469;0.09506407884011198;1.0887396073327593;10.000428899282543;0.8333156391128982;1.0972422987993482;1.0973440672666326;0.7652189554695003;-0.10824903682366377;0.7731072052564034
26.516929;1.086217230907153;0.8335356255104281;0.7670877960293419;0.10329330543398123;0.0951046064518287;1.088760097546402;10.000428700493485;0.8333173115209449;1.0972458458465373;1.0973385827998927;0.7652112385202402;-0.10828803501902515;0.7731064712193713
26.526929;1.0862383569656873;0.8335287387006767;0.7670814298628003;0.10333764017828372;0.09514457322380795;1.0887816406786153;10.000429791068328;0.8333190798977763;1.0972494003678235;1.0973333485115542;0.7652033586165589;-0.10832803326469857;0.7731058110441044
26.536929;1.0862593572004022;0.8335210313497468;0.7670738034989337;0.10338164729828989;0.09518422353195403;1.0888022312242065;10.000432179067415;0.8333209450009366;1.0972529584709916;1.0973283563795921;0.7651953211113468;-0.1083670315597383;0.7731049366112326
26.546929;1.0862792727776303;0.833512891876305;0.7670659672466302;0.1034257996242265;0.09522407628332828;1.088822867640846;10.000435858725691;0.8333229057787402;1.0972565137400216;1.097323599878879;0.7651871317504678;-0.1084060299032049;0.7731039796600875
26.556929;1.0863003060441232;0.833506310672049;0.7670582136518801;0.10346944771372188;0.09526334017063942;1.0888445519854792;10.000440820062916;0.8333249607202312;1.097260057767372;1.0973190736497558;0.7651787961852606;-0.10844502829381149;0.7731029314192193
26.566929;1.0863199693538137;0.8334999657412367;0.767051099402484;0.10351398029716162;0.0953035114371532;1.088865286247416;10.000447051486551;0.8333271086652345;1.0972635806211346;1.09731477181683;0.76517032001081;-0.10848302672941772;0.773101641977188
26.576929;1.086340464817645;0.833493873089966;0.767043101542944;0.10355690188436811;0.0953420993523357;1.0888860690478948;10.00045452958922;0.8333293487083528;1.0972670717213542;1.0973106871789509;0.7651617084868093;-0.10852202520686291;0.7731003815846116
26.586929;1.0863601609594153;0.8334870880676118;0.7670345206685231;0.10360188817604217;0.09538263060941234;1.0889068947220182;10.000463205007476;0.8333316797289612;1.0972705216218182;1.0973068116434759;0.7651529657475769;-0.10856102372241994;0.7730989999777158
26.596929;1.0863794447141415;0.8334819484293218;0.7670272520819853;0.10364531740965131;0.09542173697326016;1.0889277538237356;10.000472998009819;0.8333341010579814;1.0972739242981369;1.0973031367904205;0.7651440947328637;-0.1085990222723009;0.7730973480866423
26.606929;1.086399558984672;0.8334766718776009;0.7670187910364139;0.10368829216114973;0.09546032394558053;1.0889486344183712;10.000483816791089;0.8333366140733026;1.0972772782276323;1.097299654426863;0.7651360982003013;-0.10863802085298088;0.7730966900092023
26.616929;1.0864185867237373;0.8334708780748854;0.7670101524615434;0.10373141182970744;0.0954991116149627;1.0889695247149538;10.000495584351272;0.8333392222398657;1.097280585078344;1.0972963576817127;0.76512697947264;-0.10867601946154613;0.7730947590860107
26.626929;1.0864377735151973;0.8334666049060404;0.7670023423042468;0.10377565540086268;0.09553889212895016;1.0889904153852377;10.000508247527561;0.8333419293031845;1.0972838477516622;1.0972932416611196;0.7651177425431082;-0.10871501809576707;0.7730928217296468
26.636929;1.0864565528239976;0.833461279441496;0.7669934001961886;0.10381880812352651;0.09557767752872402;1.0890112992332757;10.000521773700164;0.833344737565107;1.097287069980066;1.0972903025574356;0.7651093923700075;-0.10875301675372498;0.7730915824487445
26.646929;1.0864761747879805;0.8334569479615632;0.766984333225065;0.1038618490803568;0.09561626024250439;1.0890321697105885;10.000536148175524;0.8333476467318629;1.0972902563936824;1.0972875357934964;0.765099935035896;-0.10879101543347579;0.7730891975064074
26.656929;1.0864950143540346;0.8334522136973123;0.7669750084276323;0.10390579493572907;0.09565572029267462;1.089053020406051;10.000551358171018;0.833350653504813;1.097293411373352;1.097284935297399;0.7650903773333693;-0.10882901413308668;0.7730866520180081
26.666929;1.086513464124651;0.8334487420620901;0.7669666865550173;0.10394933750035397;0.09569482012099657;1.0890728452772016;10.000567362332394;0.8333537523855812;1.0972965372703607;1.0972824946976862;0.7650817261486953;-0.10886701285086975;0.77308493050207
26.676929;1.0865318145101188;0.8334446906366799;0.766957473170935;0.10399139282423765;0.09573253725935281;1.0890936391469397;10.000584078764062;0.8333569369537497;1.0972996339362684;1.0972802081914517;0.7650719879897929;-0.10890501158570291;0.7730820486587686
26.686929;1.0865503578636244;0.8334406525755695;0.7669477174027506;0.1040353814551626;0.09577199475457349;1.089114398021276;10.000601401774064;0.8333602008295969;1.0973027002980762;1.0972780700717835;0.7650631690931293;-0.10894301033737168;0.773079984812788
26.696929;1.086568532139536;0.8334382161233;0.7669392898364578;0.10407780890487384;0.0958100257991158;1.0891341188829837;10.000619220435699;0.8333635381879904;1.0973057350568398;1.0972760746752295;0.7650532756256083;-0.10898000910664314;0.7730766179723281
26.706929;1.0865866310814247;0.8334348448178533;0.7669296609705692;0.10411990588147145;0.0958477368210728;1.0891547996637738;10.000637425414126;0.833366944080719;1.097308734994282;1.0972742172088026;0.7650443132787719;-0.10901800789502568;0.7730742106944143
26.716929;1.0866049456814195;0.8334318160292827;0.7669198133702211;0.10416278008542137;0.09588612060586842;1.0891754398417604;10.000655910618661;0.8333704146182095;1.0973116942730146;1.0972724942806111;0.7650342867753298;-0.10905600670440804;0.7730706428798607
26.726929;1.086621949237556;0.8334277601847389;0.7669095775406709;0.10420619154770026;0.0959250895429643;1.089195040434635;10.000674570923241;0.8333739462307319;1.0973146059603895;1.0972709032223578;0.7650251997349914;-0.10909300553664734;0.7730677547284995
26.736929;1.0866398449651071;0.8334261643275482;0.766900623352217;0.1042486804704939;0.09596310398917081;1.089215602466867;10.00069329953318;0.8333775345728509;1.0973174631228788;1.09726944010333;0.7650150549804067;-0.10913000439335555;0.7730637091580079
26.746929;1.0866579608142448;0.833423720751539;0.766890399538956;0.10429160560256892;0.09600147215920593;1.0892351255707886;10.00071199560142;0.8333811743480154;1.0973202585298467;1.0972680986261985;0.7650058551253548;-0.10916800327611642;0.7730606299265678
26.756929;1.0866757273401786;0.8334216628364339;0.766880463100642;0.1043326303794023;0.09603809262866657;1.0892556080779092;10.000730577831058;0.833384859579187;1.0973229839630159;1.0972668715060587;0.7649966027701618;-0.1092050021867573;0.7730572483437425
26.766929;1.0866924730059515;0.8334198092751007;0.7668711409315182;0.10437530337009857;0.09607628971599773;1.0892750474277757;10.000748989560039;0.8333885839236875;1.0973256300201715;1.0972657516820392;0.7649862999365379;-0.10924200112742832;0.7730527202925864
26.776929;1.086710401335943;0.8334178305139466;0.7668605920463694;0.10441828743837664;0.09611463763121898;1.0892944405274394;10.000767193846306;0.8333923409846233;1.0973281866726596;1.097264731961749;0.7649769473149595;-0.10927900010049;0.7730490302854863
26.786929;1.0867279830124967;0.8334162042913853;0.7668503481904121;0.10445937150655321;0.09615123685075579;1.0893147847350437;10.000785163027992;0.8333961239667467;1.0973306445441617;1.0972638054807553;0.7649675442524517;-0.10931599910801382;0.7730451926780367
26.796929;1.0867448277167342;0.8334148856510047;0.7668406493472338;0.10450286550114736;0.0961900885415579;1.0893340783382939;10.000802865386925;0.8333999252648275;1.0973329965451697;1.0972629672064962;0.7649580893260878;-0.10935299815138469;0.7730412126461053
26.806929;1.0867622777161952;0.8334135193457833;0.766830221976331;0.10454398686556954;0.09622667295348275;1.0893533195427694;10.000820253942493;0.8334037370582713;1.0973352380599022;1.0972622145542277;0.7649485806783907;-0.10938999723151527;0.7730370971033207
26.816929;1.0867786979329888;0.8334111743295844;0.7668193623554697;0.1045864090903299;0.09626451569371346;1.0893725057394572;10.00083726045902;0.8334075521400313;1.0973373653936536;1.0972615465755804;0.7649380159605584;-0.10942599634907892;0.7730317234774516
26.826929;1.086796288815703;0.8334101900497874;0.7668086706053883;0.10462832566760938;0.09630175985619316;1.0893926346730556;10.000853801449166;0.8334113643781127;1.0973393748221927;1.0972609624406924;0.7649283924155975;-0.10946299550447582;0.7730273661046693
26.836929;1.086812563863656;0.8334095997761366;0.7667990142706294;0.10466996505617462;0.09633883656044526;1.0894117057963937;10.00086979430235;0.8334151691308241;1.0973412628586257;1.0972604602791796;0.764918707517001;-0.10949999469806496;0.7730229071502926
26.846929;1.0868287694266703;0.8334079757685681;0.7667882035390375;0.1047112729727008;0.0963755861427299;1.0894307198270354;10.00088516000894;0.8334189626732932;1.097343026924821;1.0972600363265501;0.7649089593905607;-0.10953599393064611;0.7730182191474687
26.856929;1.086846151691529;0.8334073614524278;0.7667772422347287;0.10475322904269481;0.09641280021162846;1.0894496775632765;10.000899813672477;0.8334227402246166;1.0973446658679178;1.0972596843120073;0.7648991464712027;-0.10957199320358808;0.7730134566541236
26.866929;1.0868622259586045;0.8334071342017143;0.7667673135027888;0.10479490487450716;0.09644984563257647;1.0894685798651838;10.000913672426918;0.8334264946817734;1.097346179930646;1.0972593960678307;0.7648892673763786;-0.1096089925183985;0.7730087719511318
26.876929;1.0868785260655878;0.8334063373413493;0.7667564599613459;0.1048358521301187;0.09648617488585376;1.089487428050411;10.000926675349595;0.8334302178500659;1.097347571338426;1.0972591626477703;0.7648793216471349;-0.10964499187616242;0.7730038894080087
26.886929;1.086895447376912;0.8334059462915345;0.766745309551918;0.10487707823460521;0.09652268137289571;1.0895062227035817;10.000938788700426;0.8334339025664638;1.0973488458389906;1.0972589749199917;0.7648693108453077;-0.10968099127730994;0.772998957390699
26.896929;1.086911367546913;0.8334049022518895;0.7667340460910866;0.10491844029419255;0.0965593796530616;1.089524962594025;10.000949999043058;0.8334375428493849;1.0973500131047023;1.0972588249341273;0.7648592389078801;-0.10971699072177836;0.7729939823043023
26.906929;1.0869275393640283;0.8334055898464092;0.7667239954918099;0.10495976089745243;0.0965959973661144;1.0895426461259563;10.000960308877431;0.8334411325855162;1.0973510850430168;1.0972587087934986;0.7648491112900626;-0.1097529902092763;0.772988970399799
26.916929;1.086943400577801;0.8334047464576622;0.7667125690938634;0.10500114016978336;0.09663267859923308;1.0895612726091488;10.000969738766027;0.8334446655004077;1.0973520731079467;1.0972586284543666;0.7648389340055849;-0.1097889897393665;0.7729839278660661
26.926929;1.08695952970193;0.8334044640932897;0.7667013002452981;0.10504213211565328;0.09666896327373331;1.0895798416634697;10.00097832965452;0.8334481367820302;1.0973529861215394;1.0972585904696421;0.7648287133213992;-0.10982498931138199;0.7729788618446964
26.936929;1.0869753631637513;0.8334041397546618;0.7666900466082237;0.10508236866816918;0.09670456413500264;1.0895983539222032;10.000986133875603;0.8334515447317482;1.0973538298147882;1.097258603700589;0.7648194552955466;-0.10986098892425146;0.7729747705680774
26.946929;1.0869914765417694;0.8334048328658448;0.7666793893711119;0.10512487653982303;0.09674221547594632;1.089615813201764;10.00099319678247;0.8334548912837914;1.0973546075020542;1.0972586771155046;0.7648091648490892;-0.10989598857635592;0.7729695401940287
26.956929;1.0870073026143496;0.8334046597280179;0.7666680070422877;0.10516512683939575;0.09677780116289193;1.0896342269939268;10.00099954396997;0.833458180727599;1.0973553197933477;1.0972588180076577;0.7647988455446997;-0.1099319882655225;0.7729644509894152
26.966929;1.0870231285494674;0.8334045531205931;0.7666565665449039;0.10520538413242951;0.09681337910513654;1.0896526050263458;10.001005178882982;0.8334614170674739;1.0973559639794035;1.0972590321593463;0.7647885000743999;-0.10996698798910952;0.772959222940832
26.976929;1.0870392402198552;0.8334057891518029;0.7666460514546594;0.10524675536350543;0.09684994191087706;1.0896699573863105;10.001010084334911;0.8334646021388242;1.097356535586574;1.0972593240774466;0.7647791298953682;-0.11000298774415371;0.7729551345726261
26.986929;1.0870550664942342;0.8334061367472922;0.7666348230595788;0.10528586888066946;0.09688443784431125;1.089688293087784;10.001014230085206;0.8334677363211687;1.097357030930559;1.0972596959775665;0.7647687345808759;-0.1100379875276611;0.772949925772408
26.996929;1.0870702181871805;0.8334055444544326;0.7666231194702062;0.10532703498813474;0.09692086623449403;1.0897056202550892;10.001017585977511;0.8334708205951328;1.0973574484699995;1.0972601472990025;0.764758312629245;-0.11007298733714416;0.7729447322454192
27.006929;1.0870860411655177;0.8334056225231412;0.7666114827076876;0.10536731945302087;0.0969564068671298;1.0897239475711187;10.001020123487914;0.8334738568108073;1.097357789196894;1.0972606744065987;0.7647488629700766;-0.11010898717105112;0.7729406891441691
27.016929;1.0871021475929554;0.8334073572142439;0.7666011019134134;0.10540755951443621;0.09699186437332767;1.089741284634569;10.001021806062202;0.8334768464066572;1.0973580558505125;1.0972612703443396;0.7647383861997995;-0.1101439870286375;0.7729355342746917
27.026929;1.087117009317764;0.8334067269464795;0.766589363629347;0.10544798117438464;0.0970275834820946;1.0897596409621202;10.001022583746682;0.8334797901616017;1.0973582513808149;1.0972619259930123;0.7647278860834975;-0.11017898690942657;0.7729304017012979
27.036929;1.087133114290796;0.8334073509499711;0.7665778525360427;0.10548788615524632;0.09706270041402858;1.0897770252966588;10.001022392094685;0.8334826887964301;1.0973583784847445;1.0972626315116956;0.7647183701292101;-0.11021398681267558;0.7729262824466638
27.046929;1.08714893260366;0.8334075225880561;0.7665660871515924;0.10552818947479055;0.09709819372548108;1.0897944454644601;10.001021151754552;0.8334855430035876;1.097358440310927;1.0972633769518803;0.764707847969254;-0.11024798673730393;0.7729210544254141
27.056929;1.0871640731365682;0.8334085735303648;0.76655557597641;0.1055685699636547;0.09713380275342703;1.089812907732949;10.001018766521915;0.8334883530859435;1.0973584414448079;1.097264153735512;0.764698329575425;-0.11028298668225896;0.7729169807812931
27.066929;1.0871798790831353;0.833409114263652;0.7665441003406216;0.10560771936798023;0.09716820378767999;1.089830415783703;10.00101512651069;0.8334911188822094;1.097358387584077;1.0972649563699568;0.7646878248727091;-0.11031798664657032;0.7729119357909362
27.076929;1.0871947167661806;0.8334088987993395;0.7665325933476946;0.10564699475493189;0.09720279122028938;1.0898479704309916;10.001010127203068;0.8334938395066681;1.0973582830407034;1.0972657813974753;0.7646783438516686;-0.11035298662906283;0.7729078941041995
27.086929;1.087210787837493;0.8334107296439502;0.7665220883037217;0.10568725113817887;0.09723815505916154;1.0898655697784907;10.001003690142843;0.8334965124625162;1.0973581296456982;1.0972666249178447;0.7646678963753519;-0.11038698662834356;0.7729027276213365
27.096929;1.0872256052514204;0.8334105086504064;0.7665105779652059;0.10572652447819436;0.09727271171561501;1.0898832095707514;10.00099576500011;0.8334991336351675;1.0973579291212494;1.0972674822610904;0.7646584917123467;-0.11042198664308701;0.7728986955219649
27.106929;1.0872406991940022;0.8334103997462717;0.7664989834355272;0.10576655787543653;0.09730792877291655;1.0899018845740862;10.000986315343456;0.8335016985296886;1.0973576846273814;1.0972683495733904;0.7646491383994353;-0.11045598667241377;0.7728945171441634
27.116929;1.0872564614428424;0.8334112523145291;0.7664878198355135;0.10580454246623593;0.09734118890380698;1.0899195900533443;10.00097530654684;0.8335042024135831;1.097357399131714;1.0972692244112263;0.764638844669808;-0.1104899867160329;0.7728893416763042
27.126929;1.0872715510438136;0.8334122550403074;0.7664772954208097;0.10584491327178629;0.09737669354591141;1.089937321940568;10.000962711243458;0.8335066392226418;1.097357073757465;1.0972701039957184;0.7646296189242505;-0.11052498677365322;0.7728852883337929
27.136929;1.0872863617179083;0.8334119453277691;0.7664657927917922;0.1058841727446317;0.09741119239587882;1.0899550764558281;10.00094852904024;0.8335090014643518;1.0973567083437639;1.0972709828880867;0.7646204697807744;-0.1105589868440674;0.772881077695093
27.146929;1.087302425446283;0.8334128370399224;0.7664545456006648;0.10592290690454682;0.09744508911478929;1.0899728498781658;10.000932803005073;0.833511281414318;1.0973563024710484;1.0972718527025302;0.7646104054810536;-0.11059298692505946;0.7728758576690594
27.156929;1.0873172555284432;0.8334124636490144;0.7664430393818565;0.10596215639985325;0.09747956540749748;1.0899906388048424;10.000915620742967;0.8335134726221186;1.0973558547953073;1.0972727040799501;0.7646014330500257;-0.11062698701429058;0.7728716002221865
27.166929;1.0873323797703518;0.8334136795599222;0.7664328265890046;0.10600134911123722;0.09751395981047421;1.0900074409778187;10.000897099834853;0.8335155710618234;1.0973553620815195;1.097273528895783;0.7645925580364425;-0.11066098711002431;0.7728673076680209
27.176929;1.0873472262312351;0.8334135675610075;0.7664216339645239;0.10603942820193504;0.09754735330072145;1.0900252548661762;10.000877369169968;0.833517575361545;1.097354820199283;1.097274321081331;0.7645837851715861;-0.11069498721115638;0.7728629733138893
27.186929;1.0873623627870157;0.8334135298545213;0.7664103563668563;0.10607826239264176;0.09758141517267155;1.0900430787239188;10.000856564993716;0.8335194861671875;1.0973542261110218;1.0972750764416892;0.7645741188330292;-0.1107279873169638;0.7728574593393258
27.196929;1.087377216311451;0.8334133117616505;0.7663991667923371;0.10611632601999134;0.09761479476344176;1.090060911738628;10.00083483784371;0.8335213052914332;1.0973535784482247;1.097275792753815;0.7645655621135837;-0.11076198742683457;0.7728530286117721
27.206929;1.0873923546439763;0.8334143163482179;0.7663889579997015;0.10615548792243196;0.09764916093131082;1.0900787552835332;10.000812347682123;0.833523035445195;1.097352876698923;1.0972764699057627;0.7645571160395012;-0.11079598754009201;0.7728485468408999
27.216929;1.087407206289907;0.8334139725099424;0.7663777709217006;0.10619353392165362;0.09768252942322249;1.0900956117664051;10.000789247154065;0.8335246803167766;1.097352121246369;1.09727710939155;0.7645487800637367;-0.11082898765591805;0.7728438710304886
27.226929;1.0874223402776788;0.8334136831786408;0.7663664958909809;0.1062323337179277;0.09771656915312374;1.090113482311128;10.000765671297444;0.8335262440168497;1.0973513143131788;1.0972777132702891;0.7645405524410694;-0.11086298777328818;0.7728392900165542
27.236929;1.0874371836690078;0.8334131945484475;0.7663553010540323;0.10627036293190997;0.09774992972803136;1.0901313650152695;10.00074174123992;0.8335277305554304;1.0973504598850923;1.0972782822397353;0.7645324304557098;-0.11089598789091379;0.7728345197589376
27.246929;1.0874523016115618;0.8334139107939403;0.7663450732222596;0.10630949178139186;0.09778428029490333;1.0901482548073946;10.000717576465487;0.8335291442556677;1.0973495628791368;1.0972788139268952;0.7645244109375995;-0.11092998800740407;0.7728298504939021
27.256929;1.0874671162764882;0.8334136079651338;0.7663341650086066;0.10634634935312334;0.09781657227084462;1.0901661449833027;10.000693306154153;0.8335304899467217;1.0973486290475039;1.0972793035733597;0.7645164902823991;-0.11096298812186316;0.7728249980357939
27.266929;1.0874821881812726;0.8334130031930086;0.7663228303328077;0.10638512240529815;0.09785060472299478;1.0901830287428995;10.000669071839273;0.8335317719199574;1.0973476655108312;1.0972797460058437;0.7645086640980913;-0.11099598823426697;0.7728201071410725
27.276929;1.087496263787331;0.8334118979997669;0.7663117606148645;0.1064228580696121;0.09788377400577171;1.0902008992947418;10.000645024722228;0.8335329929151079;1.0973466802013498;1.097280136243067;0.76450092691208;-0.111028988344998;0.7728151761131513
27.286929;1.0875109657909625;0.8334121635322405;0.7663015239395067;0.10646120590832257;0.09791745057046704;1.0902177489988005;10.000621323815722;0.8335341544887526;1.0973456793567673;1.0972804689935842;0.7644932722541959;-0.11106198845426035;0.7728102001331657
27.296929;1.087525897500963;0.8334116622957759;0.7662904245211517;0.1064988113587036;0.097950423979417;1.0902355691382035;10.00059812930653;0.8335352582166218;1.0973446653854033;1.097280739001263;0.7644856937594151;-0.11109498856189258;0.7728051717834774
27.306929;1.0875395232243161;0.8334102001508836;0.7662793569844428;0.1065357773270225;0.09798292674331661;1.0902523518459033;10.00057558862179;0.8335363068410168;1.0973436372489171;1.0972809422603569;0.7644781862406971;-0.11112798866714968;0.7728000818112613
27.316929;1.0875543238479246;0.8334095555043721;0.7662682015197366;0.10657338051624;0.09801590889899238;1.0902700922756783;10.000553825419336;0.8335373048898765;1.097342592095891;1.0972810760046139;0.7644707451955401;-0.11116098876846334;0.7727949204186111
27.326929;1.087568764172601;0.8334098798375265;0.7662581746274005;0.10661056552594818;0.09804853785177725;1.0902867873255822;10.000532942933226;0.8335382585362099;1.097341526450407;1.0972811375006712;0.7644643657525744;-0.11119398886360403;0.7727906685850251
27.336929;1.0875824479264986;0.8334083478408252;0.7662469544918086;0.10664829341173236;0.09808173293753332;1.090303432624486;10.000513041852733;0.8335391751094465;1.0973404367393855;1.0972811244331038;0.7644570424266435;-0.11122598895008494;0.7727851964054948
27.346929;1.0875967122338757;0.8334073969925656;0.7662358390181045;0.10668513520660727;0.09811405952087052;1.0903210222249384;10.00049423244752;0.8335400625202645;1.0973393192915504;1.097281036333985;0.7644497694915368;-0.11125898902544785;0.7727797754873931
27.356929;1.0876101988658922;0.8334057530244459;0.7662246136924018;0.1067228653692912;0.09814727179954283;1.0903375510832072;10.000476625498306;0.8335409279770992;1.0973381696074018;1.0972808742721265;0.7644425417611789;-0.1112919890875102;0.7727742560731321
27.366929;1.0876245287368418;0.8334059765326216;0.7662144918875714;0.1067608178995846;0.09818061091037877;1.0903540171738713;10.000460319709678;0.833541775954344;1.0973369815719878;1.0972806392135956;0.7644363554797888;-0.11132398913461035;0.7727694782770221
27.376929;1.0876374903194157;0.8334044490502263;0.7662037061272216;0.10679663256756339;0.09821210616944065;1.090370421732755;10.000445401936306;0.8335426069548882;1.0973357483835846;1.0972803301098437;0.7644292087545427;-0.11135598916574627;0.7727636033511273
27.386929;1.0876506046897887;0.8334026560033502;0.766192551718336;0.10683437138919;0.09824535557885318;1.090386768227219;10.000431949527467;0.8335434180393329;1.097334464293929;1.097279942920842;0.7644221014876603;-0.11138898918078284;0.7727577642634476
27.396929;1.0876642539566193;0.833401807417184;0.7661818716928317;0.10687006880073793;0.09827667874461103;1.0904030605579782;10.000420026610161;0.8335442042348039;1.0973331246670532;1.097279472471707;0.7644160349550475;-0.11142098918085348;0.772752664112572
27.406929;1.087677084320799;0.8334011046331005;0.7661718824554218;0.10690815939230874;0.09831027582879708;1.0904193019809623;10.000409676733195;0.8335449598178868;1.0973317252922092;1.097278915540616;0.7644090112085614;-0.11145298916853416;0.7727464711093393
27.416929;1.0876894770203696;0.8333994421881132;0.7661612941166367;0.10694398892673755;0.09834183284170271;1.0904354957183862;10.000400919268928;0.8335456794019442;1.0973302625351353;1.0972782719566017;0.7644020320290366;-0.11148498914737527;0.77274017785537
27.426929;1.0877029552647206;0.833398650877854;0.7661507131243364;0.10698046157582124;0.09837388213156406;1.0904516453297608;10.000393757462012;0.8335463589003357;1.0973287335340014;1.097277543644533;0.7643960975232691;-0.11151698912109471;0.7727347759545894
27.436929;1.0877153158390291;0.8333967402962027;0.7661398607669966;0.1070182216222763;0.09840721553814329;1.090467754500932;10.000388188843033;0.8335469960604805;1.097327135874177;1.097276733665358;0.7643892061926388;-0.11154898909325948;0.7727282875745024
27.446929;1.0877272344112703;0.83339619639448;0.7661305476111049;0.10705440987296203;0.098439143899495;1.090483827312235;10.000384210854634;0.8335475903618272;1.097325466935751;1.0972758460405927;0.7643833569531973;-0.11158098906767072;0.7727226930524044
27.456929;1.087739283018682;0.8333946039710898;0.7661201500311828;0.10709102012474693;0.0984714495682646;1.0904998675378532;10.000381828641386;0.8335481424540075;1.0973237234964297;1.0972748855995038;0.7643765507269658;-0.11161298904851617;0.7727160154802308
27.466929;1.0877508910176914;0.8333928693085139;0.7661099006138615;0.1071268707572897;0.09850309853961467;1.0905158773626196;10.000381059009102;0.833548653194168;1.0973219025645693;1.0972738578531085;0.7643707903811277;-0.1116449890396916;0.7727102367813525
27.476929;1.0877626260051614;0.8333912347986479;0.7660996181264043;0.10716348570016988;0.098535440945814;1.0905318578690668;10.000381917598386;0.833549122650322;1.0973200030624104;1.0972727682878383;0.7643640802047791;-0.11167598904420936;0.7727032365184763
27.486929;1.087774202829957;0.8333910739443586;0.7660907634706334;0.10719928725678524;0.09856705251119623;1.0905478100381725;10.000384396059799;0.833549549801335;1.0973180265615634;1.0972716201048471;0.7643584256336596;-0.11170798906449277;0.7726972860517656
27.496929;1.0877853400491173;0.8333892527768436;0.7660806538969097;0.1072351397792706;0.09859875406720249;1.0905627340804052;10.000388449384655;0.8335499330182683;1.0973159763762612;1.0972704131664426;0.7643518326901436;-0.11173898910276976;0.7726901210723485
27.506929;1.087796612391724;0.8333875178271297;0.7660704917055814;0.10727175304445481;0.09863114683825507;1.090578628272088;10.000394001772674;0.8335502706634415;1.0973138566751641;1.097269145807505;0.7643463067639217;-0.11177098916069067;0.7726840148462393
27.516929;1.087807454213485;0.8333859621475652;0.7660607609649189;0.1073064424379712;0.09866181488020764;1.0905944897231963;10.000400961540166;0.8335505609200465;1.0973116730211179;1.0972678161236902;0.7643408509781132;-0.11180198923869099;0.7726776957829072
27.526929;1.0878184399584365;0.8333852997903524;0.7660517114420009;0.10734339340625515;0.09869455493301607;1.090610316329861;10.000409227756517;0.833550801698609;1.0973094333685938;1.0972664211009053;0.7643344649912608;-0.1118329893359664;0.7726703294773998
27.536929;1.0878292901879367;0.8333837771128706;0.7660419229758957;0.10737883684002711;0.09872592834320049;1.090625107194418;10.000418686769603;0.8335509919700873;1.097307148007637;1.0972649556706207;0.7643291452263421;-0.11186498945105486;0.7726640530033723
27.546929;1.087839725754632;0.8333817403349446;0.7660319026898152;0.10741467095674671;0.09875770643442301;1.0906408624806287;10.00042922040098;0.8335511331589903;1.0973048277482331;1.0972634133490222;0.7643238861815461;-0.11189598958236718;0.7726576017247557
27.556929;1.0878503215876165;0.8333801268666949;0.7660220977178177;0.10745010319720802;0.09878910884851191;1.090655584224189;10.000440724528513;0.8335512289869011;1.097302481426011;1.0972617876566062;0.7643176814831021;-0.11192698972842209;0.7726501445592882
27.566929;1.087859553342374;0.8333775848002762;0.7660123290714498;0.10748489035566816;0.09882005053819756;1.090671276298533;10.000453107720347;0.8335512842430695;1.0973001153684183;1.0972600722200496;0.7643125241998736;-0.11195798988804793;0.7726436721309332
27.576929;1.0878699124564242;0.8333770481484376;0.7660035316675082;0.10752065470146548;0.09885179643832223;1.090685944040719;10.000466275017367;0.8335513036960334;1.0972977348966049;1.0972582599344785;0.7643074067184764;-0.11198899006022729;0.7726372042286259
27.586929;1.0878801625528658;0.8333753181779926;0.7659936321046648;0.10755606873467372;0.0988832387196417;1.0907015947710015;10.000480128448462;0.8335512917212937;1.0972953451685106;1.0972563432826448;0.7643023208217082;-0.1120199902435021;0.7726307470809413
27.596929;1.0878900284307205;0.8333734351267684;0.7659837808791776;0.10759071460642095;0.09891401896146786;1.0907162366193424;10.000494583067328;0.8335512520900794;1.0972929508963685;1.0972543155928074;0.7642962585286036;-0.11205099043577858;0.7726233140776948
27.606929;1.0878991313516526;0.8333708881417704;0.7659737775051331;0.10762624089233701;0.09894568807339003;1.0907318756471507;10.000509576087168;0.8335511872661694;1.0972905571720433;1.0972521719281376;0.7642912131524985;-0.11208099063468135;0.7726167382253265
27.616929;1.0879091129975718;0.8333702418985468;0.7659648255691119;0.10766198253213313;0.09897748651182917;1.090746514799534;10.000525060405225;0.833551098070885;1.0972881711926454;1.0972499098362793;0.7642861792408061;-0.11211199083784891;0.7726103166605914
27.626929;1.0879177819103472;0.833367535940196;0.7659548289048677;0.10769673482871293;0.09900850736379392;1.0907611552891054;10.000540993299872;0.8335509850040899;1.0972858020357863;1.0972475303978824;0.7642811511316028;-0.11214299104337117;0.7726038988959321
27.636929;1.0879276370200617;0.8333657072040838;0.7659447280926189;0.10773212044023357;0.09904001544363392;1.0907767979361094;10.000557332885592;0.8335508498881665;1.0972834586296876;1.097245038560986;0.7642761217355658;-0.1121729912505601;0.7725973327822966
27.646929;1.0879364878053337;0.833363459195649;0.7659348738321876;0.10776646494197542;0.09907067107338766;1.0907914424802068;10.000574039834682;0.833550695869016;1.0972811483559366;1.097242442091029;0.7642710825682949;-0.11220399146025459;0.7725909010675885
27.656929;1.087945975711631;0.8333626718373726;0.7659258374831079;0.10780142140056162;0.09910184377317875;1.0908060862240396;10.000591077162648;0.8335505268135432;1.097278876576363;1.097239750170917;0.7642660242240411;-0.11223399167422504;0.7725843067019229
27.666929;1.0879547607997841;0.833360446827147;0.7659158972095418;0.10783575561770126;0.09913252034441827;1.0908207242885901;10.000608405312965;0.8335503472654943;1.0972766466052333;1.0972369723927384;0.7642609361640677;-0.11226499189427348;0.7725778359446285
27.676929;1.0879644822800525;0.8333586651300869;0.7659056275463978;0.10787112107566418;0.099164070387285;1.0908363503822693;10.00062598114818;0.8335501623809154;1.0972744603854714;1.097234117696983;0.7642558060845263;-0.11229499212185087;0.7725711959405438
27.686929;1.0879729450104065;0.8333563759806083;0.7658957015341517;0.10790468467233344;0.09919408913875254;1.0908509568494118;10.000643767461357;0.8335499778369416;1.0972723194599037;1.0972311933247965;0.7642506204375584;-0.11232499235838166;0.772564531539708
27.696929;1.0879816837909848;0.833354251763616;0.7658856589844041;0.10793900749658206;0.09922479002256306;1.0908655356882448;10.00066173819296;0.8335497995935489;1.0972702254155462;1.097228204645115;0.7642453660653731;-0.11235499260534361;0.7725578439669532
27.706929;1.0879913779437969;0.833354098406719;0.7658766836977219;0.10797354880324014;0.09925561330478594;1.0908800812072919;10.000679872560491;0.8335496333288832;1.0972681792231818;1.0972251553537025;0.7642400313775007;-0.11238499286363733;0.7725511361308265
27.716929;1.087999829765333;0.8333516128403206;0.7658663691276116;0.10800826275218096;0.09928671653173814;1.0908945916530484;10.00069814604743;0.8335494842331407;1.0972661800385146;1.0972220468913965;0.764234606347128;-0.11241499313340018;0.7725444119789302
27.726929;1.0880085713255554;0.8333496557828464;0.7658562676996211;0.10804257864147424;0.09931743441677952;1.0909090677766045;10.000716518731455;0.833549356735037;1.0972642252324607;1.0972188780741194;0.7642290818361452;-0.1124449934145805;0.7725376750582114
27.736929;1.0880182808398744;0.8333485243820998;0.7658461788246125;0.10807677058202585;0.09934795583008571;1.090923509734988;10.00073492563867;0.8335492538104129;1.0972623113777888;1.0972156464142815;0.7642234498431675;-0.11247499370726534;0.7725309278631213
27.746929;1.0880267615012578;0.8333480735756402;0.7658375211725003;0.108109508242935;0.099377257522344;1.090937914976409;10.00075327996775;0.8335491769004525;1.0972604340257537;1.0972123506760985;0.76421770490404;-0.11250499401164694;0.7725241726606329
27.756929;1.0880355466270908;0.8333463021512446;0.7658273823323243;0.10814382323101336;0.09940798475736574;1.0909522782618013;10.000771490460274;0.8335491265409571;1.0972585865770796;1.097208993035271;0.7642128443942112;-0.11253499432808431;0.7725184020178093
27.766929;1.0880443551077255;0.8333445846784551;0.7658172294626455;0.10817813868570461;0.09943871324455188;1.0909665929585979;10.00078947920463;0.8335491026146025;1.09725676012965;1.0972055793280053;0.764206866927429;-0.11256399465717275;0.7725114959132554
27.776929;1.088052903550996;0.8333427908038097;0.7658071474305308;0.10821169213521974;0.0994687675844554;1.0909808523117241;10.000807182303936;0.8335491037046819;1.0972549441657944;1.0972021175356395;0.764200770589137;-0.11259399499965465;0.7725047393056885
27.786929;1.088061761814225;0.8333415014899321;0.7657972754357253;0.10824485009287078;0.09949843179589553;1.0909940503492082;10.000824535956069;0.8335491266064293;1.0972531279315239;1.0971986160321479;0.7641945520324538;-0.11262299535611923;0.7724978436742808
27.796929;1.0880706465830554;0.8333410544592001;0.7657881333360185;0.10827951316555873;0.09952947744421371;1.0910081828328937;10.000841467119338;0.8335491671086627;1.097251302496409;1.0971950818464016;0.764189206233168;-0.11265299572649845;0.772492092258288
27.806929;1.0880792769619356;0.8333396883003543;0.7657783139591552;0.10831191360346787;0.0995584663218073;1.0910222480427403;10.000857899472717;0.8335492213366874;1.097249461743837;1.0971915188741614;0.764182726994187;-0.1126819961098401;0.7724852166204185
27.816929;1.0880882276022596;0.833338109410101;0.765768078101744;0.10834624032225372;0.09958919409302756;1.0910362465482513;10.000873763946487;0.8335492864139584;1.0972476024642455;1.097187927437546;0.7641761082145799;-0.1127119965047569;0.7724784988704905
27.826929;1.0880972178156805;0.8333368756582495;0.765758151811838;0.10837941470269315;0.09961885563226686;1.0910491803567262;10.000888992353525;0.8335493598785053;1.0972457242279468;1.0971843052426369;0.764170345231967;-0.11274099691006692;0.7724726367693927
27.836929;1.0881062499628589;0.8333367966564547;0.7657492906322307;0.10841294203673127;0.09964883245331614;1.0910630524913254;10.000903496899312;0.8335494377064301;1.097243827663429;1.0971806487428104;0.7641634354802362;-0.11276999732496218;0.7724657973780249
27.846929;1.0881150406701596;0.8333354311083951;0.7657394603912203;0.10844537322272274;0.09967781711027696;1.0910768674331912;10.0009171632493;0.8335495122674562;1.0972419121464605;1.0971769546215662;0.7641563784403209;-0.1127989977489504;0.7724589691416118
27.856929;1.08812416143237;0.833333841509392;0.7657292429453498;0.10847973888548544;0.09970854058961415;1.0910896322487824;10.00092986627183;0.8335495728180055;1.097239975307852;1.097173219555913;0.7641501754345258;-0.11282799818198946;0.7724531401064616
27.866929;1.0881323726966097;0.8333318355849062;0.7657193416153285;0.10851308317904639;0.09973839861666922;1.0911033569841222;10.000941489508756;0.8335496086030326;1.0972380145595209;1.0971694380019674;0.7641428292626177;-0.11285699862456186;0.7724463305737858
27.876929;1.0881413143336873;0.8333304755300758;0.7657095885804257;0.10854555986854107;0.09976738088106613;1.0911160529382058;10.00095192973948;0.833549611380315;1.0972360290354959;1.097165601024334;0.7641363434273566;-0.11288599907744909;0.7724405181865988
27.886929;1.0881506089727293;0.8333307505303422;0.7657011714709238;0.10857800402772406;0.09979628815926322;1.091129729732346;10.000961092554085;0.833549575647396;1.0972340199706485;1.0971616968066227;0.7641287210563562;-0.11291499954131193;0.7724337230340178
27.896929;1.0881599858311606;0.8333295347863513;0.7656914215948001;0.10861128495188756;0.0998259429483218;1.091142393192762;10.000968896797822;0.8335494978687679;1.0972319891097804;1.097157712146923;0.7641219636436201;-0.11294400001627411;0.7724279208192089
27.906929;1.088168499394401;0.8333275742167503;0.7656816988283268;0.10864471259774436;0.09985579669581243;1.0911560449783966;10.00097528299972;0.8335493753835611;1.097229936668447;1.0971536351818982;0.7641140704692247;-0.11297300050179455;0.772421129191259
27.916929;1.0881777923233533;0.8333262794348533;0.7656721466278593;0.10867728190677546;0.09988477390513734;1.0911686838625796;10.000980211985382;0.833549204617896;1.097227860907858;1.0971494578521908;0.7641070395826611;-0.11300100099693554;0.7724151761551595
27.926929;1.0881874837011236;0.8333254881124047;0.7656628818404547;0.10870948298406992;0.09991335887047673;1.0911823075095386;10.000983653876235;0.8335489801341744;1.0972257594150248;1.0971451760928976;0.7640988694997827;-0.11303000150053583;0.7724083708106552
27.936929;1.0881963374983816;0.8333247996183004;0.7656543999223087;0.10874333953224778;0.09994352407358441;1.0911949135943486;10.000985580131681;0.8335486956425746;1.0972236303592218;1.0971407881728055;0.764091560154284;-0.11305900201113028;0.772402538724492
27.946929;1.0882062779330546;0.8333241233648112;0.7656452552551642;0.10877560105550922;0.09997210587344714;1.0912075002752837;10.000985969483665;0.8335483453589593;1.0972214731910528;1.0971362933904323;0.7640831127335767;-0.11308700252709004;0.7723955473199549
27.956929;1.0882151104736544;0.833322294362456;0.7656359137638945;0.10880841282024976;0.10000127714649444;1.0912210657038977;10.000984808574461;0.8335479246214323;1.0972192892343875;1.0971316919524872;0.764075529082693;-0.1131160030467885;0.7723896600743171
27.966929;1.0882253303465248;0.8333217792261085;0.765626881036992;0.10884073752179953;0.10002985569135621;1.0912336066663613;10.000982078503442;0.8335474295720601;1.0972170823851237;1.097126985502633;0.7640678117878719;-0.11314400356844907;0.7723835872953368
27.976929;1.0882347449276242;0.8333217518357797;0.7656189376174058;0.10887356055708655;0.10005894870538917;1.091246117778692;10.000977757188119;0.8335468560989792;1.0972148593477484;1.0971221778973692;0.7640589646671517;-0.113172004090143;0.7723764790701991
27.986929;1.0882452807229475;0.833321079106916;0.7656096857879182;0.1089071081678218;0.10008858724256553;1.091259592205488;10.000971836217383;0.8335461994654122;1.0972126287714143;1.0971172753416034;0.7640509923920923;-0.11320100461019574;0.7723704541707547
27.996929;1.0882547442291124;0.8333199641004749;0.7656008567490225;0.10893888746727848;0.10011668311404914;1.091272023175401;10.000964319053846;0.8335454548240668;1.097210400714325;1.0971122864330556;0.7640428999588955;-0.11322900512754035;0.7723642254221429
28.006929;1.0882656291945456;0.8333198312087091;0.765592007876951;0.10897133767338099;0.10014524928824026;1.0912844050185841;10.000955203375568;0.8335446173011073;1.0972081874203559;1.09710722286382;0.7640336926477002;-0.11325700564171219;0.7723569470389615
28.016929;1.0882757397449616;0.833319031092943;0.7655831717271828;0.10900393873541667;0.10017401166280705;1.0912967341871704;10.00094447910925;0.833543681831169;1.0972060032457016;1.097102098683189;0.7640253753963477;-0.11328500615264443;0.7723505968912731
28.026929;1.0882860397602347;0.8333194823493456;0.7655754350589904;0.10903691079166457;0.10020308572722542;1.0913090100386769;10.000932147198524;0.8335426440233167;1.097203862237287;1.0970969279299825;0.7640169519733435;-0.11331300666060709;0.7723441887533817
28.036929;1.0882962481910246;0.8333187402378033;0.7655667506620469;0.10906880008520572;0.10023116365687272;1.091321233298415;10.000918226529022;0.8335415012757358;1.097201775481754;1.097091722989796;0.7640084248305583;-0.11334100716642526;0.7723377280476156
28.046929;1.0883078955412877;0.8333189645616547;0.7655580285099632;0.1091013512276759;0.10025970955571355;1.0913334039872689;10.000902736790376;0.8335402530373109;1.0971997509885185;1.0970864938668887;0.7639987956047549;-0.11336900767164565;0.772330231692667
28.056929;1.0883187830804817;0.8333188446090626;0.7655496169577615;0.10913288315925873;0.10028738403925337;1.091345522388339;10.000885684421084;0.8335389015718878;1.0971977958679306;1.0970812485146013;0.7639900663859996;-0.11339600817835933;0.7723235367798781
28.066929;1.088329873816643;0.8333184436616902;0.7655409068791873;0.10916558979704405;0.10031611693763111;1.0913575903882644;10.00086706885247;0.8335374527699285;1.097195918061363;1.0970759950604123;0.7639812407419936;-0.11342400868890483;0.7723169523484217
28.076929;1.0883408872205858;0.8333191308177862;0.7655333666168969;0.10919789096474623;0.1003444852486075;1.091369609275333;10.000846899850709;0.8335359149075175;1.0971941259876108;1.0970707440055893;0.7639723234841224;-0.11345200920555243;0.7723103350774535
28.086929;1.0883523956938688;0.8333191612502383;0.765525005204269;0.10922946121910623;0.10037213984836578;1.0913815766027395;10.000825207151868;0.8335342968077212;1.0971924279024552;1.0970655080803973;0.7639633198550695;-0.11348000973028485;0.7723036878712766
28.096929;1.0883650748260885;0.8333196323038605;0.7655163703548751;0.10926207707564023;0.1004006525629482;1.091393486325129;10.000802040852559;0.8335326073658484;1.0971908322542403;1.0970603004680735;0.7639542344500514;-0.11350701026495133;0.7722968664921135
28.106929;1.0883770073311434;0.8333196940711732;0.7655080433476977;0.10929366120185861;0.10042829325397751;1.0914053318076165;10.000777471040257;0.833530855360536;1.0971893465357563;1.0970551328167715;0.7639450700438607;-0.11353501081158289;0.7722901679596647
28.116929;1.0883891503783418;0.8333197522669515;0.7654997358644315;0.10932524970326914;0.10045592652402424;1.0914171085658522;10.00075157727507;0.833529048643278;1.0971879748846078;1.0970500139962187;0.7639358275536526;-0.11356201137254135;0.7722833020958048
28.126929;1.088401218147633;0.8333204893572627;0.7654922868282409;0.10935758262375353;0.10048425934637104;1.0914288148964846;10.000724429419058;0.8335271939403842;1.097186718564043;1.0970449503769633;0.7639265076051248;-0.11358901195032348;0.7722764207140423
28.136929;1.0884137805946168;0.8333205094251498;0.7654840216093358;0.10938917642821752;0.10051187705805006;1.0914394508801195;10.000696082290489;0.8335252978139727;1.0971855784855253;1.0970399462269425;0.7639171120905164;-0.1136170125469871;0.7722696767065921
28.146929;1.088426554538224;0.8333204989757742;0.7654757760668741;0.10942077105758356;0.10053948674284986;1.0914510173330385;10.000666584318745;0.8335233674326545;1.0971845556414195;1.0970350030759348;0.7639076437125162;-0.11364401316364456;0.772262782375222
28.156929;1.0884395400164133;0.8333204515490003;0.7654675488813657;0.1094523651600463;0.10056708857639006;1.0914625157360345;10.000635978857146;0.8335214105891232;1.097183649843246;1.0970301200289658;0.7638981045289056;-0.11367101380039871;0.772255892023477
28.166929;1.088452734767396;0.8333203600284511;0.7654593398464518;0.10948395762132826;0.10059468315012174;1.0914739488351217;10.000604298489392;0.8335194349955529;1.097182859674625;1.0970252961180547;0.7638884958533566;-0.11369801445670581;0.7722490133680975
28.176929;1.0884648915027886;0.8333204924108889;0.7654522768308142;0.10951525097235473;0.10062211385603514;1.09148432123682;10.000571565749766;0.8335174467665116;1.0971821839458555;1.097020532701985;0.763878818559912;-0.11372501513177037;0.7722421539811658
28.186929;1.0884784905121567;0.8333202907825218;0.7654441048760882;0.10954683836337975;0.10064969766397167;1.0914956395742859;10.000537794748736;0.8335154494242555;1.09718162228178;1.097015833786294;0.763869072686712;-0.11375201582453733;0.7722353202536796
28.196929;1.088492279531294;0.8333200250535191;0.7654359505435114;0.10957842282250531;0.1006772786986599;1.0915059119277069;10.000502989283078;0.8335134445521849;1.097181173780202;1.0970112045678921;0.7638592578022037;-0.11377901653363463;0.772228516722158
28.206929;1.0885062484122563;0.8333196906481287;0.765427813131222;0.10961000425204692;0.10070485871443402;1.091517147327759;10.000467144620496;0.8335114334436146;1.0971808358386943;1.097006650195381;0.7638493740516213;-0.11380601725768381;0.7722217458726582
28.216929;1.088520387541216;0.8333196281352269;0.7654200093922111;0.10964042316833868;0.10073137408437681;1.0915283559301563;10.000430254798522;0.8335094181558207;1.0971806043751222;1.097002175271696;0.7638394224510676;-0.11383301799561404;0.7722150079282963
28.226929;1.0885334447881474;0.8333194227881848;0.7654130359909285;0.10967170203603803;0.10075879872151228;1.0915385486285578;10.000392321225274;0.8335074008525772;1.0971804745242268;1.0969977831137843;0.7638294047219006;-0.11386001874677167;0.7722083003414327
28.236929;1.0885478977512233;0.8333188679910613;0.7654049561077737;0.10970327553787823;0.10078638401319694;1.0915497360739044;10.000353356453637;0.8335053827464917;1.0971804414359418;1.0969934747973622;0.7638203233455105;-0.11388601951099799;0.7722024594128462
28.246929;1.0885624934705866;0.8333185859999116;0.7653972151378525;0.10973368744903737;0.10081290824243208;1.091559928190398;10.00031338358285;0.8335033646472867;1.097180500736617;1.0969892495174176;0.7638101816560058;-0.11391302028857578;0.7721957949688675
28.256929;1.0885762635000886;0.8333174729099597;0.7653894714821792;0.10976421874388499;0.1008396378325465;1.0915711337327267;10.000272437688254;0.8335013487036794;1.0971806489720548;1.0969851067778535;0.7637999835522424;-0.11394002108003579;0.7721891408151861
28.266929;1.0885911164358828;0.8333167126797765;0.7653814619305055;0.10979578675771981;0.10086723882703838;1.0915813599648587;10.00023057224814;0.8334993392793946;1.0971808850644045;1.0969810480230309;0.7637897323549817;-0.11396602188609445;0.7721823415249469
28.276929;1.0886058010584134;0.8333172730488684;0.7653749463979141;0.10982577526247589;0.10089342424336029;1.09159161354904;10.000187865318214;0.8334973420553368;1.0971812109380605;1.0969770764401692;0.7637804295382418;-0.11399302270766934;0.7721766742956756
28.286929;1.0886199192256172;0.833315972914966;0.7653672746004061;0.10985630153453597;0.10092017561308604;1.091602901430146;10.000144419006505;0.833495363024243;1.0971816297961026;1.0969731967019274;0.7637700748336336;-0.11401902354578705;0.7721698601199262
28.296929;1.0886350944239738;0.8333150327541807;0.7653593390084655;0.10988786496742277;0.10094780052078789;1.091613229910376;10.000100357776903;0.8334934090343933;1.097182144015876;1.0969694147816704;0.7637596674357751;-0.1140450244015264;0.7721630310734529
28.306929;1.0886494011725192;0.8333136150545047;0.7653517225650797;0.10991838864093548;0.10097456910053645;1.091623603021911;10.000055826785227;0.8334914888484466;1.097182753826592;1.0969657366022527;0.7637502069985366;-0.11407202527604302;0.7721573193931319
28.316929;1.0886647496382067;0.8333128986071915;0.7653441650512689;0.10994879024417885;0.10100114642648811;1.0916350221342375;10.000010982184746;0.8334896127020514;1.0971834564347072;1.0969621665572507;0.7637396936936942;-0.1140980261705893;0.7721504465660709
28.326929;1.0886792149949847;0.8333125171631871;0.7653376803345409;0.10997965590705576;0.10102824870230476;1.0916454869774235;9.999965975374908;0.8334877906532109;1.097184245824336;1.0969587076159417;0.7637291276916688;-0.11412402708657297;0.7721435449396102
28.336929;1.0886944204586908;0.8333115562232074;0.7653302787967858;0.11000929217218167;0.10105416899993301;1.0916559964784904;9.999920941689036;0.8334860315961304;1.0971851129971084;1.0969553625153632;0.7637195091808422;-0.11415002802527481;0.7721376009495012
28.346929;1.08870900530209;0.8333098943287686;0.7653227924684981;0.11003980985334433;0.10108097089718937;1.0916665477873746;9.99987600060086;0.8334843429753108;1.0971860462244378;1.0969521344000006;0.7637088386880702;-0.11417602898712075;0.7721306356972543
28.356929;1.0887236277584202;0.8333085201188464;0.765315651443986;0.1100691652665133;0.10110671434273434;1.0916771348781416;9.999831261393755;0.8334827306989713;1.0971870313372631;1.096949026676187;0.7636991172383871;-0.11420202997140354;0.772124627477252
28.366929;1.0887392291277282;0.8333075118106673;0.7653082493598323;0.11009955663028413;0.1011333287631362;1.0916887499732224;9.99978682915113;0.8334812000061602;1.0971880522369537;1.0969460423267359;0.7636883471117452;-0.11422803097660002;0.772117599511003
28.376929;1.088753875095618;0.8333056945457123;0.7653008487775298;0.11013006536042551;0.10116014850098506;1.0916993872697747;9.99974281129609;0.8334797572620508;1.097189092189861;1.0969431828414578;0.7636775324425586;-0.11425403200051032;0.7721105424243182
28.386929;1.0887685077306781;0.8333053410052998;0.7652948554998943;0.11015975418856586;0.10118622435937263;1.0917100442322467;9.999699311243972;0.8334784108850989;1.0971901351580728;1.0969404479976577;0.7636676787133346;-0.11428003304039551;0.7721044467654855
28.396929;1.0887840694615112;0.8333042099448377;0.7652875301354516;0.11019013211156183;0.1012128544738329;1.0917207192042735;9.99965640738421;0.8334771698420433;1.097191165155594;1.0969378366566367;0.7636567920107437;-0.11430603409362254;0.7720973364320588
28.406929;1.0887983435686261;0.8333025065396313;0.7652806022414333;0.11021870123590118;0.10123795122993952;1.0917314098947455;9.999614137235803;0.8334760414104766;1.0971921646456604;1.0969353474183594;0.7636468784961938;-0.11433103515804069;0.7720910438210086
28.416929;1.088812845080432;0.8333005487887764;0.7652732820987839;0.11024918404685646;0.1012647929894103;1.0917421149972781;9.999572499837244;0.8334750305144217;1.0971931151910315;1.0969329792820535;0.7636369447966102;-0.11435703623150413;0.7720848791576208
28.426929;1.0888272786743822;0.8332989081271384;0.7652662843556572;0.11027849716989942;0.10129057577038846;1.0917528358361508;9.999531477254461;0.8334741397469679;1.097194000457947;1.0969307324799273;0.7636259994914653;-0.11438303731142388;0.7720777089223264
28.436929;1.088841635336784;0.8332980604915361;0.7652600352608728;0.11030930365220498;0.10131774617668844;1.0917635762397657;9.99949105848884;0.8334733693827104;1.0971948084068763;1.0969286086002619;0.7636160534802278;-0.1144080383949763;0.7720713669344003
28.446929;1.0888559075226223;0.8332963797331675;0.7652530324192677;0.11033859448784537;0.10134354147550001;1.0917743423759672;9.999451248282966;0.8334727184972641;1.0971955301627125;1.0969266103191124;0.7636051186877898;-0.11443403947951138;0.772064176325653
28.456929;1.0888710468300922;0.8332954491722342;0.7652460491490434;0.11036775245431998;0.10136914297157332;1.0917851429995402;9.999412069794092;0.8334721868657442;1.0971961575669291;1.0969247413471277;0.7635952071894622;-0.11445904056268398;0.7720578237181929
28.466929;1.088885128334347;0.8332937489027785;0.7652390302399638;0.11039701781669786;0.10139495071674602;1.091794989217302;9.99937357317301;0.8334717753944396;1.097196682886561;1.0969230057424102;0.7635853313814079;-0.11448404164248333;0.7720514738100188
28.476929;1.0888991028906574;0.8332920473363041;0.7652319988211157;0.11042626906106498;0.10142076491766802;1.0918058937254647;9.999335836793707;0.8334714843165826;1.0971970994323272;1.0969214067817923;0.7635745038517928;-0.11451004271739881;0.7720442913446282
28.486929;1.0889126791442811;0.8332913913329306;0.7652261060892266;0.11045508722625624;0.10144622807761426;1.0918168689239494;9.999298944047897;0.8334713113221547;1.097197400847681;1.0969199467025523;0.7635647362032405;-0.11453504378640915;0.7720379616908676
28.496929;1.0889264211353054;0.8332897105949402;0.7652190411037652;0.11048430856373807;0.10147205531521866;1.0918279243012727;9.99926295372342;0.8334712514759299;1.0971975800886435;1.096918626841217;0.7635550375700266;-0.11456004484879402;0.7720316462796545
28.506929;1.0889400409399819;0.8332880535986233;0.7652119579157414;0.11051351494823416;0.1014978888413597;1.0918390657478345;9.999227895347492;0.8334712979199796;1.0971976291090555;1.0969174471506717;0.7635444134025439;-0.11458504590414062;0.772024356616831
28.516929;1.0889535357626714;0.8332864296975369;0.7652048570198305;0.11054270690780064;0.10152372853806158;1.0918492974471434;9.999193783090565;0.8334714418502333;1.097197539419389;1.096916406001643;0.763534864987286;-0.11461004695235777;0.7720180703120889
28.526929;1.0889659440186412;0.8332840859958502;0.7651977123457421;0.11057200559308898;0.10154977434902608;1.0918606238376283;9.999160626279327;0.8334716728382734;1.0971973034112008;1.0969155010184277;0.7635253906409403;-0.11463504799345949;0.7720117983707139
28.536929;1.088979179705294;0.833282901522524;0.7651908928974454;0.11060001115629606;0.10157456130237874;1.0918720499811974;9.999128431233554;0.8334719802924002;1.097196914882452;1.0969147295534163;0.7635159879523975;-0.11466004902719606;0.7720055415794471
28.546929;1.088992280135007;0.8332825950094068;0.765184804968121;0.11062950922480835;0.10160073589145877;1.091882581063867;9.999097199000376;0.8334723542911822;1.0971963680163488;1.0969140878141825;0.763505655371854;-0.11468505005265932;0.771998312999162
28.556929;1.089005241619835;0.8332812008120192;0.7651776350837891;0.11065865238088242;0.10162660068908246;1.0918942225060528;9.999066929002979;0.8334727854959079;1.0971956567461036;1.0969135696894625;0.7634963927455826;-0.11471005106802357;0.7719920933023444
28.566929;1.0890180626779729;0.8332802333172561;0.7651707655987363;0.11068662589037156;0.10165140658149036;1.0919059812031982;9.999037623868345;0.8334732652667146;1.0971947753319327;1.0969131665302356;0.7634872010168776;-0.1147350520704946;0.7719858965200963
28.576929;1.0890304599477507;0.8332788927744442;0.7651636537616064;0.11071498812817249;0.10167661023998636;1.091916866743335;9.999009290892603;0.8334737857580585;1.0971937182374005;1.0969128680851816;0.763478081244321;-0.1147600530565842;0.7719797243761957
28.586929;1.0890420462701773;0.8332773524310855;0.7651567248196284;0.11074306482395829;0.10170162809722653;1.0919288906375901;9.998981952106908;0.8334743396317517;1.0971924792820962;1.096912664291456;0.7634690337937283;-0.11478405402276481;0.7719734278837501
28.596929;1.0890544570306653;0.8332778373252663;0.7651508685087913;0.11077135789687576;0.1017267674215051;1.091940063548673;9.998955651621342;0.8334749196463387;1.0971910517488046;1.0969125468911614;0.7634600581845998;-0.11480905496581147;0.771967302904736
28.606929;1.0890667348677903;0.8332769232023017;0.7651436098406765;0.1108004600401475;0.10175266026043854;1.091952393404084;9.998930446598063;0.8334755184683053;1.0971894285193902;1.0969125092144278;0.7634501530954546;-0.11483405588250957;0.771960210636843
28.616929;1.08907792108838;0.8332756985203057;0.7651366179137328;0.11082851670468508;0.10177769113918267;1.0919638859295;9.998906399922534;0.8334761285462651;1.0971876016111812;1.096912544886189;0.7634413167316181;-0.11485805676966368;0.7719539790087763
28.626929;1.0890899331366866;0.8332753467944927;0.7651296282401385;0.11085644936109197;0.1018025244338228;1.0919765453964254;9.998883584138236;0.8334767420455482;1.0971855625882145;1.0969126479868738;0.7634325477476412;-0.11488305762457246;0.7719479141463608
28.636929;1.0891018140882198;0.8332751079173443;0.7651226124131402;0.11088437994127462;0.10182735895559855;1.0919883741741745;9.998862079820244;0.8334773514947826;1.097183304142892;1.096912814266857;0.7634238452217889;-0.11490705844501684;0.7719417127184006
28.646929;1.0891126087521843;0.8332742215433999;0.7651155418009398;0.11091243029401336;0.10185239347213623;1.0920013726293705;9.998841956920936;0.833477950343899;1.0971808221547137;1.096913041134161;0.7634152074250143;-0.11493105922890008;0.7719355152689429
28.656929;1.0891242391462068;0.8332753754468544;0.7651095338465702;0.11094070633284048;0.10187754310258364;1.0920135398653776;9.99882325717685;0.8334785321203978;1.0971781168115908;1.0969133261231;0.7634066317276595;-0.11495605997430833;0.7719294621503894
28.666929;1.0891347940031666;0.8332747275422028;0.7651024064393142;0.11096876119888412;0.10190257389636014;1.0920258750293308;9.998806000176561;0.8334790895397054;1.097175191974975;1.096913665079133;0.7633981157199934;-0.11498006067989791;0.7719232476599865
28.676929;1.0891461988303413;0.8332749668592764;0.7650952821496046;0.1109967008079294;0.10192740048377548;1.0920393792346912;9.998790203838972;0.8334796148805697;1.0971720542846413;1.0969140515397078;0.7633896573155056;-0.11500406134518447;0.771917012665179
28.686929;1.0891565462003838;0.8332745715174814;0.7650881133885185;0.11102476661802986;0.10195242066575713;1.0920520558964275;9.998775895536586;0.8334800998253757;1.097168712111312;1.0969144781649174;0.7633812541701979;-0.11502806197051067;0.7719107484675106
28.696929;1.0891677645611844;0.8332750680069696;0.7650809589250133;0.11105272010224308;0.10197723302249377;1.0920649092313652;9.998763108172323;0.8334805340771773;1.0971651737625183;1.0969149386324308;0.7633729038810294;-0.11505206255657259;0.7719044468328466
28.706929;1.0891776642511555;0.8332751557219575;0.7650741753362298;0.111078879084645;0.10200049702532737;1.092078943916972;9.998751875624674;0.8334809054004968;1.0971614465641488;1.0969154280930704;0.763365604280921;-0.11507606310381262;0.7718990907101284
28.716929;1.0891887455719913;0.8332770717892838;0.7650680721136436;0.11110719405869239;0.10202560526508564;1.0920921655214908;9.998742233289539;0.8334812020838042;1.0971575372371183;1.0969159423939754;0.7633573533420631;-0.11510006361225024;0.7718926996692694
28.726929;1.0891988218624242;0.8332771967384665;0.7650608738781558;0.11113529384612897;0.10205058576808346;1.092105579464364;9.998734210160094;0.8334814151915874;1.0971534525742905;1.096916476410214;0.763349149358052;-0.11512406408186394;0.7718862618983552
28.736929;1.0892088655051761;0.833277799032554;0.7650539911018784;0.11116224306527953;0.10207448906615307;1.0921191896993239;9.998727819989945;0.8334815383126396;1.0971492004847598;1.0969170224216689;0.763340990859039;-0.11514806451311521;0.7718797776144143
28.746929;1.0892198457509656;0.8332789530896089;0.7650468203842529;0.11119024307133213;0.10209924563059065;1.0921329985606492;9.998723077477349;0.8334815659190037;1.0971447909919974;1.0969175703490843;0.7633328759540917;-0.11517206490715572;0.771873247339905
28.756929;1.0892298530301008;0.8332798222183729;0.7650399420205117;0.11121721325157004;0.10212312473516763;1.0921470060680796;9.998720026351984;0.8334814928632629;1.0971402364991396;1.0969181094216036;0.7633248019217318;-0.11519606526562325;0.7718666711400085
28.766929;1.0892398526816938;0.8332819850418689;0.7650341333790488;0.11124453854152644;0.10214730829961015;1.0921612085059629;9.998718738871586;0.8334813152753878;1.0971355514156775;1.0969186293898021;0.7633167652350001;-0.11522006559039387;0.7718600476711164
28.776929;1.0892508104162701;0.8332835384780186;0.7650269760305698;0.11127257119945988;0.10217203044884159;1.0921765979624731;9.998719289472916;0.8334810313954604;1.097130750841741;1.0969191208852647;0.7633097618293404;-0.11524306588352372;0.7718542143364691
28.786929;1.089260815963487;0.8332848041226785;0.7650201145798103;0.11129957407097764;0.10219587710496296;1.092191162006963;9.998721742914249;0.8334806410921026;1.0971258488895208;1.096919575387899;0.7633017872196365;-0.11526706614712261;0.7718474913341432
28.796929;1.0892708329225327;0.8332861979897235;0.7650132593137433;0.11132658755251745;0.10221971446485327;1.092205883493577;9.998726161395409;0.8334801442617804;1.0971208576689782;1.096919985195606;0.7632938364038488;-0.11529006638293235;0.7718405702289274
28.806929;1.089280861472714;0.8332877181419924;0.7650064089121268;0.11135361135665142;0.10224354301133909;1.0922207425454884;9.998732607407565;0.8334795400024357;1.0971157863131078;1.0969203435677282;0.76328590386483;-0.11531406659187991;0.7718337523336768
28.816929;1.0892908973945101;0.8332893626005795;0.7649995615681193;0.11138064537734726;0.10226736300375329;1.092235719706949;9.99874114208025;0.8334788270287161;1.0971106403957025;1.0969206449635651;0.7632789833283398;-0.11533706677401678;0.7718277306911464
28.826929;1.089300935590861;0.8332922893251089;0.7649937804095824;0.11140803398501871;0.10229149069870172;1.0922507973001296;9.998751821123832;0.8334780040982603;1.0971054229074215;1.0969208858768542;0.7632710674231741;-0.11536106692875568;0.77182083099784
28.836929;1.0893119313518076;0.8332949369680421;0.7649869597319888;0.11143496947416408;0.10231509477072176;1.0922649590508402;9.99876468534581;0.833477070272801;1.0971001353584875;1.0969210660860629;0.7632631477984722;-0.11538406705503881;0.7718137498187525
28.846929;1.0893219650561023;0.83329693705276;0.7649801103521898;0.11146203497114365;0.10233889120299514;1.092280189758939;9.99877975482814;0.8334760247392636;1.0970947783906013;1.0969211888895813;0.7632562156412463;-0.11540706715148333;0.7718076336135817
28.856929;1.089331993760841;0.8332990486441713;0.7649732588556213;0.11148911047496209;0.10236268083450803;1.0922954749811582;9.998797029472167;0.8334748659751487;1.0970893533886639;1.09692125993907;0.7632482625320507;-0.11543106721660246;0.7718006633536361
28.866929;1.0893420168261156;0.8333012689926272;0.7649664052772887;0.1115161951764647;0.1023864641626891;1.0923108000170372;9.998816485963452;0.8334735918985913;1.0970838633798743;1.0969212861181383;0.7632402812270922;-0.11545406724873496;0.771793537438885
28.876929;1.0893520341558636;0.8333035955133469;0.7649595495820547;0.11154328815646429;0.10241024158844776;1.0923261485950932;9.998838067650201;0.8334722013575809;1.09707831164002;1.0969212753767232;0.7632332657296358;-0.11547706724577496;0.7717874016580301
28.886929;1.0893620450389867;0.8333075296503324;0.7649540731788566;0.11156957228407682;0.1024332641794119;1.0923415022708838;9.998861680821772;0.8334706952696587;1.097072701113437;1.0969212360600105;0.7632252111339662;-0.115500067205463;0.7717802857504715
28.896929;1.0893720486581893;0.8333100579461005;0.7649472145668279;0.11159667930096501;0.10245703076575645;1.0923568413625206;9.998887205203918;0.833469077003065;1.0970670364055544;1.096921174866215;0.7632171139918987;-0.11552306712598928;0.7717731873095596
28.906929;1.0893820450572504;0.8333126800792391;0.7649403562810478;0.11162379253007937;0.1024807923660585;1.092371146742497;9.99891451022447;0.8334673522012357;1.0970613255947381;1.0969210952123778;0.7632099722378269;-0.11554606700610516;0.7717671049383092
28.916929;1.0893910757929643;0.8333149709189004;0.7649337881328251;0.11164987047332196;0.1025036835748564;1.092386400584164;9.998943471854744;0.8334655277868253;1.0970555787791;1.0969209972997347;0.763201783955173;-0.11556906684503229;0.7717600701237101
28.926929;1.0894010582754021;0.8333177567478343;0.7649269307011437;0.11167699542955102;0.10252743536126026;1.0924015857121232;9.99897398461247;0.8334636104093326;1.0970498044378219;1.096920879394031;0.7631945462830976;-0.11559206664261769;0.7717540682970033
28.936929;1.0894110344179302;0.8333209494403254;0.7649203861627586;0.111702965831706;0.10255011636521369;1.0924156851613598;9.99900596548838;0.8334616053320548;1.097044008143774;1.0969207395195504;0.7631862554557006;-0.11561506639959193;0.7717471296640551
28.946929;1.0894210061169223;0.8333253492533327;0.7649148988995738;0.11172928677001424;0.10257310686875831;1.0924306831148385;9.999039353579866;0.8334595166846344;1.0970381940047633;1.0969205766789767;0.7631789078074074;-0.1156370661178309;0.7717410881485403
28.956929;1.0894309762218002;0.8333282747357066;0.764908016223979;0.11175643086984081;0.10259683913505781;1.0924455664521049;9.999074105557247;0.8334573486257294;1.0970323652084877;1.0969203913743701;0.7631705007994197;-0.11566006580036965;0.771734269589185
28.966929;1.0894409484728649;0.8333315604634063;0.7649014290282254;0.111782421721141;0.10261949757647831;1.0924593244472067;9.999110183643644;0.8334551065315616;1.0970265242881003;1.0969201858825117;0.7631630330873962;-0.11568306545108312;0.7717285027613202
28.976929;1.0894499689509514;0.8333340881759779;0.7648947895449888;0.11180853923878843;0.10264234626630815;1.092473946206359;9.999147535969913;0.8334527981008173;1.0970206751186025;1.096919963638938;0.7631545039674944;-0.11570606507429242;0.77172180921035
28.986929;1.0894599611609792;0.833337373227344;0.7648881477737568;0.11183454535899076;0.10266498544273339;1.0924874193405516;9.999186083034056;0.8334504336017029;1.097014824682094;1.0969197280516871;0.7631469131387213;-0.11572806467432652;0.7717160128606709
28.996929;1.0894699732090503;0.8333406441729159;0.7648814750287091;0.11186055924461907;0.10268761458083815;1.0925017312766958;9.999225720333728;0.8334480245370186;1.0970089824927842;1.0969194829579032;0.7631392612926298;-0.1157510642552498;0.7717104197886475
29.006929;1.0894800110994942;0.8333450544683956;0.764875836355467;0.1118869251185529;0.102710549679767;1.092515870454088;9.999266331454796;0.8334455823318021;1.0970031580647535;1.0969192338962688;0.7631305510842248;-0.11577306382105093;0.771703736069786
29.016929;1.0894891203860109;0.8333475157899718;0.7648690749103804;0.11191307361103017;0.102733358797817;1.0925288257758299;9.999307806706106;0.833443118499535;1.096997358378669;1.0969189880502301;0.763122787127131;-0.11579606337602408;0.7716982332021116
29.026929;1.0894992215686257;0.8333507104515376;0.7648623090199548;0.11193911091829098;0.10275595904762015;1.0925415860975503;9.999350052659722;0.8334406448956597;1.096991587068282;1.096918754050566;0.7631139748222098;-0.11581806292481618;0.7716916263332759
29.036929;1.0895083997178636;0.8333531095829816;0.7648554825128063;0.11196527477024613;0.10277875003720957;1.0925551411769385;9.999392982849473;0.8334381731396773;1.0969858454143142;1.0969185425010506;0.7631061191926777;-0.1158400624721039;0.7716860338796343
29.046929;1.089518574442987;0.8333562335806671;0.764848645032015;0.11199132682814673;0.10280133284619633;1.0925674823249556;9.999436507586553;0.8334357142641207;1.0969801343755372;1.0969183658208428;0.7630982240846863;-0.11586206202228495;0.7716804578684904
29.056929;1.0895287876127688;0.8333593147340734;0.7648417659117882;0.11201738560483045;0.10282390733689628;1.0925806022315485;9.999480533358609;0.8334332786438374;1.096974456139336;1.09691823698715;0.7630892916151536;-0.11588506157921737;0.7716740518342569
29.066929;1.0895380780099098;0.8333619296254762;0.7648351321883217;0.11204240896731275;0.10284560806124529;1.0925924955590531;9.999524960577814;0.8334308759689963;1.0969688145157497;1.0969181683444758;0.7630813219833557;-0.11590706114591644;0.7716684877988054
29.076929;1.089548357518589;0.8333660704878365;0.7648292314653263;0.11206882440734228;0.10286848243212672;1.0926041594142615;9.999569673784176;0.8334285157164271;1.0969632150962942;1.0969181710326397;0.7630733136755188;-0.1159290607246081;0.7716629255135934
29.086929;1.0895577008025625;0.8333682287416719;0.764822197686591;0.11209502035937315;0.10289123270413746;1.092616592101905;9.99961453598379;0.8334262073341715;1.0969576651152504;1.0969182551465966;0.7630652643276845;-0.1159510603171642;0.771657364964135
29.096929;1.089568015931281;0.8333714265451938;0.76481546822731;0.11211994266812725;0.10291271047037427;1.0926277916871934;9.999659400983978;0.8334239596971883;1.0969521727733618;1.0969184305023567;0.7630561721280589;-0.11597305992524752;0.7716508166922836
29.106929;1.0895773756002405;0.833373442988746;0.7648083589211799;0.1121461504385539;0.10293544543252106;1.0926387567384364;9.999704138481388;0.8334217807384189;1.0969467464545313;1.0969187069712283;0.7630480366077145;-0.11599505955006774;0.7716452544258302
29.116929;1.0895876872889947;0.8333764857931759;0.7648015544230847;0.1121710848331613;0.10295690798176318;1.0926504882385637;9.999748649762793;0.8334196773701464;1.0969413941206956;1.0969190944244263;0.7630398577455226;-0.11601705919225413;0.7716396826570913
29.126929;1.0895970219641395;0.8333783366113723;0.7647943664761637;0.112197304512399;0.10297962786084575;1.0926609904302094;9.99979285993884;0.8334176555660443;1.0969361230801424;1.0969196026523083;0.7630316344199994;-0.11603905885221391;0.7716340932083443
29.136929;1.0896063244748408;0.8333816022848087;0.7647885150483811;0.11222271276590089;0.10300159097732012;1.0926712714927644;9.999836706278732;0.8334157205613074;1.096930939841861;1.0969202412036756;0.7630233643130226;-0.11606105853090694;0.771628479574595
29.146929;1.0896165390520847;0.8333843754474195;0.7647815759152489;0.1122476623129378;0.10302303139409887;1.0926813444129642;9.99988014718235;0.8334138768553756;1.0969258501507753;1.0969210192361882;0.7630140446752482;-0.11608205823034624;0.7716216982706162
29.156929;1.0896257352802676;0.8333862881872447;0.7647745550071079;0.11227273356843122;0.10304466406611866;1.0926912250306358;9.999923175009958;0.8334121286230337;1.0969208597071787;1.096921944144149;0.7630056725212393;-0.11610405795323588;0.7716160232014433
29.166929;1.0896348615388605;0.8333877561063493;0.7647671570960977;0.11229896754545177;0.10306735464011127;1.0927019276395733;9.999965806259759;0.8334104808083216;1.096915975102016;1.0969230190037802;0.7629972457348098;-0.11612605770217979;0.7716103108129758
29.176929;1.0896448701832027;0.833390228942882;0.7647600344020394;0.11232392304159597;0.10308877293840232;1.0927114635493467;10.000008055863377;0.8334089395026291;1.0969112039849152;1.0969242413951583;0.7629887651624119;-0.11614805747913605;0.771604557096475
29.186929;1.0896538436361438;0.8333918378418121;0.7647528113367515;0.11234899703682033;0.10311038317827463;1.0927208440376979;10.000049921473918;0.833407510746987;1.0969065540564276;1.0969256044548765;0.7629802340975886;-0.1161690572851761;0.7715986093150584
29.196929;1.0896627474232363;0.8333933464614525;0.7647455104027919;0.11237407027785438;0.10313198583012027;1.0927300831079951;10.00009139064767;0.8334061988645026;1.0969020308855904;1.0969270983871455;0.7629716548501223;-0.11619105712042817;0.7715927693053501
29.206929;1.0896715927860543;0.8333959165388162;0.7647391944035525;0.1123994864609741;0.10315389678077665;1.0927391968986082;10.000132462230031;0.8334050062564317;1.0968976356569264;1.0969287117158686;0.7629630267158203;-0.11621205698414638;0.7715867397374728
29.216929;1.08968135088699;0.8333979886212294;0.7647317581947131;0.1124244382456808;0.10317528479656089;1.0927482010102672;10.000173164876088;0.8334039351675389;1.0968933650276718;1.0969304328345455;0.7629543468556823;-0.11623405687485669;0.7715808263211614
29.226929;1.0896901156695762;0.8333991962541671;0.7647242121593781;0.11244950606352384;0.10319686454107398;1.0927571091427832;10.000213559458805;0.8334029891107734;1.0968892132693715;1.0969322509709358;0.7629456114798047;-0.11625505679055803;0.7715747307741604
29.236929;1.0896988556582405;0.8334006428141774;0.7647168985981482;0.11247340969247137;0.10321737096228739;1.0927659345515048;10.000253727095862;0.8334021721385056;1.0968851746353856;1.0969341561506503;0.7629368162701347;-0.11627605672896091;0.7715686049333234
29.246929;1.0897075787520911;0.8334016364309353;0.7647091855578884;0.11249846995574693;0.10323893428323203;1.0927746913497174;10.000293747397277;0.8334014873731064;1.096881244525148;1.0969361387777177;0.7629279570005186;-0.11629805668774718;0.7715626003402597
29.256929;1.089716290241052;0.833402518584994;0.7647013882672146;0.11252352529458916;0.10326048897629768;1.092783393433419;10.000333670712411;0.833400936325822;1.0968774194053115;1.0969381889219922;0.7629190301885584;-0.11631905666481994;0.7715564165291069
29.266929;1.0897249928631503;0.83340444929939;0.7646945718994995;0.1125489193578348;0.10328235090667688;1.0927920533513154;10.000373508357036;0.83340051873867;1.0968736963104273;1.0969402962856118;0.7629100334976598;-0.11634005665841819;0.7715502050810984
29.276929;1.0897339725159814;0.8334055702315204;0.7646868327234773;0.11257356504902893;0.10330349627893091;1.0928006824908356;10.000413250706705;0.833400232499332;1.0968700728632976;1.0969424510929215;0.7629009662571439;-0.11636105666709666;0.7715439671228629
29.286929;1.0897426620667492;0.8334061189464471;0.7646787905640138;0.11259860284548552;0.10332502636769608;1.0928092908541531;10.000452886455703;0.8334000739905464;1.0968665474901598;1.096944644690297;0.7628918294853533;-0.11638205668969342;0.7715377046528337
29.296929;1.089751346844084;0.8334069036635441;0.7646709923474079;0.11262247293547807;0.1033454839297511;1.0928168865439372;10.000492408690917;0.8334000388008259;1.0968631192473064;1.096946869290662;0.7628826247653607;-0.11640305672517416;0.7715314210911194
29.306929;1.089760028885503;0.8334072379910767;0.7646628133404125;0.11264749643351445;0.10336700008966603;1.092825476374434;10.000531813800306;0.8334001220103014;1.096859788338818;1.0969491166523342;0.7628733532387448;-0.11642405677219492;0.7715251210228444
29.316929;1.0897687124970594;0.8334078136748206;0.7646548926513819;0.11267135075546726;0.10338744486443728;1.0928340662025675;10.000571089533048;0.8334003183025127;1.0968565574457496;1.096951376641354;0.7628640159523895;-0.11644505682880422;0.7715188090040233
29.326929;1.0897774034354781;0.8334079471657806;0.7646466070127376;0.11269635724985715;0.10340894943079423;1.0928426598802594;10.000610196905061;0.8334006222934283;1.096853432011215;1.096953637392768;0.7628546145034891;-0.11646605689262048;0.7715124884643725
29.336929;1.089786106474435;0.8334094931429231;0.7646396619822383;0.1127205378264401;0.10342969966079965;1.0928512582249084;10.000649068566041;0.8334010287373775;1.0968504187938832;1.0969558864430267;0.7628451507788168;-0.1164870569609388;0.7715061622175875
29.346929;1.089794824402498;0.833409791408443;0.7646316194536967;0.11274436495632194;0.10345012988965271;1.0928588590676103;10.000687624162644;0.8334015327211863;1.0968475236475688;1.0969581113807334;0.7628356263667163;-0.11650805703060975;0.7714998340882593
29.356929;1.0898035602502107;0.833410009442563;0.7646235526270091;0.1127681829997787;0.10347055648304447;1.0928674584515596;10.000725786215511;0.8334021299165026;1.096844749866748;1.096960301032491;0.7628270429698046;-0.11652905709823559;0.7714944981798113
29.366929;1.0898123199396974;0.8334098098432576;0.7646151533813837;0.11279315361166588;0.10349204525318696;1.0928760521418546;10.000763487689559;0.8334028166217694;1.0968420976255482;1.0969624474819113;0.762817403858165;-0.11655005716060028;0.7714881844789084
29.376929;1.0898211107595197;0.8334098872972077;0.7646070606690409;0.11281695578381322;0.10351246618406498;1.0928836364057244;10.000800666578002;0.8334035895951635;1.096839563829457;1.0969645468039673;0.7628077149079829;-0.11657005721502241;0.7714817385331003
29.386929;1.0898289775683265;0.8334091402925281;0.7645989384430485;0.11284086965119262;0.10353308453774686;1.0928922078638805;10.000837264850771;0.833404445340451;1.0968371421503884;1.0969665981287298;0.7627979845871049;-0.116591057259638;0.7714754706137926
29.396929;1.0898378345694846;0.8334090974617929;0.7645908454192283;0.11286466023696567;0.10355350202640992;1.092900762564319;10.00087324414022;0.8334053790461124;1.09683482420108;1.0969686024431562;0.7627882229349378;-0.11661105729342149;0.771469085635562
29.406929;1.0898467139462726;0.8334101598759274;0.7645838209081116;0.11288879102663671;0.10357423434986417;1.0929082949276432;10.000908594615435;0.8334063843548123;1.096832601584385;1.0969705617897205;0.762779439675099;-0.11663205731561013;0.7714638801828331
29.416929;1.0898558893234336;0.8334101258933717;0.7645756408193237;0.11291333779532221;0.10359532327409465;1.0929167973000473;10.00094332590492;0.8334074538046189;1.0968304668565092;1.0969724781000552;0.7627696431303564;-0.11665205732508024;0.7714575802270028
29.426929;1.089863824644564;0.833409160318341;0.7645675221922734;0.11293723923669281;0.1036159394586237;1.0929252602225152;10.000977446902015;0.8334085791412084;1.0968284136989137;1.096974351296897;0.762759840954745;-0.11667305732040223;0.7714514816723678
29.436929;1.089872714793742;0.8334092525090675;0.7645597405602381;0.11295986252931356;0.10363529232231071;1.092932673757773;10.001010944454652;0.8334097516025795;1.0968264381369104;1.0969761791104173;0.7627510408982743;-0.11669305730005207;0.771446275962379
29.446929;1.089881596195486;0.8334089541343547;0.7645516345905807;0.11298364930994716;0.10365571260622872;1.0929410297499205;10.001043785499585;0.8334109622074249;1.096824540010496;1.096977959442347;0.7627412503766914;-0.11671405726232029;0.7714402949748046
29.456929;1.0898895072813464;0.8334078501522718;0.7645434902393575;0.11300755793063165;0.10367633495930066;1.0929483234604696;10.001075938542218;0.8334122022252373;1.0968227232526793;1.0969796917208519;0.7627314757286875;-0.11673405720520211;0.7714342323144635
29.466929;1.0898983636315598;0.8334086310926634;0.7645364242108552;0.11303169816404907;0.10369707676812946;1.0929565536152879;10.001107379173087;0.8334134639815126;1.0968209950085053;1.0969813756148217;0.7627217218124661;-0.1167540571264159;0.7714282464792169
29.476929;1.0899072034073705;0.8334085615704986;0.7645285926525194;0.11305433930675456;0.10371644086816076;1.0929637214382204;10.001138077151905;0.8334147412997945;1.0968193637198533;1.0969830096975512;0.762712992574955;-0.11677505702352742;0.771423482013844
29.486929;1.0899150619656177;0.8334073574364621;0.7645204017100266;0.11307826570291313;0.1037370733681899;1.0929718294183788;10.001167989765351;0.8334160292037813;1.096817837002093;1.0969845920212637;0.7627032928194096;-0.11679505689399422;0.7714176605654356
29.496929;1.089923849120552;0.8334072366409903;0.7645125377391148;0.11310091926970768;0.10375644547602675;1.0929788806073193;10.001197064123787;0.8334173231324659;1.0968164204428423;1.0969861214651901;0.7626946291170255;-0.1168150567352479;0.77141290976824
29.506929;1.089931641381162;0.833405988462227;0.7645043167755408;0.11312485749177652;0.10377708686751319;1.0929858787778255;10.00122524300892;0.8334186179509007;1.0968151175020646;1.0969875986059934;0.7626850089006677;-0.11683505654510028;0.7714072525066191
29.516929;1.0899406389817425;0.8334059460331393;0.7644963351396524;0.11314828452514558;0.10379714096380133;1.0929938279194564;10.001252482202535;0.8334199075250318;1.0968139302027664;1.0969890264141946;0.7626754395915489;-0.11685505632208304;0.7714016786789772
29.526929;1.0899493173443828;0.8334054256027089;0.7644881190390665;0.11317211457617449;0.1038175927110988;1.0930007308935468;10.00127876546746;0.8334211855465048;1.0968128593882527;1.096990410067006;0.7626669282106949;-0.11687505606523116;0.7713971798555852
29.536929;1.089957006267082;0.8334056339937086;0.76448124924355;0.11319524887668383;0.10383749927947622;1.0930075898661902;10.001304097058274;0.8334224470639252;1.0968119038234019;1.0969917552430148;0.7626574806346793;-0.1168950557736175;0.7713917840920045
29.546929;1.0899646697338847;0.8334046673692136;0.7644733100644161;0.11321804178647912;0.10385709556756653;1.0930154086730406;10.00132848817626;0.8334236893538011;1.0968110595188223;1.0969930662778233;0.7626491008323278;-0.1169150554461932;0.771387475177675
29.556929;1.0899732722182234;0.8334044472197126;0.7644653986951615;0.11324071881280286;0.10387649857052494;1.093022194437331;10.001351955022479;0.8334249115102967;1.0968103205973563;1.0969943454720514;0.7626397903191592;-0.11693505508203271;0.7713822844104755
29.566929;1.089980900843132;0.8334031009883933;0.764457149433057;0.11326467518031075;0.10389717303812426;1.0930289570848943;10.001374519155172;0.8334261132304929;1.0968096811559618;1.0969955942112712;0.7626315478196873;-0.11695505468064778;0.7713781970012353
29.576929;1.08998947459962;0.8334028403495265;0.7644492501734719;0.11328735188040338;0.10391659074761049;1.0930367077713994;10.001396198918156;0.8334272935580743;1.096809135858782;1.0969968148903924;0.7626223696161127;-0.11697405424215411;0.7713730914060545
29.586929;1.0899970730384054;0.8334017982712517;0.7644413319152105;0.11331014412635197;0.10393621654122083;1.0930434574560979;10.001416997170907;0.8334284504953009;1.0968086779381978;1.0969980108892672;0.7626142507309348;-0.11699405376745325;0.7713692533220547
29.596929;1.0900058926546572;0.8334016234214381;0.7644333579848115;0.113333578314189;0.10395632504520129;1.0930502159716116;10.001436898229938;0.8334295815249598;1.0968082974869808;1.0969991851281928;0.7626051861491502;-0.1170140532582645;0.7713645596533656
29.606929;1.0900134440234994;0.8334005635302164;0.7644254581763587;0.1133563635038502;0.10397597056748598;1.0930569922943145;10.001455875176397;0.8334306836379555;1.0968079827811412;1.0970003404612267;0.7625971711344288;-0.11703305271658088;0.7713608404796001
29.616929;1.0900209696000254;0.8334006679003809;0.7644186352305855;0.11337948799506439;0.10399594262730885;1.0930637950189444;10.001473900358473;0.833431752728893;1.0968077227720097;1.0970014815515485;0.7625882013165461;-0.11705305214370251;0.7713564257002459
29.626929;1.0900284703540626;0.8333996207685331;0.764410760408697;0.11340226296667538;0.10401561038741967;1.093071631108171;10.001490954005268;0.8334327840598209;1.0968075084384965;1.0970026150783647;0.762580273409632;-0.11707305153964716;0.7713531424261708
29.636929;1.0900369056820802;0.8333993512161185;0.764402927662901;0.11342491499516542;0.10403509080102917;1.093078504744206;10.001507019559671;0.8334337738089816;1.0968073319042753;1.0970037477250403;0.7625713854700457;-0.11709205090359431;0.7713488631838863
29.646929;1.0900443579618002;0.8333983381110901;0.7643950837435544;0.1134476793964969;0.10405478305691149;1.0930854191965877;10.001522065076477;0.8334347204435644;1.0968071842319687;1.0970048845748475;0.7625635359679208;-0.11711205023478714;0.7713458693161046
29.656929;1.090051786416585;0.833397691367309;0.7643875720294558;0.11346927822725573;0.10407342351908534;1.0930923800579335;10.001536033976087;0.8334356255523805;1.0968070558123793;1.0970060294610802;0.7625557227836676;-0.1171310495328933;0.7713428699397961
29.666929;1.090059192853017;0.8333967260845705;0.764379761268787;0.11349203512123573;0.1040931440179827;1.0930993963206608;10.001548855831585;0.8334364934687234;1.096806939320732;1.0970071857491293;0.7625469430650165;-0.11715004879775776;0.7713390290877516
29.676929;1.0900678220039106;0.83339667069862;0.7643719019939794;0.1135154350194513;0.10411335363187377;1.0931064800425756;10.001560464846808;0.8334373296965585;1.0968068305928775;1.0970083564668538;0.7625391934511192;-0.11717004802906464;0.7713364751434589
29.686929;1.0900751882954098;0.833397276451299;0.7643655022705352;0.11353737138887222;0.1041323576075688;1.0931136463559958;10.001570809298645;0.8334381397390961;1.0968067264532149;1.097009543645663;0.7625314700904898;-0.1171890472263332;0.7713339152162635
29.696929;1.0900825341111393;0.8333964182788621;0.7643577324209025;0.11356012489963035;0.10415212933200617;1.093120912488493;10.001579841187715;0.8334389285949401;1.0968066223289863;1.0970107466503594;0.7625227687565639;-0.11720804638913518;0.7713305123065644
29.706929;1.0900898596731154;0.8333959506174587;0.7643502841816006;0.11358171793745465;0.10417085446460585;1.0931282955056056;10.001587501116923;0.8334396999253658;1.0968065117363839;1.0970119615786673;0.7625150852059381;-0.11722704551709959;0.7713282426528374
29.716929;1.0900971658235057;0.8333951872250293;0.7643425204273314;0.11360447387185464;0.10419066387241857;1.0931358102706088;10.001593722983127;0.8334404553901638;1.0968063879963095;1.0970131832949392;0.7625074155750442;-0.11724704460974378;0.7713262682182982
29.726929;1.0901044522818095;0.8333948139956963;0.764335067440034;0.11362607030536215;0.10420942678888621;1.09314346834587;10.001598447948894;0.8334411951803892;1.0968062466100355;1.0970144079250996;0.7624987566772671;-0.11726604366645756;0.771323293950535
29.736929;1.090111999867568;0.8333942532356557;0.7643271985106357;0.1136495926578858;0.10422994588381748;1.0931512778886532;10.001601618702878;0.8334419193442846;1.0968060867113991;1.0970156336073633;0.7624911060137419;-0.1172850426865904;0.7713214449912913
29.746929;1.0901192342720143;0.8333939494144683;0.7643197256476465;0.11367119311105663;0.1042487454077496;1.0931592444736478;10.00160315846059;0.8334426286387026;1.096805911547397;1.0970168602440782;0.7624834614053002;-0.11730404166952074;0.7713197285246906
29.756929;1.090126432418985;0.8333948271702807;0.764313304351728;0.11369313986676884;0.10426787807193627;1.0931673724226338;10.001602966931634;0.8334433239734406;1.096805727903469;1.0970180898851463;0.7624758204355064;-0.1173230406149212;0.7713181392523174
29.766929;1.090134546717284;0.8333949731843882;0.7643055120734589;0.11371578917424334;0.10428757795298432;1.093174665320645;10.001600944252694;0.8334440051787889;1.0968055448392113;1.0970193275610514;0.7624671801208787;-0.11734203952320657;0.771315683564409
29.776929;1.0901406959755449;0.8333939412745063;0.7642979591727763;0.11373751399384716;0.10430662670916509;1.093183125087091;10.001597019113992;0.8334446708177502;1.0968053727526679;1.0970205813052987;0.7624595371341971;-0.1173610383958149;0.7713143336429888
29.786929;1.090147752655689;0.8333936661135444;0.7642904060043101;0.11375912458303444;0.104325491134155;1.0931917507284628;10.001591159502357;0.8334453193324115;1.0968052229594087;1.0970218605230218;0.7624518885839564;-0.11738003723513844;0.7713130964531977
29.796929;1.090154753863749;0.8333933747624591;0.7642828199436508;0.11378073854084107;0.10434436954735944;1.0932005380436982;10.001583368013382;0.8334459499853331;1.0968051075080618;1.0970231736734175;0.7624442327372696;-0.11739803604408326;0.77131181442862
29.806929;1.090161978400966;0.8333931732927434;0.7642751051696439;0.11380311896522938;0.10436393338812076;1.093209480700002;10.001573670076269;0.8334465621519409;1.0968050387713646;1.097024527449417;0.762436568796287;-0.11741703482546374;0.7713107863256246
29.816929;1.0901688503594162;0.8333928175584155;0.764267443893753;0.1138247413020134;0.10438283720256263;1.0932185719849865;10.001562100789894;0.8334471541656782;1.0968050281809492;1.0970259273768155;0.7624278961184775;-0.11743603358159747;0.7713088664417305
29.826929;1.0901756441256176;0.83339241667215;0.7642597456118114;0.1138463687604401;0.10440175195943648;1.093226805800197;10.001548697185319;0.8334477238312451;1.0968050844630997;1.097027378349545;0.7624202141099852;-0.1174550323143127;0.7713080260090918
29.836929;1.0901823513038382;0.8333931262099696;0.7642530786599334;0.11386834616062029;0.10442099176372166;1.0932361765657665;10.001533501551762;0.8334482696634893;1.096805212965574;1.0970288848668799;0.7624125223501156;-0.11747303102532711;0.7713071182610177
29.846929;1.0901889679512995;0.8333926181326196;0.7642453161763357;0.11388998585711994;0.10443992398739126;1.0932456789094938;10.00151657058304;0.833448791041822;1.0968054167137198;1.097030451021809;0.7624048200977823;-0.11749202971661303;0.7713064420520382
29.856929;1.090195779099944;0.8333921654077903;0.7642374352088077;0.1139123950429606;0.10445953549808928;1.0932543075222905;10.00149797756248;0.8334492875626248;1.0968056975707678;1.097032080328293;0.7623971061982386;-0.11751102839034674;0.7713058404007097
29.866929;1.0902022205913824;0.8333915286708523;0.7642296218909629;0.11393404924204914;0.10447848123230115;1.0932640574867458;10.001477804948365;0.8334497581364463;1.0968060565909772;1.0970337758189939;0.7623893796772032;-0.1175290270485304;0.7713051551876166
29.876929;1.0902076227464648;0.8333900582844804;0.7642217586694744;0.11395582852776492;0.1044976320249918;1.0932739247521002;10.00145613496605;0.833450200542722;1.0968064948050826;1.0970355408818924;0.76238163968055;-0.11754802569265892;0.7713046830525575
29.886929;1.0902139092733452;0.8333896216155846;0.7642142174126196;0.11397633787726419;0.10451552388081502;1.0932829055561466;10.001433037696463;0.8334506123135136;1.09680701407093;1.0970373805337985;0.7623738848810759;-0.11756602432363153;0.7713041102899216
29.896929;1.09022012951181;0.8333887682880206;0.7642063420325229;0.1139980174837227;0.10453448633344299;1.0932929958783366;10.001408551002985;0.8334509917952462;1.09680761618397;1.0970393010345307;0.7623661135008238;-0.11758402294200616;0.7713035802224442
29.906929;1.0902262940257295;0.8333878448229946;0.7641984509381572;0.11401970608152046;0.10455345370003809;1.0933031922232377;10.001382664138674;0.8334513383672227;1.0968083008447802;1.097041307896007;0.7623583236097937;-0.11760302154839099;0.7713032358934853
29.916929;1.0902317406798383;0.8333877152461784;0.7641918091075168;0.11404146577555584;0.10457254709970777;1.0933124917334685;10.00135531885637;0.833451652630192;1.0968090646088142;1.097043405901645;0.7623505130811624;-0.11762102014349662;0.7713027630284008
29.926929;1.0902378335021365;0.8333866645594608;0.7641838964806689;0.11406317257723288;0.10459152322871106;1.0933228912108635;10.001326427651705;0.833451936449871;1.0968099020828401;1.097045601144781;0.7623426796509774;-0.11763901872795353;0.771302305518746
29.936929;1.0902439135400466;0.8333859006114255;0.7641762937959067;0.11408372628384426;0.10460943831017278;1.0933323875943683;10.001295903441292;0.8334521921834664;1.096810808113177;1.0970479007944847;0.7623348211939239;-0.11765801730238507;0.7713020085092359
29.946929;1.090249037860755;0.8333839733135179;0.7641683468355728;0.11410556587184977;0.10462862239189166;1.093342979136775;10.00126368107855;0.8334524216016775;1.0968117784643625;1.097050309797326;0.7623269356576351;-0.11767601586765995;0.771301560586729
29.956929;1.0902551389378505;0.833383092583849;0.7641607467831816;0.11412613345531329;0.10464654679317038;1.0933526647516736;10.001229717926634;0.8334526254250377;1.0968128096004652;1.0970528280123004;0.7623190208837509;-0.11769401442479653;0.7713011083218139
29.966929;1.0902615559887654;0.8333819172616728;0.7641527489280706;0.1141486303564003;0.10466621358440402;1.093363442670934;10.00119398993002;0.8334528039542853;1.096813898952199;1.0970554499830776;0.7623110754013018;-0.11771201297446962;0.7713006457325859
29.976929;1.0902667763025267;0.8333801304576061;0.7641451470083906;0.11416932369555956;0.10468434722493496;1.0933733098540568;10.001156488081364;0.8334529581240262;1.0968150452160714;1.0970581667133905;0.7623030996885385;-0.11773001151685442;0.7713001668015355
29.986929;1.090273016347833;0.8333801830738873;0.7641386594097138;0.11419024700203849;0.10470260301140549;1.0933842613177103;10.001117204298488;0.8334530898137404;1.0968162486638169;1.0970609673607343;0.7622950958319145;-0.11774801005196052;0.7712996663121174
29.996929;1.0902783736243766;0.8333782205780724;0.7641311067542977;0.11421094395479915;0.10472074846566272;1.093394289336192;10.001076116257417;0.8334532014790687;1.0968175108169376;1.0970638399981096;0.762287065954107;-0.11776600857971053;0.7712991408240145
30.006929;1.0902847809651453;0.8333765816849554;0.7641232983711916;0.11423268550002316;0.10473976680643148;1.0934043837620984;10.001033183228204;0.833453296363319;1.0968188334580447;1.0970667726459877;0.7622790121518139;-0.11778400709980442;0.7712985885934998
30.016929;1.0902906204461076;0.8333745441542255;0.7641157235817391;0.11425414272230805;0.10475859778467923;1.0934155336132898;10.000988357857786;0.8334533792866344;1.0968202182329825;1.0970697542106342;0.7622709376998462;-0.11780200561204283;0.7712980081788127
30.026929;1.0902972579098422;0.8333730564245614;0.7641083110616271;0.11427471763032608;0.10477656448523409;1.0934257280765434;10.00094161165659;0.8334534560256265;1.0968216664011738;1.0970727742778603;0.7622628463000556;-0.1178200041167978;0.7712973970611883
30.036929;1.0903030753112553;0.8333707133293263;0.7641009194202568;0.11429540494594793;0.10479473676201692;1.0934369558443526;10.000892951499209;0.8334535315982728;1.096823178782847;1.0970758221877746;0.7622547398349959;-0.11783800261489634;0.7712967515425266
30.046929;1.0903100040090457;0.833369045064321;0.7640936075694343;0.11431597089938914;0.10481271609098888;1.0934472040679775;10.00084241650821;0.8334536099976965;1.0968247561736952;1.0970788862316914;0.7622476181794483;-0.11785600110714893;0.7712970557530954
30.056929;1.0903161375091506;0.8333665322987316;0.7640863240193148;0.114336648283975;0.10483090034837306;1.0934574586240466;10.000790066608511;0.8334536947532115;1.0968263988122047;1.0970819547602777;0.762239480376096;-0.117872999594217;0.7712961764714984
30.066929;1.09032368512096;0.8333659847167424;0.764080098432289;0.11435831049556174;0.1048498789058426;1.09346770554098;10.000735970846309;0.8334537888194854;1.096828105721462;1.0970850183193122;0.7622313247917173;-0.11789099807680248;0.7712954044289654
30.076929;1.0903301644229912;0.8333633281869439;0.7640729299235574;0.1143789769004474;0.10486807468698049;1.0934789318721037;10.000680193178377;0.8334538945093362;1.0968298759621795;1.0970880690421794;0.7622231499518218;-0.11790899655555143;0.7712945851227393
30.086929;1.0903368175379102;0.8333606124901666;0.7640658166419589;0.11439963704114202;0.10488627615367455;1.0934891258724606;10.000622775353149;0.833454013572211;1.0968317107049936;1.0970910987153906;0.7622149564448829;-0.1179269950306929;0.7712937186831778
30.096929;1.0903446003654549;0.833358610884212;0.7640587823157393;0.1144201737059368;0.10490428422441683;1.0934992773182284;10.000563737948516;0.8334541476236901;1.0968336139236468;1.0970940988935503;0.7622077470195496;-0.11794399350206518;0.7712936426903408
30.106929;1.0903515917102742;0.833356154181419;0.7640520850942515;0.11443965716641137;0.10492143154995522;1.093509377644746;10.000503102573102;0.8334542994140428;1.0968355912871022;1.0970970617162914;0.7621995250552632;-0.11796199196954399;0.7712926906849384
30.116929;1.0903599906408772;0.833354208519344;0.7640450553793547;0.11446093971397589;0.10494012268577095;1.0935204199226725;10.000440900053935;0.8334544735409186;1.0968376484893259;1.097099980091176;0.7621912936085816;-0.11797899043337341;0.7712915504405425
30.126929;1.0903673109297651;0.8333513745440683;0.7640381390804569;0.11448156650047787;0.10495834635781606;1.0935303985905773;10.000377159389926;0.8334546754522203;1.0968397905271419;1.0971028477199274;0.7621830552919776;-0.11799698889416178;0.7712905331864072
30.136929;1.090374796819085;0.8333488915414841;0.7640315879086841;0.1145010214461155;0.10497551023902957;1.0935403085365234;10.000311908853188;0.8334549097798624;1.0968420212697478;1.0971056594473156;0.7621758125378768;-0.11801398735274995;0.7712903265019921
30.146929;1.0903824517311829;0.8333460875321025;0.7640247723489244;0.11452162793889366;0.10499374527519752;1.0935501444840643;10.00024519189652;0.8334551797042267;1.0968443416839408;1.0971084122691452;0.7621675678754809;-0.11803198581028337;0.7712892648741393
30.156929;1.090391523214409;0.8333453616019435;0.7640190099130334;0.11454321446178863;0.10501277482910265;1.0935599009155237;10.000177075751152;0.8334554876261524;1.0968467483225226;1.097111105566147;0.7621593237341229;-0.11804898426842883;0.7712880342673585
30.166929;1.090399529498339;0.8333429894691223;0.764012615951814;0.11456263839711364;0.10502995696059575;1.0935695713988784;10.000107653750478;0.8334558355248968;1.096849234651177;1.0971137394519506;0.7621510824521943;-0.11806598272940785;0.7712867896943448
30.176929;1.090407713437819;0.8333403368975977;0.7640059588754309;0.11458321340809285;0.1050482112647468;1.0935791476602297;10.000037051909485;0.8334562239554412;1.096851794104823;1.0971163130914967;0.7621438471405272;-0.11808398119570378;0.7712866736584334
30.186929;1.0904160700035612;0.833338106195422;0.7639996685277431;0.11460261553158126;0.10506540755148118;1.0935896195523516;9.99996542825067;0.8334566512693649;1.0968544220138388;1.0971188251292723;0.7621356217122172;-0.11810097966977635;0.7712854052084152
30.196929;1.0904258341023443;0.8333368464845341;0.7639933639930482;0.11462265245699636;0.1050830848688003;1.093598976181112;9.999892951693132;0.8334571144650661;1.0968571155329525;1.0971212756103828;0.7621274092885486;-0.11811797815407499;0.7712841282774906
30.206929;1.0904345125894561;0.8333344698295398;0.7639868598253058;0.11464319283598948;0.10510136378415912;1.093608207258268;9.999819776537258;0.8334576105461831;1.0968598724875056;1.097123666401373;0.7621202114166195;-0.11813497665127151;0.7712838347832267
30.216929;1.0904433414500259;0.8333325558733666;0.7639807216327973;0.11466255876172692;0.105118587461548;1.0936173032772112;9.999746035269217;0.8334581366638559;1.0968626903672707;1.0971259987999404;0.7621120291471948;-0.11815197516447563;0.7712825528858068
30.226929;1.0904523135390927;0.8333307719195917;0.7639746335068176;0.11468191152933356;0.10513582192073648;1.0936262554734262;9.999671838779575;0.8334586889684006;1.096865566604696;1.0971282715246833;0.762104864003547;-0.11816897369686206;0.7712822642323369
30.236929;1.090461421245899;0.8333299451080404;0.7639693460056712;0.11470275648740455;0.10515444822047587;1.0936350564828694;9.99959727320463;0.833459261867474;1.0968684997647289;1.0971304820560122;0.7620967180534726;-0.11818597225087722;0.7712809978158942
30.246929;1.09047094022605;0.8333285628473115;0.7639632692299326;0.11472284366703402;0.10517237628340287;1.0936436999792596;9.99952240631672;0.8334598488440094;1.096871490247459;1.0971326295604853;0.762088593973677;-0.11820397082803055;0.7712798997563791
30.256929;1.090480292874835;0.8333272153329065;0.7639573414272017;0.11474215327790002;0.10518964289375252;1.093652179707861;9.99944729943558;0.8334604442487835;1.0968745400162097;1.0971347162456955;0.762081495033334;-0.11821996942918729;0.7712795020837516
30.266929;1.0904897515791518;0.8333260222216622;0.7639514736570897;0.11476144744313418;0.1052069192207044;1.0936594894509488;9.999372015861763;0.833461044518345;1.0968776515345973;1.0971367463470179;0.7620734245987202;-0.11823696805469322;0.771278290396453
30.276929;1.0904993024134333;0.8333249872941741;0.7639456690915467;0.11478072599908791;0.1052242043218658;1.09366762318771;9.999296628154191;0.8334616476631981;1.0968808270854096;1.0971387243955029;0.7620663854671661;-0.11825396670453943;0.7712780882052517
30.286929;1.0905092129096678;0.8333242305704972;0.7639398385982037;0.11480075161672366;0.10524216896189478;1.0936755751263978;9.999221216952224;0.8334622520907171;1.0968840694884658;1.0971406547756564;0.7620583793801529;-0.1182709653788547;0.7712769179675335
30.296929;1.0905188984705214;0.8333235216164824;0.7639341714658313;0.1148199994426696;0.10525946847951599;1.0936833400732877;9.999145866238944;0.8334628562589798;1.0968873831003492;1.0971425420612464;0.7620514070234341;-0.1182879640783242;0.7712767545313258
30.306929;1.0905286296071728;0.8333229736581894;0.7639285798950728;0.11483923237974027;0.10527677357933547;1.093690914456571;9.999070670517352;0.8334634585613481;1.096890773498053;1.097144390540215;0.7620434686504182;-0.11830496280426503;0.7712756202393346
30.316929;1.0905383971411478;0.8333237413972531;0.7639241337363559;0.11485879489052375;0.10529439862916107;1.0936982973064269;9.998995744290658;0.8334640568009569;1.0968942451909909;1.097146203663771;0.7620365650174732;-0.11832196155868972;0.7712754902018137
30.326929;1.0905484780738317;0.8333236071667437;0.7639186130796658;0.11487876181578405;0.10531238354833367;1.0937054894554716;9.998921220037222;0.833464648556112;1.096897798473229;1.097147984787897;0.7620286983308387;-0.11833796034438479;0.7712742335730592
30.336929;1.0905582979789543;0.8333234905768996;0.763913270323363;0.11489795241642765;0.10532969958162085;1.0937114918674438;9.998847233469823;0.8334652330968423;1.0969014284377772;1.0971497382860569;0.7620218726430776;-0.1183549591645207;0.7712741323903463
30.346929;1.090568133603164;0.8333234969303376;0.7639080133008063;0.11491712930546423;0.10534701787340303;1.093718305483384;9.99877389950996;0.8334658121574638;1.0969051272873391;1.097151469817207;0.762014092841934;-0.11837195802198931;0.7712730555941508
30.356929;1.0905782606054604;0.8333240745047243;0.7639030642707448;0.1149358928393925;0.1053639442818718;1.0937249318833846;9.998701297351136;0.8334663877459306;1.096908887049312;1.0971531864030557;0.7620073628709111;-0.11838795691905572;0.7712728246238972
30.366929;1.0905881020285133;0.8333242902600315;0.7638979757212101;0.11495504145806451;0.10538126571738438;1.0937313731903209;9.998629476341732;0.833466959837;1.0969126994374487;1.0971548968729374;0.7619996850314293;-0.1184049558573381;0.7712717689043107
30.376929;1.0905979321331518;0.8333245897716385;0.7638929668240461;0.11497417546633676;0.10539858796793138;1.0937366317793136;9.998558470423713;0.8334675262354119;1.0969165540334407;1.0971566122600582;0.7619930608499408;-0.118420954837987;0.7712715559613006
30.386929;1.0906077396718679;0.833325302144443;0.7638883475159315;0.11499213282815257;0.1054148446477172;1.0937427105015427;9.998488314126307;0.8334680828281595;1.0969204381616398;1.097158345840489;0.7619854921748033;-0.11843795386186859;0.7712705129972977
30.396929;1.0906168347553644;0.8333250781969869;0.7638833604101287;0.11501211614873445;0.10543303597854416;1.0937486131778205;9.998419064995954;0.833468623024209;1.0969243377451907;1.0971601122877395;0.7619789809465601;-0.11845395292948756;0.7712703042314178
30.406929;1.0906265477142578;0.8333270476104521;0.7638799365035555;0.11503038908649439;0.10544960442327783;1.0937543451095075;9.998350821482797;0.8334691382185575;1.0969282370046822;1.0971619258146554;0.7619725279486815;-0.1184709520410018;0.7712702443450158
30.416929;1.0906361804837361;0.8333275366589109;0.7638751896455032;0.11504946655362025;0.10546691967810526;1.0937589133313532;9.998283714072327;0.8334696199193209;1.0969321182565814;1.0971637982672904;0.761965132455244;-0.11848695119655406;0.7712690357422565
30.426929;1.090645708753844;0.8333283798638795;0.7638708126958517;0.11506736927063609;0.10548316577452246;1.0937643259565868;9.998217879307907;0.8334700617463298;1.0969359633785494;1.0971657378928272;0.7619587931079941;-0.11850295039632013;0.7712688077595437
30.436929;1.0906553941997474;0.8333289899938592;0.7638660797505713;0.11508718435180018;0.10550114471267369;1.0937695898712068;9.998153444608576;0.8334704599288549;1.0969397562690248;1.0971677492332759;0.7619525091644016;-0.11851994964015064;0.771268726953794
30.446929;1.0906636921990502;0.8333290470706946;0.7638617787415578;0.11510517850301327;0.10551758092109557;1.0937737078168517;9.998090528670769;0.8334708120803878;1.0969434847387745;1.0971698340176173;0.7619452818143975;-0.11853594892739727;0.7712675000437971
30.456929;1.0906727909609402;0.8333294893233868;0.7638572403946499;0.11512420698692431;0.10553487881905951;1.093778678191467;9.998029252760045;0.8334711158884562;1.0969471407853622;1.0971719920482317;0.7619391144175878;-0.11855194825691995;0.7712672586842086
30.466929;1.0906820054680726;0.8333303428839599;0.7638529745645536;0.11514282410997802;0.10555177776415323;1.0937824980413555;9.997969752605382;0.8334713694258429;1.0969507201094482;1.0971742219620044;0.7619330111987968;-0.11856894762709481;0.7712671681657169
30.476929;1.0906898004043606;0.833330255429022;0.7638488228329167;0.11516078257002428;0.10556819844014687;1.0937871654444942;9.997912173766046;0.8334715721041731;1.096954222430548;1.0971765219550083;0.7619259757975747;-0.11858494703593203;0.7712659300401322
30.486929;1.090698369412786;0.8333308551033307;0.76384474573207;0.11517861369535815;0.10558441477250369;1.0937906798836883;9.997856652204034;0.8334717254697144;1.0969576516240038;1.0971788899112265;0.7619200105026261;-0.11860094648118157;0.7712656701291157
30.496929;1.0907067466540343;0.8333321862506035;0.7638414638125244;0.11519793955629133;0.10560200666186004;1.0937950424375409;9.997803300248249;0.8334718340188687;1.0969610144816315;1.0971813224848854;0.7619141161567319;-0.11861694596062379;0.7712653969361521
30.506929;1.0907142513096728;0.8333319563319297;0.7638373551068136;0.11521662624267502;0.1056190833847572;1.0937982560511896;9.99775221437124;0.8334719046632141;1.096964319057123;1.0971838137903445;0.7619072923290348;-0.11863294547258019;0.7712641195950717
30.516929;1.0907222288764948;0.8333322694868218;0.7638334085686476;0.11523442353763416;0.10563528551052433;1.0938023254339464;9.99770349563139;0.8334719449935428;1.0969675737298406;1.0971863558898691;0.7619015376080932;-0.11864894501579715;0.7712638104901599
30.526929;1.0907300008350036;0.8333324724781154;0.7638295019080713;0.1152522096308442;0.10565148426069813;1.093805257215264;9.997657255752035;0.8334719628589471;1.0969707871410528;1.09718894097217;0.7618958501995321;-0.11866494458876391;0.7712634760181132
30.536929;1.0907368882369974;0.8333319125718526;0.7638255127492679;0.11527086297433176;0.10566855068975134;1.0938090600019148;9.997613607419392;0.8334719666714795;1.0969739672819891;1.0971915621835802;0.7618902282525891;-0.11868094418941477;0.7712631098519578
30.546929;1.0907442359051671;0.8333318776992161;0.7638216803451895;0.11528862802758096;0.10568474432649796;1.093811743334138;9.997572658591928;0.833471964111148;1.0969771194405034;1.0971942123388547;0.7618846696033416;-0.1186969438153839;0.771262705878293
30.556929;1.0907504050122707;0.8333309519309138;0.7638178561212315;0.11530649928205328;0.1057011346478738;1.0938153168125788;9.99753451292882;0.8334719606656856;1.0969802455455133;1.097196882452533;0.761878171188887;-0.11871294346462116;0.7712612706004573
30.566929;1.0907573114363736;0.8333306543433541;0.763814094991327;0.11532424640822563;0.10571732421622625;1.0938177909396518;9.997499269426276;0.8334719605173064;1.096983345533477;1.097199561978842;0.7618727286946699;-0.11872894313597063;0.771260775798745
30.576929;1.0907633244462003;0.8333295696669658;0.7638102486387749;0.11534286367895763;0.10573438248989633;1.0938211780019846;9.997467022839542;0.8334719681047723;1.09698641895921;1.0972022404197075;0.7618673372085761;-0.11874394282906632;0.7712600764113867
30.586929;1.090769801998261;0.8333301488742922;0.7638076216242695;0.11536093984313756;0.10575088443079757;1.093823491165977;9.99743785995918;0.8334719874526703;1.0969894650779748;1.0972049073583734;0.7618619921864138;-0.1187599425436404;0.7712594785566869
30.596929;1.0907751215864008;0.8333286529191201;0.7638039309128505;0.11537878137056283;0.10576726875524736;1.093825742598805;9.997411838755077;0.8334720206379777;1.0969924820934907;1.0972075507158066;0.7618566895340306;-0.11877594227897399;0.7712588273173502
30.606929;1.0907814974407495;0.8333282240149116;0.7638005123212604;0.11539610301105231;0.10578305975896735;1.0938289421792264;9.997388961454323;0.8334720681429825;1.0969954676070406;1.097210156448985;0.7618504251485613;-0.11879194203384406;0.7712571344006544
30.616929;1.0907864570157968;0.8333264152164289;0.7637968571482251;0.11541393605292515;0.10579944321678762;1.093831097687716;9.997369174149966;0.8334721301924859;1.0969984201349543;1.0972127101670748;0.7618451948916409;-0.11880694180672656;0.7712562227232695
30.626929;1.090792215382223;0.8333252115238393;0.7637932338535274;0.1154316511048665;0.10581562818447672;1.093833215923941;9.997352397245555;0.8334722067541346;1.0970013406821288;1.0972151986217342;0.7618399950906043;-0.11882294159613142;0.7712554141088013
30.636929;1.09079715277134;0.8333232072587438;0.7637894867834475;0.11545024257947563;0.10583268430022791;1.0938363035694258;9.997338554773757;0.8334722965734891;1.0970042327984666;1.097217609877949;0.7618348229450765;-0.11883794140088991;0.7712544019421178
30.646929;1.0908016748729952;0.8333212855545196;0.7637861400749245;0.11546690893473988;0.10584800484053046;1.0938383679298675;9.997327582307554;0.8334723967708053;1.0970071005646989;1.097219932819477;0.7618296768264313;-0.11885394122007281;0.7712534935894922
30.656929;1.0908070393806533;0.8333196460355354;0.7637824955449571;0.11548462323983393;0.10586419377782756;1.0938404174429546;9.997319424273563;0.8334725028245151;1.097009947156276;1.097222157254999;0.7618245566995148;-0.11886994105276982;0.7712525311636078
30.666929;1.0908113443422687;0.833317463671655;0.7637791296320551;0.11550129316087192;0.10587951816565978;1.0938424609109756;9.99731402932724;0.8334726091670301;1.0970127745056628;1.0972242740261293;0.7618194640548257;-0.11888494089805268;0.7712513546969416
30.676929;1.0908158492968476;0.8333161043291908;0.7637764148384363;0.11552023579329994;0.10589689730246878;1.0938455061775822;9.997311340943419;0.8334727110420096;1.097015582534791;1.0972262748952861;0.761814400927199;-0.11890094075503321;0.7712502667348713
30.686929;1.090820961693183;0.8333144784427681;0.7637730698945606;0.11553679949383867;0.10591202852368203;1.0938475591921757;9.997311289854013;0.8334728058002205;1.0970183692566682;1.0972281529778598;0.7618093689838683;-0.1189159406226693;0.7712489549952706
30.696929;1.0908250605823993;0.8333116656690062;0.7637693867481281;0.11555464721820549;0.1059284279367848;1.0938496230658046;9.997313797586418;0.8334728925569858;1.0970211322463612;1.0972299025438805;0.7618043698929173;-0.11893094049923246;0.771247571894634
30.706929;1.0908293979185764;0.8333092460096657;0.7637659363033321;0.11557210287128818;0.10594443827697721;1.0938516980986848;9.997318785600399;0.8334729719834685;1.097023869346481;1.0972315177317369;0.7617994061442326;-0.11894694038206223;0.7712462717003691
30.716929;1.0908343727223666;0.8333070738702897;0.7637623083682047;0.11558985162878034;0.10596064939351824;1.0938537838242124;9.997326181991163;0.8334730466686607;1.0970265778726769;1.0972329915062764;0.7617944804976744;-0.11896194026800427;0.7712447465460612
30.726929;1.0908383590150765;0.8333044339726207;0.763758993648035;0.11560656291057107;0.10597599995547907;1.093856880961728;9.997335930239265;0.8334731208430151;1.0970292537646449;1.0972343153556723;0.7617885944671885;-0.11897694015402499;0.7712421627683925
30.736929;1.0908426058575769;0.8333018645634817;0.7637556206719759;0.11562404734133554;0.10599202850841832;1.0938589907051854;9.997347993089171;0.8334731997288942;1.0970318915823096;1.0972354795087618;0.7617837475117046;-0.11899294003748899;0.7712406509974224
30.746929;1.0908465475556044;0.8332991388836393;0.7637523859599323;0.1156407809577447;0.10600739252013863;1.0938611126775828;9.997362336511172;0.8334732895813243;1.0970344845534108;1.097236473402817;0.761778937479611;-0.11900793991615599;0.771238916118433
30.756929;1.0908514252842063;0.8332967929963713;0.7637489184093192;0.11565857463688607;0.10602363018467528;1.0938632443299172;9.997378910980178;0.83347339789003;1.0970370245760772;1.0972372868283509;0.7617751621220233;-0.11902293978811627;0.7712381036818781
30.766929;1.0908556045443192;0.8332941057038543;0.7637457085369691;0.11567609758560589;0.10603967924243053;1.0938653813082846;9.997397656119402;0.8334735324266993;1.0970395027538808;1.097237911615138;0.7617704204831685;-0.11903793965186325;0.7712362423650106
30.776929;1.0908594799670224;0.8332924273843483;0.763743726421673;0.11569321652449452;0.10605537821304256;1.0938675173884211;9.997418524645276;0.8334736996459374;1.0970419097574864;1.0972383422607797;0.7617657126307563;-0.11905293950659537;0.7712343247253033
30.786929;1.0908633419535514;0.833289548873217;0.7637407525892249;0.11571000662845342;0.10607076690889491;1.0938696451482661;9.997441502138173;0.8334739041960921;1.097044236677272;1.0972385752799585;0.7617610378544396;-0.11906793935233659;0.7712323537745408
30.796929;1.090867482312106;0.8332867495030901;0.7637377624599145;0.11572757537555638;0.10608683120437258;1.0938717579787378;9.997466604938;0.8334741497891436;1.0970464776008169;1.097238608506531;0.7617563932002168;-0.11908293918955605;0.7712303314374538
30.806929;1.0908723018085467;0.8332845646682284;0.7637349711367988;0.11574428353418197;0.10610202881594452;1.0938738512686272;9.997493862990783;0.8334744401725366;1.0970486306360636;1.0972384409919733;0.7617517740737756;-0.11909793901881738;0.7712282592417592
30.816929;1.090876177663229;0.8332815876277188;0.7637322285932133;0.11576112468267132;0.10611742780372052;1.0938759222861474;9.997523305078772;0.8334747795608587;1.0970506949105372;1.0972380729686761;0.7617471758188457;-0.11911293884086416;0.7712261383309027
30.826929;1.090880364032684;0.8332787000548477;0.7637294655756892;0.11577874711020988;0.10613350006413418;1.0938779707088622;9.997554946996745;0.8334751723726068;1.0970526681757662;1.0972375049370695;0.7617425943816656;-0.1191279386568712;0.7712239700997388
30.836929;1.090884304181807;0.8332756766430137;0.7637268635424492;0.11579562654968395;0.10614890208288429;1.0938799998634112;9.997588769568925;0.8334756221445802;1.0970545482777814;1.097236737010247;0.7617380266899005;-0.11914293846853541;0.7712217575069584
30.846929;1.090888292100958;0.8332726367070196;0.7637243226415769;0.11581252638377149;0.10616430431800573;1.0938820174106005;9.997624695392739;0.8334761305121957;1.0970563345159674;1.097235770072351;0.7617334712339106;-0.11915793827767789;0.7712195055243192
30.856929;1.0908926205065006;0.8332696987783623;0.7637217418600358;0.11583020973090075;0.10618037716660902;1.0938840347404077;9.997662595251764;0.8334766967270012;1.0970580265758387;1.0972346072279637;0.7617289278605565;-0.11917293808558062;0.7712172203399539
30.866929;1.0908967284024937;0.8332677985221317;0.7637203646895986;0.11584749590041392;0.10619609242246028;1.0938860649152387;9.997702319982386;0.8334773174618083;1.0970596239296624;1.0972332538782148;0.7617243968342727;-0.119187937892939;0.7712149078531687
30.876929;1.0909009025871956;0.8332647286518738;0.7637179571931509;0.11586445989860102;0.10621148992242693;1.0938881208348747;9.997743729233747;0.8334779879643597;1.0970611270335304;1.097231716841157;0.7617208783718756;-0.11920293770045698;0.7712135601441328
30.886929;1.0909054257699262;0.83326211204446;0.7637157954092182;0.11588104638792901;0.10622648990289868;1.0938902145792415;9.99778670220737;0.8334787043871893;1.0970625390146618;1.0972300034231395;0.7617163727561778;-0.1192169375092375;0.7712110484947879
30.896929;1.090909727199186;0.8332590320349205;0.7637134227816568;0.11589805530564902;0.10624187942795345;1.093892356767875;9.997831117157636;0.8334794647329812;1.0970638659928278;1.0972281213288855;0.7617118800798085;-0.11923193732072897;0.7712086700546763
30.906929;1.0909140883241248;0.8332559495455456;0.7637110486268132;0.11591508683630251;0.10625726312936759;1.093894556175145;9.99787682127936;0.8334802676841163;1.0970651153864133;1.097226079135014;0.7617073995646241;-0.11924693713659247;0.7712062684789884
30.916929;1.090918792553396;0.8332533271018883;0.7637088830272585;0.11593174098967512;0.10627224561497702;1.0938958194736421;9.997923634645163;0.8334811108070571;1.097066294413978;1.0972238860078423;0.7617029291390554;-0.11926093695863174;0.7712036853084367
30.926929;1.0909232734721683;0.8332502526414797;0.7637064708196395;0.11594881734635619;0.10628761403391927;1.09389815042188;9.997971379639159;0.8334819890076026;1.097067410346959;1.0972215507940462;0.7616994658153438;-0.11927593678871355;0.7712022125984739
30.936929;1.0909278170022203;0.8332471922407756;0.763704022843033;0.11596591593457516;0.106302973333257;1.0939005504402328;9.998019901868032;0.833482893681135;1.0970684714520196;1.097219081824108;0.7616950066546557;-0.11929093662873631;0.7711997151046187
30.946929;1.0909327108733007;0.8332446120121014;0.7637017503355654;0.11598263674292894;0.10631792859603703;1.0939030208862979;9.998069068300133;0.8334838135751153;1.097069487077284;1.0972164875815373;0.7616905491936152;-0.11930493648076375;0.7711970236435652
30.956929;1.0909373957129556;0.8332416011257116;0.7636991993900453;0.11599977943037953;0.1063332675234843;1.093905564748925;9.99811874716344;0.8334847374962214;1.0970704668369287;1.0972137768092276;0.7616860911012957;-0.11931993634722593;0.771194447373715
30.966929;1.0909424523365066;0.8332402467820841;0.7636978692457401;0.11601688818235244;0.10634851666342097;1.0939071875358455;9.998168796637533;0.8334856573248814;1.0970714203240388;1.0972109567001758;0.761681629914318;-0.11933393623094596;0.7711916772313044
30.976929;1.0909463700103663;0.833236551162368;0.7636951478601308;0.11603418945581959;0.10636403227093631;1.0939098973505592;9.998219076447503;0.8334865692977173;1.0970723570328116;1.0972080310178263;0.7616781631181969;-0.11934893613499079;0.7711900103633189
30.986929;1.0909513656453766;0.8332340113069067;0.7636926843391899;0.11605023513698401;0.10637827299079669;1.0939127036054352;9.998269460448705;0.8334874730401982;1.0970732846300355;1.0972050016145305;0.7616736883476654;-0.11936293606243865;0.7711871608566833
30.996929;1.0909567777593079;0.83323164062187;0.7636900359772756;0.11606706464366529;0.10639317469435655;1.0939156156406165;9.998319841849623;0.8334883705822786;1.0970742060182928;1.0972018710532037;0.7616692034853069;-0.11937693601607191;0.7711842713915986
31.006929;1.090962049004332;0.8332288698329382;0.7636870717053879;0.11608431475723267;0.10640846094783203;1.0939176422133015;9.998370138445067;0.8334892661704043;1.0970751179412455;1.0971986417292823;0.7616657068401687;-0.11939193599819817;0.7711824844530831
31.016929;1.09096746868464;0.8332265051954237;0.7636843287774912;0.11610042231748238;0.10642267254331927;1.0939207922431275;9.99842028936281;0.8334901647511123;1.0970760134715047;1.0971953142824673;0.7616611975366816;-0.11940593601067734;0.7711795128738806
31.026929;1.090973321909291;0.8332243195704515;0.7636813999999638;0.11611731139617346;0.106437546389915;1.0939240763987659;9.99847024722202;0.833491070039329;1.0970768869236884;1.0971918893586412;0.7616566755066053;-0.11941993605482124;0.7711764963224698
31.036929;1.0909780799291284;0.8332209772510851;0.7636781313595947;0.11613473268009994;0.10645300435467821;1.0939265069383637;9.998519975673474;0.8334919846434411;1.0970777361489357;1.097188369711443;0.7616531414853999;-0.11943493613115341;0.7711745742219475
31.046929;1.0909839388031901;0.8332188050472374;0.7636751165932403;0.11615089278318538;0.10646718978083412;1.0939300958366565;9.998569445749862;0.8334929108540678;1.0970785602867008;1.0971847590863315;0.7616485980751933;-0.1194489362392547;0.7711714583226512
31.056929;1.0909902160132574;0.8332168104537361;0.7636719198866212;0.11616782999917837;0.10648203821957129;1.0939338540725305;9.998618629997605;0.8334938504464643;1.0970793561796803;1.0971810600713812;0.7616440510279686;-0.11946293637776663;0.7711682890411394
31.066929;1.090996334780002;0.8332147653999298;0.7636687295430281;0.1161840178961219;0.10649620767913379;1.0939367918424547;9.998667496242309;0.8334948040236739;1.0970801167231778;1.0971772740145163;0.7616405091563132;-0.11947693654456325;0.7711660509814541
31.076929;1.0910018912337938;0.8332133013798539;0.7636663985261734;0.11620143894552788;0.10651155493286131;1.0939409181703845;9.9987160066012;0.8334957702475044;1.097080831762291;1.0971734013046766;0.7616359826895859;-0.11949093673696594;0.7711627635788528
31.086929;1.0910082212655303;0.8332113910331226;0.7636630417010383;0.1162176493460836;0.10652571040203201;1.0939452401345318;9.998764128967737;0.8334967455654925;1.0970814899491859;1.097169440323426;0.7616314809569698;-0.11950493695190334;0.7711594090659192
31.096929;1.0910146372564968;0.8332095495192525;0.7636596078832425;0.1162338686958276;0.10653985968977892;1.0939487613698944;9.998811845954707;0.833497724823883;1.0970820798668055;1.0971653876848833;0.7616280104452924;-0.11951993718602623;0.7711571248589492
31.106929;1.0910204557724468;0.8332071278918514;0.7636559829731936;0.11625097231044823;0.10655487292471649;1.0939534802089743;9.998859149567593;0.8334987015631224;1.0970825905025428;1.097161240665405;0.7616235743397267;-0.11953393743596118;0.7711536217121031
31.116929;1.0910270219621967;0.833205419746174;0.7636524186480882;0.11626720410362575;0.10656901075551628;1.093957390219619;9.99890603251518;0.8334996679797985;1.0970830119632473;1.0971569990286463;0.7616191737111581;-0.11954793769889215;0.7711500428610394
31.126929;1.091033656015612;0.8332037735804079;0.7636488026886431;0.1162834396752903;0.10658314302870373;1.0939624836241604;9.998952477754814;0.8335006159512803;1.0970833367479456;1.0971526646857888;0.7616158083183271;-0.11956193797288145;0.7711473804755886
31.136929;1.0910396770654713;0.833201537578977;0.7636450227461339;0.11630055494165899;0.10659813963212493;1.0939667540221358;9.998998441760381;0.8335015383197261;1.0970835606248874;1.0971482403982191;0.7616114756430851;-0.11957493825659823;0.7711435103915392
31.146929;1.0910464293146203;0.8332000048238267;0.7636413316546025;0.11631679474252361;0.10661226139925588;1.0939721963762457;9.999043845571467;0.8335024288859886;1.0970836815587033;1.0971437292338977;0.7616081702083725;-0.119588938549039;0.7711407261746888
31.156929;1.0910525578978212;0.8331978770635698;0.7636374977706248;0.11633391214878294;0.10662724812682658;1.0939768061260915;9.999088583216095;0.8335032816858701;1.0970836976610447;1.0971391348368105;0.7616038852159862;-0.11960293884961336;0.771136904358104
31.166929;1.0910594108121072;0.8331964484561913;0.763633773723203;0.11635015200189128;0.10664136089034867;1.093982579129018;9.99913254134098;0.8335040908367596;1.0970836067957117;1.0971344614528142;0.7616006149600587;-0.11961693915851655;0.7711340270047257
31.176929;1.0910663105461063;0.8331965750391932;0.7636314252855655;0.11636557164558063;0.10665471982247418;1.09398751205941;9.999175623726906;0.8335048510806377;1.0970834076909124;1.0971297133962157;0.7615963554731926;-0.11963093947688976;0.7711301231027426
31.186929;1.0910725780692956;0.8331945927932886;0.7636275729637567;0.11638268424635873;0.10666969568225194;1.0939936022847485;9.999217768932875;0.8335055579459261;1.09708310066147;1.0971248946538112;0.7615931036707456;-0.119644939806319;0.7711271721293909
31.196929;1.0910795597346559;0.8331933009178161;0.7636238422733614;0.11639891626136804;0.10668379957410776;1.0939988465441737;9.999258954077396;0.8335062073780958;1.09708268729228;1.0971200092655211;0.7615888566331578;-0.11965894014803985;0.771123202010016
31.206929;1.0910856189540916;0.8331912820176766;0.7636200860302148;0.11641525826328354;0.10669810019116843;1.0940052391801596;9.99929919038586;0.8335067962155973;1.0970821691914967;1.0971150617553274;0.7615856113705798;-0.11967194050258861;0.771120037511801
31.216929;1.0910929560040863;0.833190510826904;0.7636165842027509;0.11643108068364959;0.1067118063086342;1.094010772020957;9.999338509506849;0.833507323157546;1.0970815465826966;1.0971100569171992;0.7615813651978598;-0.11968594087011056;0.7711160166234281
31.226929;1.0910990839887005;0.833188537594279;0.7636128432322749;0.11644741191431161;0.10672610389922889;1.0940164371744403;9.999376940556374;0.833507788527658;1.0970808177046432;1.0971050004736707;0.7615781166394932;-0.11969994125065374;0.7711129615408084
31.236929;1.091106485093354;0.8331877990900737;0.7636093688162682;0.11646322270746509;0.1067398069737441;1.0940232311867535;9.99941449260196;0.8335081934358273;1.097079978634101;1.097099901250536;0.7615738655280185;-0.11971294164415443;0.7711087422801437
31.246929;1.0911126702864515;0.833185850667023;0.7636056707285244;0.11647954151253696;0.10675410105718038;1.0940291569547438;9.999451152483092;0.8335085400185618;1.097079023457006;1.0970947727126745;0.7615706118181885;-0.11972694205070644;0.7711056469419976
31.256929;1.0911198376632296;0.8331850182388298;0.7636023478288684;0.11649457631648193;0.10676712874019711;1.0940352221015466;9.999486895837018;0.8335088321724953;1.0970779457071758;1.0970896328727835;0.7615663545528985;-0.11973994247099994;0.7711013921430482
31.266929;1.0911263498389832;0.8331832022664559;0.7635986243642481;0.1165116431516599;0.10678208848915025;1.0940424359271994;9.999521704129608;0.8335090750323589;1.0970767401006356;1.0970845038341217;0.7615630920306431;-0.11975394290613536;0.7710982676458051
31.276929;1.0911335534627753;0.8331823869152064;0.7635953761292357;0.11652666257347298;0.10679510952631895;1.0940488065643286;9.999555575795348;0.8335092738375466;1.0970754031646497;1.0970794107513688;0.7615588225930942;-0.11976694335681813;0.7710939904973427
31.286929;1.0911400936555886;0.8331817487027245;0.7635927968711816;0.11654405749992673;0.1068103763816869;1.0940553390498922;9.999588531207424;0.8335094335164454;1.0970739340086604;1.097074378976115;0.7615555455771723;-0.11978094382285018;0.7710908504593096
31.296929;1.0911463564932762;0.8331801812216266;0.7635896040458426;0.11655917506024677;0.1068235863232032;1.094063035163409;9.999620616018166;0.8335095582334417;1.0970723354353265;1.097069431124734;0.7615522623138706;-0.11979394430358833;0.7710875534662552
31.306929;1.091153578855281;0.8331793765128884;0.7635864845379385;0.11657417038790517;0.10683659170467812;1.0940698942313856;9.999651900049438;0.8335096511331481;1.097070613036335;1.0970645859061154;0.7615479761727116;-0.11980794479897196;0.7710834281120911
31.316929;1.0911601227521888;0.8331775758271714;0.763582975884001;0.11659119720102307;0.10685152506219237;1.0940769127190857;9.999682474542661;0.8335097148942419;1.0970687724980592;1.0970598576986723;0.7615446916519729;-0.11982094531008303;0.7710801458464167
31.326929;1.0911663789948705;0.8331759968214053;0.7635799256811077;0.11660629036183803;0.10686471387267531;1.0940840829680856;9.99971244026088;0.8335097517809068;1.0970668180365013;1.0970552570877545;0.7615404138268008;-0.11983494583878158;0.7710760482304444
31.336929;1.0911738746761153;0.8331752815566849;0.763576860488881;0.11662202310018079;0.10687836604689324;1.0940923936708828;9.999741880699712;0.8335097634302489;1.0970647530575335;1.0970507924237614;0.7615371483093719;-0.1198479463869302;0.7710728057321284
31.346929;1.0911801248797324;0.8331733279342651;0.7635735994127184;0.11663826083316514;0.10689260109800877;1.0940998316159665;9.999770847912234;0.8335097512457459;1.0970625812080208;1.0970464697979843;0.7615339013115231;-0.1198609469558091;0.7710695903528741
31.356929;1.091186372308543;0.8331716968179944;0.7635707089910698;0.11665332589126183;0.10690575965013115;1.0941073828795498;9.999799376901082;0.8335097161530063;1.0970603067332394;1.0970422913671078;0.761529679833975;-0.119874947545904;0.7710655737610587
31.366929;1.091193859532887;0.8331709171243328;0.7635678098345006;0.11666902899064471;0.10691937870157672;1.094115033817827;9.99982750415341;0.8335096574570094;1.097057935624495;1.097038254828677;0.7615264915306236;-0.11988794815702836;0.771062424428598
31.376929;1.0912001002113119;0.833169231067101;0.7635650355468071;0.1166840728874675;0.1069325123976457;1.0941227717908528;9.999855269909226;0.8335095721844515;1.0970554768623266;1.0970343551922759;0.7615233442404832;-0.11990094878869154;0.7710593127125317
31.386929;1.0912066188037384;0.8331676244700785;0.7635622267587384;0.11669986833109335;0.10694630335614086;1.094131585123087;9.999882709725133;0.8335094556386509;1.097052941561653;1.0970305870962767;0.7615192454011649;-0.11991394944032618;0.7710552523262413
31.396929;1.0912128469129778;0.8331670261580574;0.7635606376878636;0.11671523400061089;0.1069597242299433;1.0941394623784642;9.999909845288984;0.8335093028734323;1.0970503412775998;1.0970269452187913;0.7615162007040897;-0.11992695011090912;0.7710522196585154
31.406929;1.0912203122960986;0.8331660945573423;0.7635579791157479;0.11673089295377952;0.10697328771930377;1.094147391651341;9.999936682516505;0.8335091096652495;1.0970476866338388;1.097023423771083;0.7615132128109912;-0.1199399507983868;0.7710492274532156
31.416929;1.0912265352334833;0.8331642318440577;0.7635554510811609;0.11674589226644978;0.10698636399694006;1.0941553612417134;9.999963226328331;0.8335088721689368;1.0970449855786788;1.0970200175986844;0.7615092815702071;-0.11995395149992169;0.7710454442242538
31.426929;1.091232767297674;0.8331623074945299;0.7635529881340597;0.11676088061712486;0.10699942534760387;1.094163360674861;9.999989502848472;0.8335085864420728;1.0970422425502366;1.0970167236368777;0.7615064049748844;-0.11996695221304486;0.7710425356551736
31.436929;1.0912393021139832;0.8331604288031172;0.7635504939908693;0.11677662074889589;0.10701314232937789;1.094171380051896;10.000015565527965;0.8335082485579984;1.0970394593644115;1.0970135400117096;0.7615035798032652;-0.1199799529365717;0.7710396718134898
31.446929;1.0912465394164983;0.8331591242809573;0.763548179378207;0.11679147363657373;0.1070259740884974;1.0941794090598522;10.000041482192461;0.8335078551574234;1.0970366361831552;1.0970104640699159;0.7615008019061231;-0.11999295367050268;0.7710368566613282
31.456929;1.091253133163485;0.8331570919901264;0.7635457939762825;0.11680719253422807;0.10703965875204265;1.094187437510485;10.000067324856767;0.8335074040691978;1.0970337725170756;1.0970074926392885;0.7614970661916247;-0.12000595441535088;0.7710331069908378
31.466929;1.0912594758898893;0.833154862994816;0.7635435462327392;0.11682213825828473;0.10705265528343876;1.0941954565689955;10.000093178020057;0.8335068940462134;1.0970308686742258;1.0970046239664382;0.7614943668774572;-0.12001895517159387;0.7710304022874442
31.476929;1.0912661346910164;0.8331530068881478;0.7635415547498396;0.11683667303444417;0.10706523946819156;1.0942044592845628;10.000119145388433;0.8335063239254283;1.0970279263228493;1.0970018583678878;0.761491698654325;-0.12003195593952172;0.7710277574126676
31.486929;1.0912725426259469;0.8331506069985078;0.7635393672826087;0.11685159742192072;0.10707820021136437;1.0942124403336484;10.000145328599581;0.8335056924543476;1.0970249486784753;1.0969991975736053;0.761489057912947;-0.12004395671941037;0.7710250189711053
31.496929;1.091278984377587;0.8331481221947765;0.763537194189779;0.1168665113913273;0.10709114308169139;1.0942203958931107;10.000171796634229;0.8335049991363156;1.0970219407956594;1.0969966446280872;0.761485442689585;-0.12005695751169577;0.7710215133493802
31.506929;1.0912857452365623;0.8331468316877093;0.7635359958455681;0.11688252196427704;0.10710505459025638;1.0942283245581426;10.000198576562033;0.8335042450236613;1.0970189080791581;1.0969942039758374;0.761482851321872;-0.12006995831697341;0.7710190635806694
31.516929;1.091292260837105;0.83314452946454;0.7635341335499425;0.11689625390169313;0.10711689781016075;1.0942362281051512;10.0002256604049;0.8335034319277906;1.0970158543360027;1.0969918802713021;0.7614802811066945;-0.12008295913578691;0.7710166841173886
31.526929;1.0913000615020387;0.833142684545154;0.7635318711984497;0.11691178913301331;0.10713026293889356;1.0942441107707677;10.000253015929419;0.8335025610534421;1.0970127823613383;1.0969896771449945;0.7614777284162564;-0.12009595996810228;0.7710143759138509
31.536929;1.0913066658209838;0.8331398916750153;0.763529646531314;0.11692666833365492;0.10714314037614144;1.0942519781611748;10.000280602641508;0.8335016329825132;1.0970096953181905;1.0969875978764303;0.7614751904948615;-0.12010796081272224;0.7710119838102516
31.546929;1.091313602189434;0.8331374891416186;0.763527606305424;0.11694114072437589;0.10715560840161885;1.094258836008909;10.000308385551847;0.8335006483310738;1.0970065961453137;1.0969856464033856;0.7614726674670195;-0.12012096166718189;0.7710098206458116
31.556929;1.0913203036511852;0.8331345660795686;0.7635253029383674;0.11695600767502273;0.10716845646192906;1.0942666889753108;10.000336334594508;0.8334996074744664;1.0970034862893856;1.0969838269651053;0.7614691627297878;-0.12013396252828344;0.771006744359523
31.566929;1.0913270526929486;0.8331319310080009;0.7635232691745694;0.11696970650533277;0.10718022458714392;1.0942745411293682;10.000364415046759;0.833498509549853;1.097000365836263;1.0969821439175713;0.7614666814276585;-0.12014696339270362;0.7710047310709783
31.576929;1.091334130292938;0.8331290192709718;0.7635207779682477;0.11698532587335174;0.10719371476600009;1.0942823975329667;10.00039257791259;0.8334973523356841;1.0969972349716757;1.0969806020780368;0.7614642286538156;-0.12015896425707007;0.7710026363924937
31.586929;1.091340964985005;0.8331263033529281;0.7635186454946572;0.1169990149338756;0.10720545463592644;1.0942902652159245;10.000420751300972;0.8334961332733359;1.0969940958802482;1.0969792062984212;0.7614618086535333;-0.12017196511788912;0.7710007698819827
31.596929;1.0913481187454854;0.8331233361852184;0.7635160501875942;0.11701462479775043;0.10721891695695557;1.0942981530735905;10.000448841751128;0.8334948503438797;1.0969909536939175;1.0969779609966117;0.7614594245065727;-0.12018396597180839;0.7709988159788206
31.606929;1.0913550178669866;0.8331205908820281;0.7635138074446142;0.11702830487484937;0.1072306290096957;1.0943060708384542;10.000476749761615;0.8334935024337541;1.0969878160931301;1.096976870084693;0.7614570781465918;-0.12019696681578779;0.7709970808452231
31.616929;1.0913622226562731;0.833117619261249;0.7635110960584109;0.11704390694595752;0.1072440630550501;1.094314027379265;10.000504385876502;0.8334920896621915;1.0969846924530116;1.0969759360787499;0.7614547707167558;-0.12020896764692661;0.7709952463220587
31.626929;1.0913682010139651;0.8331152955293433;0.7635097709689816;0.11705803872870346;0.10725625974126664;1.0943220288217923;10.000531671166451;0.8334906133970985;1.0969815925767834;1.096975158878139;0.7614515028465014;-0.12022196846217173;0.770992630400386
31.636929;1.0913751495091688;0.8331126031598212;0.7635073468133058;0.11707171161038028;0.10726792811507482;1.0943290770141976;10.000558524533885;0.8334890756722706;1.0969785254760633;1.0969745354136848;0.7614492754964695;-0.1202339692581236;0.7709908916644737
31.646929;1.091382387770522;0.8331097253482297;0.7635044518072077;0.11708731053629458;0.10728131817071736;1.0943371695467496;10.000584859606482;0.8334874786181163;1.0969754983881876;1.096974059755037;0.7614470908066527;-0.12024697003119235;0.7709893495490653
31.656929;1.0913893448184888;0.8331071333699095;0.7635019057517743;0.11710098643798512;0.10729295767884549;1.0943453027663128;10.000610594680122;0.833485824504594;1.0969725156382084;1.0969737239403348;0.7614449520561075;-0.1202589707780795;0.7709876869428355
31.666929;1.0913965876542238;0.8331047206516243;0.7634992068959974;0.11711542947200501;0.10730525403286845;1.0943534751459647;10.000635656722668;0.8334841160768212;1.0969695791051948;1.0969735200261461;0.7614428637708099;-0.12027197149621578;0.7709862099220282
31.676929;1.091403552175337;0.8331022704761358;0.7634965463811303;0.11712911644466237;0.10731686592606439;1.0943616869880994;10.00065997397953;0.8334823568289018;1.0969666907269218;1.0969734412225365;0.7614408316362611;-0.12028397218366772;0.7709846009396512
31.686929;1.0914108113271803;0.8331000206988227;0.7634937384947883;0.11714357440679585;0.10732913506793797;1.0943689377628378;10.000683467766402;0.833480551516839;1.0969638543850744;1.0969734808631009;0.76143886142016;-0.12029597283870065;0.7709830116532095
31.696929;1.0914178051782952;0.8330974091791173;0.7634906584046542;0.11715844301849775;0.10734178568383894;1.0943772249188903;10.00070605968592;0.8334787063058433;1.096961075623434;1.096973631335992;0.7614369580279418;-0.12030897345978869;0.7709815952999122
31.706929;1.0914251093281682;0.8330953580804217;0.7634877480754481;0.11717292309222155;0.10735402883118504;1.0943855455753118;10.000727687992024;0.8334768278845515;1.0969583599839006;1.0969738838934215;0.7614351253392081;-0.12032097404587877;0.7709800380691763
31.716929;1.0914312075296992;0.8330925390719539;0.7634848526022813;0.11718676735512117;0.10736578745074757;1.0943938988378328;10.000748307783812;0.8334749227012249;1.0969557116933881;1.0969742282996242;0.7614333661591757;-0.12033297459624036;0.7709784950583477
31.726929;1.0914385965299236;0.8330907101104686;0.7634818392921993;0.11720127472665262;0.10737800673301948;1.094401285302907;10.000767882651376;0.8334729969658771;1.0969531335208675;1.0969746526697461;0.761431681566538;-0.12034497511025305;0.7709769665154782
31.736929;1.0914457618804063;0.8330888872439495;0.7634788710730115;0.11721503438071307;0.10738954396807071;1.0944097045830685;10.000786382740738;0.8334710564536508;1.096950626834975;1.09697514470798;0.761430070254637;-0.12035797558762636;0.7709756100918506
31.746929;1.0914529969883737;0.8330883519488282;0.7634769242248096;0.11722915346276651;0.10740138553580174;1.0944181543335882;10.000803777292333;0.8334691059652546;1.0969481912917074;1.0969756936588824;0.7614285290487333;-0.12036997602862322;0.7709741159895238
31.756929;1.0914596333678805;0.8330861329496682;0.7634737523664841;0.11724382070576922;0.10741377111725275;1.0944256308400433;10.00082002354023;0.8334671490440617;1.0969458259318208;1.096976291079655;0.7614270539105956;-0.12038197643390132;0.7709726428943814
31.766929;1.0914670251280665;0.833084694243675;0.7634706715437689;0.11725762827916424;0.10742527899158383;1.0944341290721038;10.000835067548625;0.8334651878897182;1.0969435315423772;1.0969769304169017;0.7614256400654934;-0.12039397680410054;0.7709711925776432
31.776929;1.091474780409809;0.8330835021099761;0.7634674689206287;0.11727221506101661;0.10743745083447526;1.0944426418652917;10.00084885756018;0.8334632233857604;1.096941310457671;1.0969776062967633;0.7614242815974873;-0.12040597713933646;0.7709697649297705
31.786929;1.0914823298112772;0.8330823306726979;0.7634643346599979;0.11728605574824649;0.10744894759123556;1.0944501593214897;10.000861358799602;0.8334612551557621;1.0969391636742385;1.0969783136630158;0.7614229714295315;-0.12041797743919132;0.7709683575957782
31.796929;1.091489280032502;0.8330809892204302;0.7634613668106571;0.11729962565436283;0.1074602462957616;1.0944586691968445;10.000872560253544;0.8334592820468395;1.0969370899039148;1.0969790470957086;0.7614217016757024;-0.12042997770334297;0.7709669669391815
31.806929;1.0914969809940716;0.8330800881399198;0.7634581782208986;0.11731349848093074;0.10747174271568133;1.0944671580109762;10.000882476847236;0.833457303478481;1.0969350882159108;1.0969798005269689;0.7614204636429469;-0.12044197793205136;0.7709655902242619
31.816929;1.0915050381887972;0.8330794351146371;0.7634548651442024;0.1173281494684475;0.1074839137977319;1.094474611721548;10.000891149842131;0.8334553207698876;1.0969331608242574;1.0969805675540734;0.761419247432662;-0.12045397812642669;0.7709642270816981
31.826929;1.0915119187769533;0.8330780400107987;0.7634515867210032;0.11734216637306646;0.1074956189216004;1.094483015592022;10.000898637272313;0.8334533380499874;1.0969313134067216;1.0969813427373531;0.7614190422469052;-0.12046597828859167;0.7709638667969368
31.836929;1.0915200986637026;0.8330776550943884;0.7634482098733394;0.11735684698742077;0.10750780492085751;1.0944903544869105;10.0009049955655;0.8334513622763557;1.0969295538969122;1.0969821229759993;0.761417837257108;-0.12047797842145744;0.7709625361105396
31.846929;1.0915280424145284;0.8330776363042048;0.7634452121176195;0.11736961632950506;0.10751826527124735;1.0944986139963344;10.000910264383554;0.8334494020418016;1.0969278905754374;1.0969829075408586;0.7614166221643497;-0.1204899785284129;0.7709612239650809
31.856929;1.0915353488266062;0.8330767622148961;0.7634417483863464;0.11738443922588027;0.10753067247329028;1.0945057813939543;10.000914464248265;0.8334474672183954;1.0969263300491703;1.096983696407311;0.7614153878700751;-0.12050197861331442;0.7709599295630324
31.866929;1.091543357895111;0.8330778402519815;0.7634394464819122;0.11739874478807666;0.1075425399168566;1.0945138455297676;10.000917603861163;0.8334455695855428;1.096924876956101;1.0969844878467248;0.7614141269889025;-0.12051397868046891;0.7709586501535787
31.876929;1.0915516671638166;0.8330783530797905;0.76343627848553;0.11741232054277258;0.10755371313752157;1.0945207957594387;10.000919681461237;0.8334437217896108;1.0969235355924736;1.0969852777777287;0.7614128335663974;-0.12052497873427649;0.77095722539524
31.886929;1.0915587420869388;0.8330777858631416;0.7634328496842409;0.11742642453420385;0.10756549649159515;1.0945286217539867;10.000920682921906;0.8334419347878878;1.09692231136818;1.0969860614124316;0.7614115024922513;-0.12053697877898013;0.7709559633848891
31.896929;1.091566778277039;0.833078463674296;0.7634297638066672;0.11743926586776754;0.10757603384711859;1.094535314517739;10.000920588565123;0.8334402166609651;1.0969212106408328;1.0969868338708368;0.761410129249298;-0.1205489788187801;0.7709547029103009
31.906929;1.091574137795506;0.8330782846571226;0.7634262525041567;0.11745415943551814;0.10758852406972039;1.0945428664391144;10.000919382939282;0.8334385739606643;1.096920239379436;1.0969875887561515;0.7614097106333338;-0.12056097885793111;0.7709544264770318
31.916929;1.091582170055611;0.8330792318922148;0.7634232011559147;0.11746702666537513;0.10759909865836331;1.0945492706397164;10.00091706135355;0.833437013439165;1.096919402218488;1.096988317663035;0.76140824604816;-0.12057197890082881;0.770952997096693
31.926929;1.0915904834632275;0.8330800773690348;0.7634197708212929;0.117481831870907;0.10761142840865733;1.0945565209338703;10.000913627808854;0.8334355419816087;1.0969187023291342;1.0969890117046033;0.7614067375227856;-0.12058397895200287;0.7709517099235593
31.936929;1.0915975526771893;0.833080516588861;0.7634167594214076;0.11749483635776951;0.10762223955677874;1.094562611386841;10.000909084793554;0.833434166135072;1.0969181413967592;1.0969896635617578;0.7614051878058219;-0.1205959790158924;0.7709504031744117
31.946929;1.0916058640410042;0.8330816120245091;0.7634134089164183;0.1175096641541316;0.10763460785744203;1.0945695349998172;10.000903424431353;0.8334328926682271;1.0969177199899713;1.0969902685458464;0.7614035986180823;-0.12060697909684975;0.7709489155390901
31.956929;1.0916129338996086;0.8330822995760246;0.7634104865457733;0.1175226892270483;0.10764545778569992;1.0945752828119004;10.000896622676327;0.8334317285163153;1.0969174377701665;1.0969908230187049;0.7614019710676045;-0.12061897919935967;0.7709475559062171
31.966929;1.091621247791561;0.8330836427992219;0.7634072315780398;0.11753753507063343;0.10765786482349587;1.0945818455404173;10.000888640229977;0.8334306799951171;1.0969172923611494;1.0969913210210527;0.7614013068405321;-0.12063097932792644;0.7709471527794387
31.976929;1.0916283200604255;0.8330845773379868;0.7634044086517175;0.11755057510262282;0.10766875309673556;1.0945872172291606;10.00087942635554;0.8334297531033208;1.0969172783363013;1.0969917531689708;0.7613996078686291;-0.12064197948669034;0.7709455734233223
31.986929;1.0916366340973347;0.833086508832639;0.7634015695749203;0.11756426945012154;0.1076801321996491;1.0945923963576436;10.000868914074612;0.8334289541020695;1.0969173875252158;1.0969921085236498;0.7613978749671232;-0.12065397967922098;0.7709441192551828
31.996929;1.0916437010876308;0.8330888445670079;0.7633999121815032;0.11757766146986941;0.10769137189106616;1.0945983837776223;10.00085701828468;0.833428288730211;1.0969176098800084;1.0969923761682805;0.7613961073384455;-0.12066497990849595;0.7709424782638049
32.006929;1.0916519998575602;0.8330906601436484;0.7633968548756924;0.1175925231714386;0.10770385117399084;1.0946031808041017;10.000843649133195;0.8334277608019752;1.0969179348948401;1.0969925452071554;0.7613953034205447;-0.12067698017682989;0.7709419514047345
32.016929;1.091659038940312;0.8330920495653816;0.7633942225966347;0.1176055714016684;0.10771480870332484;1.0946087875656587;10.000828732367388;0.8334273716982493;1.096918353492825;1.0969926045375988;0.7613934615964647;-0.1206879804859113;0.7709402504905821
32.026929;1.091666339938946;0.8330936524200994;0.7633915342688447;0.11761937930877295;0.10772645220624155;1.094613201429236;10.000812224860814;0.8334271211415706;1.0969188592399122;1.0969925436532673;0.7613915795925357;-0.12069898083707586;0.770938520698334
32.036929;1.0916742926585874;0.8330959983872764;0.7633890027426258;0.11763230640173081;0.10773724186052969;1.0946174168745484;10.000794115894685;0.8334270085340463;1.096919448043444;1.096992354160753;0.7613896534893488;-0.12071098123136931;0.7709369202826155
32.046929;1.091681546905984;0.8330974364468489;0.7633860635122203;0.11764726499636972;0.10774998053779129;1.0946224265409652;10.000774413923011;0.8334270342716971;1.096920117689605;1.0969920306478969;0.7613886779878095;-0.12072198166921844;0.7709361258023838
32.056929;1.0916894564273338;0.833099944676034;0.7633835867843632;0.11766017493061107;0.10776079943924474;1.094626222930787;10.000753132876692;0.8334272008238844;1.0969208689277403;1.0969915703093536;0.7613866480012368;-0.1207339821501361;0.7709344773588888
32.066929;1.0916966743719643;0.8331018725622614;0.7633810058097981;0.11767394870470824;0.10777250168539244;1.094629799921475;10.000730294435535;0.833427512230584;1.096921706053795;1.0969909719479394;0.7613845595928782;-0.12074498267273026;0.7709326520740617
32.076929;1.091703595976016;0.8331037506215799;0.7633785310525427;0.11768694606219553;0.10778354798498552;1.0946331524691995;10.000705948499244;0.8334279717788435;1.096922635189451;1.0969902354567638;0.761383409033889;-0.12075598323497691;0.7709317978920679
32.086929;1.091711749637514;0.8331065637523857;0.7633759948464766;0.11770057721643482;0.10779508127501429;1.0946372760094125;10.000680192722644;0.8334285808447205;1.0969236618337754;1.0969893617820143;0.7613811915675505;-0.120766983834658;0.7709299447003694
32.096929;1.0917186524444606;0.8331085586677263;0.7633735253839029;0.11771354137349338;0.10780615712004563;1.094640167847168;10.000653168633402;0.8334293398094753;1.0969247889795195;1.0969883528694646;0.7613789016085487;-0.12077898446960693;0.7709282431070359
32.106929;1.0917258330674218;0.833110723978623;0.7633709581388335;0.11772724891745269;0.1078179180662313;1.0946428282995977;10.000625036889344;0.8334302482028096;1.0969260164010173;1.09698721214778;0.7613765337127029;-0.12078998513740224;0.7709263860011581
32.116929;1.0917336859344842;0.8331135976993322;0.763368509595735;0.1177400602583371;0.10782882425900506;1.0946452593103644;10.000595956494353;0.8334313039376156;1.096927341192306;1.0969859443931171;0.7613750830567829;-0.12080098583485614;0.7709255227660226
32.126929;1.091740861631829;0.8331170466327609;0.7633669995363775;0.11775406967924901;0.10784092740367401;1.094648462886727;10.000566081279565;0.8334325037286098;1.0969287588359882;1.096984553689998;0.7613725455174581;-0.12081198655808567;0.770923682005213
32.136929;1.0917477513920313;0.8331192833890743;0.763364513092813;0.11776695064146689;0.1078520570538157;1.0946504411185165;10.000535559744245;0.833433843852816;1.0969302644082402;1.0969830417584887;0.7613699179075266;-0.12082298730300009;0.7709218549457749
32.146929;1.0917558778838978;0.8331224616632008;0.7633619521608618;0.11778045918086927;0.10786366982474688;1.0946521963731768;10.000504528565434;0.8334353200597442;1.0969318537564718;1.0969814083058798;0.7613681982790897;-0.12083498806562849;0.7709211894453393
32.156929;1.0917627503942573;0.8331251748891363;0.7633597630103426;0.11779213287915728;0.10787375453828504;1.0946537315103115;10.000473116659172;0.8334369273206235;1.0969335240938944;1.0969796527157996;0.7613653855355599;-0.12084598884230127;0.7709193988649118
32.166929;1.0917698885163494;0.8331277225204452;0.7633571523732738;0.11780571031602886;0.10788558366044027;1.0946550510956563;10.00044146271234;0.8334386596661741;1.0969352733362039;1.0969777762072739;0.7613634783134777;-0.12085698962960677;0.7709186145343059
32.176929;1.0917767190508376;0.8331302186788603;0.763354623594581;0.11781850276743862;0.10789674931202846;1.0946571625348724;10.000409718370317;0.8334405099399075;1.0969370992480887;1.0969757832474607;0.7613604742551809;-0.12086799042415015;0.7709168577739448
32.186929;1.091784762511906;0.8331336452534233;0.7633520141145674;0.1178319220165868;0.10790839288053601;1.0946580753991935;10.000378035135558;0.8334424699961;1.0969389996883219;1.0969736817909435;0.7613573698999562;-0.12087899122242023;0.770915111769855
32.196929;1.0917915293657017;0.8331362427292722;0.7633494568235742;0.11784466847596096;0.10791956892799755;1.0946587998451627;10.000346561322376;0.8334445315310459;1.0969409730515285;1.096971482959366;0.7613551610831525;-0.12088999202069098;0.7709143602800343
32.206929;1.0917985414940008;0.8331393354390831;0.7633471058164882;0.11785699119146385;0.107930354017668;1.094659346477336;10.000315441097799;0.8334466863111362;1.0969430181721735;1.0969692002513112;0.761351844401659;-0.12090099281495977;0.7709126249627432
32.216929;1.0918052266413052;0.8331420034793758;0.7633445224626355;0.11786969236872165;0.10794153786029691;1.0946597272689162;10.00028479735227;0.8334489255420092;1.0969451345552168;1.0969668486391972;0.7613494182044664;-0.12091199360107652;0.7709118785103115
32.226929;1.0918121450183722;0.8331448116538899;0.7633418342161907;0.11788313506072752;0.10795339553660478;1.0946599555119805;10.000254722892954;0.8334512402452204;1.0969473231110498;1.0969644441413517;0.761345881278769;-0.12092299437490704;0.7709101430175457
32.236929;1.0918196807271352;0.8331486358302063;0.7633395746613428;0.11789451919881135;0.10796332230711923;1.0946600451283184;10.000225294292676;0.833453622861564;1.0969495854425766;1.0969620032255938;0.7613422314154662;-0.12093399513231472;0.7709084020244348
32.246929;1.091826475373421;0.833151484423504;0.7633368672253242;0.11790792370912868;0.10797518663257397;1.094660010028035;10.000196585616226;0.8334560677921755;1.0969519212132268;1.096959541407687;0.7613394658584562;-0.12094399586918304;0.7709074811334332
32.256929;1.0918329142294672;0.833155398390481;0.7633353083985157;0.11792089264600762;0.10798669909016663;1.0946608630421069;10.000168672843634;0.8334585702744081;1.096954326877646;1.0969570717549648;0.76133558199143;-0.1209549965819748;0.7709057151219008
32.266929;1.0918395583805185;0.833158618587249;0.7633328909403054;0.11793310149213672;0.10799750489598363;1.0946606152320217;10.000141628360598;0.833461125416617;1.0969567972381853;1.0969546042188643;0.7613325772697807;-0.12096599726831472;0.7709049208720683
32.276929;1.0918458356653293;0.8331613926179979;0.7633302385820602;0.11794569707016915;0.10800870890064704;1.0946602760941262;10.000115502897298;0.8334637278349134;1.0969593271219409;1.0969521457123903;0.7613284492969608;-0.12097699792643132;0.7709031222677646
32.286929;1.091852309962726;0.833164631144935;0.7633277897552484;0.11795787897709827;0.10801952039154122;1.0946598539183154;10.00009031144985;0.8334663711586275;1.0969619122257444;1.0969497009666487;0.76132519640996;-0.12098799855398652;0.7709022926964761
32.296929;1.091858414903251;0.8331674177895859;0.7633251019886313;0.11797044952147458;0.10803072905936967;1.0946593557514674;10.00006603601602;0.8334690479753122;1.0969645504106935;1.0969472744532345;0.7613208184992676;-0.12099799914792596;0.7709002980311865
32.306929;1.0918656811649559;0.8331714263544948;0.7633226409968975;0.11798249492383595;0.10804134597882352;1.0946587866629514;10.00004263561597;0.8334717507840207;1.0969672422326766;1.0969448718191517;0.7613173173227574;-0.1210089997055047;0.7708994271696442
32.316929;1.0918719133958392;0.8331743280563598;0.7633198114427264;0.11799580540693176;0.10805322780706829;1.0946581495708103;10.000020055068868;0.8334744732739635;1.0969699891073241;1.096942499731461;0.7613126959621326;-0.12102000022529402;0.7708975504569436
32.326929;1.0918777918702642;0.8331774559946574;0.7633173601763162;0.11800717939543037;0.10806337470304642;1.0946574467256802;9.99999823701288;0.8334772107161872;1.0969727910866136;1.0969401652453905;0.7613089585018952;-0.1210310007074004;0.7708966482917482
32.336929;1.0918838861789615;0.8331806846140452;0.7633147749805516;0.11801930595643953;0.10807419274559908;1.0946566810942087;9.999977136266581;0.8334799593594848;1.0969756467703082;1.0969378750543435;0.7613041104785419;-0.12104100115294604;0.7708945955679549
32.346929;1.0918896306762276;0.8331834341498441;0.7633119240379206;0.11803182379599092;0.1080854062931902;1.09465585635094;9.999956722967244;0.8334827161216996;1.096978554140603;1.0969356350027106;0.7613001588421101;-0.12105200156328316;0.7708936898900456
32.356929;1.0918955951061702;0.8331866065228095;0.7633092437253343;0.11804393175805497;0.10809622453158607;1.094654976786687;9.99993697331132;0.8334854787812832;1.0969815100444102;1.0969334506619965;0.7612951109929137;-0.12106200193945543;0.770891651479759
32.366929;1.091901217780958;0.8331896229040293;0.7633066086919762;0.118055268533827;0.10810637186183045;1.0946540482161673;9.999917860110537;0.8334882452944471;1.0969845091589199;1.0969313279738135;0.7612909746352299;-0.1210730022820679;0.7708907796289094
32.376929;1.0919070723409008;0.8331923584698032;0.7633035160807615;0.11806852333311384;0.10811825457512128;1.0946530790845543;9.999899343784548;0.8334910119098766;1.0969875445545327;1.096929272935518;0.7612857588171742;-0.1210840025915753;0.7708889522249774
32.386929;1.0919125984553157;0.8331952714092693;0.7633007883703171;0.11807984495721047;0.1081284013506068;1.094651080211795;9.999881362893355;0.8334937721273772;1.0969906088598032;1.0969272905841896;0.7612814740375174;-0.12109400286875681;0.7708879969749192
32.396929;1.0919183700821535;0.8331994034112082;0.7632989895241795;0.11809226666583011;0.10813953402247273;1.0946500627625453;9.999863837190224;0.8334965179424111;1.0969936933359548;1.096925384255424;0.7612761310480703;-0.12110500311496898;0.7708862611154752
32.406929;1.0919238283525146;0.8332022002681967;0.7632961837232156;0.11810357620059253;0.1081496824665866;1.0946490362803143;9.999846686570603;0.8334992415238642;1.0969967864142303;1.096923555688246;0.7612717402024546;-0.12111500333218839;0.7708854124538453
32.416929;1.0919295498222041;0.8332047064798996;0.7632929389141744;0.11811680690473841;0.10816156848159951;1.0946480083853913;9.999829842413119;0.8335019355057782;1.0969998744599916;1.0969218053011915;0.7612673115626607;-0.12112600352305893;0.7708847836487941
32.426929;1.0919349773771967;0.8332073857455352;0.7632900833166281;0.11812810769042129;0.10817172096220763;1.0946469850987706;9.999813237375843;0.833504592483775;1.0970029429309145;1.0969201320733826;0.7612618545443852;-0.12113600369082979;0.7708830776724312
32.436929;1.091940685982677;0.8332101211865562;0.7632871188641435;0.11814016827189351;0.10818254670682012;1.0946459711093666;9.999796799299105;0.8335072045999531;1.0970059765676208;1.0969185330196611;0.7612573770937014;-0.12114700383892434;0.7708825865374515
32.446929;1.091946112947971;0.8332126891991902;0.7632842393834588;0.11815146485526487;0.10819270560708767;1.0946449709789707;9.999780464717693;0.8335097636235244;1.097008960205882;1.096917003247493;0.7612518849155789;-0.1211570039703649;0.7708810210578012
32.456929;1.0919518260872982;0.8332153160347996;0.7632812562757676;0.1181635241392899;0.10820353881693534;1.0946439908831116;9.9997641892495;0.8335122613370798;1.0970118795359;1.0969155373241508;0.761247381007999;-0.12116700408766988;0.7708805118870841
32.466929;1.0919575414205003;0.833217889327118;0.7632782656743773;0.11817558516107482;0.10821437641896077;1.0946420396716896;9.999747946799593;0.8335146895385;1.097014719965744;1.0969141303787842;0.761242866044491;-0.12117800419306005;0.770880225412413
32.476929;1.091962975842455;0.8332202967172828;0.7632753642215799;0.11818688700880252;0.10822454832120006;1.0946411291790066;9.999731728408696;0.8335170396751591;1.0970174654684495;1.0969127776756582;0.7612373396254463;-0.12118800428833977;0.7708788557536411
32.486929;1.0919677396998388;0.8332220009923521;0.7632723353946103;0.1181990690339351;0.10823559329906657;1.0946402728759632;9.999715536197044;0.8335193030760701;1.0970200997861728;1.096911474135963;0.7612328013223757;-0.12119800437455842;0.7708785318887567
32.496929;1.0919731882829071;0.8332243012064631;0.763269426739161;0.11821038236869465;0.10824577435616269;1.094639482881056;9.999699373845127;0.833521472610006;1.0970226077420802;1.0969102158414166;0.7612272507059332;-0.12120900445208889;0.7708774338086786
32.506929;1.0919789347516196;0.8332266574706216;0.7632664206396832;0.118222466040996;0.10825663008167122;1.09463876895652;9.99968324663823;0.8335235446705266;1.0970249748348682;1.096909002065182;0.7612226870894556;-0.12121900452118775;0.7708772213468998
32.516929;1.0919844169305628;0.8332288419627915;0.7632635077542326;0.11823379596071165;0.10826681972058592;1.094638140402799;9.99966716041269;0.8335255195433768;1.0970271874373734;1.0969078344653433;0.7612181099365423;-0.12122900458243063;0.7708770643190913
32.526929;1.0919902061400537;0.8332310781696843;0.7632604993446591;0.11824589810706333;0.10827768370307941;1.094636607406804;9.999651104183602;0.8335274000365647;1.0970292339929169;1.0969067142513769;0.7612125196406614;-0.12123900463671557;0.7708759758638942
32.536929;1.0919957403977776;0.8332331417522038;0.7632575876962121;0.11825724780344249;0.10828788126462525;1.0946361806908413;9.999635034977443;0.8335291896892091;1.097031105776659;1.0969056404476434;0.7612079181829685;-0.12124900468495915;0.7708759316342197
32.546929;1.0920015919868464;0.8332364245587396;0.7632556500456587;0.11826971432827137;0.10829906750117482;1.094635870538176;9.999618883336733;0.8335308921367364;1.097032797506869;1.0969046094501347;0.7612033093350647;-0.12126000472757731;0.7708761000286747
32.556929;1.0920062386814726;0.8332379609954312;0.7632530339342041;0.11828003357657317;0.10830840391068255;1.0946356859340827;9.999602567927745;0.8335325118235518;1.0970343071316664;1.0969036154163883;0.7611976978946466;-0.12127000476419147;0.7708751742714941
32.566929;1.092012166886629;0.8332399820251944;0.7632500436247281;0.11829217632260725;0.10831928020716218;1.0946346343886264;9.999586005620202;0.8335340545627923;1.0970356346778585;1.09690265157086;0.7611930882918467;-0.12128000479406552;0.7708752796555675
32.576929;1.0920181351957392;0.8332419597375573;0.7632470665088179;0.11830432848627004;0.10833015826241538;1.0946347226105975;9.999569116373706;0.8335355268088581;1.0970367822500888;1.0969017117674398;0.7611884835756952;-0.1212900048167777;0.7708754204992496
32.586929;1.092023862398426;0.8332437821741402;0.7632442054829922;0.1183157271449097;0.10834036749263627;1.094634957746354;9.999551827938948;0.8335369333045324;1.0970377552659374;1.0969007918570575;0.7611828848505292;-0.12130000483227252;0.7708746001658405
32.596929;1.0920299191662464;0.8332456741392046;0.7632412787055781;0.11832789747911272;0.10835124811521152;1.094634347801534;9.999534085299384;0.8335382749849715;1.0970385631175408;1.0968998893524613;0.7611782906515678;-0.12131000484045673;0.7708747834423144
32.606929;1.0920347835749793;0.8332469936777929;0.763238772110445;0.11833826347275417;0.10836059201856628;1.094634900824727;9.999515862486607;0.8335395499783661;1.0970392188802085;1.0968990009887583;0.761173696673618;-0.12132000484101942;0.7708749719983334
32.616929;1.092040942926567;0.8332488056132588;0.7632359316032533;0.11835045287815685;0.10837147447433616;1.094635624679057;9.999497168371416;0.8335407564589947;1.0970397384509956;1.0968981212531455;0.7611690962974077;-0.12133000483370716;0.7708751553730142
32.626929;1.0920468721034111;0.8332504688014614;0.7632332456415616;0.11836188994085038;0.10838168763709517;1.0946355276795365;9.999478036761193;0.833541894255121;1.0970401389744564;1.0968972430566062;0.7611634816844437;-0.12134000481884978;0.7708743363904321
32.636929;1.0920531388192518;0.833252554191794;0.7632308510277835;0.11837293682035804;0.1083915064574603;1.0946366187636651;9.999458504617749;0.8335429646169632;1.0970404374471445;1.0968963586193183;0.761158845351174;-0.1213500047976256;0.7708744818457283
32.646929;1.09205821822665;0.8332533885123368;0.7632282912301188;0.1183845082327783;0.10840191967984811;1.0946379069831098;9.999438600339587;0.8335439686979459;1.0970406506200052;1.0968954595963152;0.7611541817090391;-0.12136000477181967;0.7708745976877004
32.656929;1.0920645951344385;0.8332550662543785;0.7632257550918035;0.11839674115805571;0.10841280597004337;1.0946384010415042;9.999418347362615;0.8335449056672475;1.097040795318824;1.0968945370675949;0.7611494880556366;-0.12137000474358019;0.7708746788977451
32.666929;1.0920710241840197;0.8332570555606248;0.7632236290853145;0.11840782145249527;0.10842262749313916;1.0946401086601785;9.999397767150189;0.833545772461772;1.0970408880080356;1.0968935820639294;0.7611437649054902;-0.12138000471535261;0.7708737335626036
32.676929;1.092076255894488;0.8332577924495103;0.7632213521794208;0.11841942524954378;0.10843304275680497;1.0946420348223627;9.999376876312683;0.8335465658828569;1.097040944161995;1.0968925860280887;0.761139015174996;-0.12139000468959765;0.770873732132443
32.686929;1.0920827642727673;0.8332597136273929;0.763219419782903;0.11843052520472393;0.10844286411814226;1.094643180372908;9.999355684026511;0.8335472843833271;1.0970409788681241;1.0968915403342518;0.7611342427320749;-0.1214000046684948;0.7708736820611437
32.696929;1.0920890103315124;0.8332623068922408;0.7632184278174909;0.11844237909015702;0.10845339436260847;1.0946455428413342;9.999334196636653;0.8335479275137335;1.0970410078478405;1.096890435219955;0.7611294514194145;-0.12140900465392669;0.7708734207565392
32.706929;1.0920945881666702;0.833263395837729;0.7632166533839531;0.11845360930435113;0.1084634100743067;1.0946471183517041;9.999312431996144;0.8335484948350655;1.0970410469127532;1.0968892598380668;0.7611236445925501;-0.12141900464728689;0.7708722708270087
32.716929;1.0921008358458535;0.833264760585304;0.7632147748453286;0.11846513729626514;0.10847361984522469;1.0946499025603236;9.999290431412813;0.8335489859682579;1.0970411105837872;1.0968880044162777;0.7611188251954302;-0.12142900464925313;0.7708720446629397
32.726929;1.0921073509024914;0.8332665568340227;0.76321319787412;0.1184762736822787;0.10848343008355225;1.0946528896099352;9.999268260546009;0.8335494006334652;1.0970412116152617;1.096886662371018;0.7611139960859206;-0.12143900466020051;0.7708717486927846
32.736929;1.0921126004976003;0.8332671146498023;0.7632114474024597;0.11848793297938068;0.10849382851048481;1.0946550706580578;9.999246013173586;0.8335497379654608;1.0970413617012214;1.0968852301611227;0.7611091599646249;-0.12144900468086188;0.7708713762748495
32.746929;1.0921190641601812;0.8332688747961517;0.7632100104407912;0.11849908886917561;0.10850362708671829;1.0946584342233636;9.999223815835444;0.8335499962753926;1.0970415719959212;1.0968837056244325;0.7611043194395972;-0.12145800471223105;0.7708707635415158
32.756929;1.0921254923069272;0.8332706207439803;0.7632086314640308;0.11851025476988923;0.10851341815870304;1.09466096788337;9.99920181734501;0.833550173820648;1.0970418525648147;1.0968820870173142;0.7610994776267758;-0.121468004754733;0.7708702199780035
32.766929;1.0921306317828112;0.8332711356170422;0.763207056642637;0.11852194376719548;0.10852379419164375;1.0946646603260466;9.99918017593415;0.8335502698716561;1.0970422120930683;1.0968803738893111;0.7610936383455305;-0.12147800480777979;0.7708685948947219
32.776929;1.0921369551302298;0.8332728576113714;0.7632057757781344;0.11853312883821326;0.10853356731210086;1.094667502441147;9.999159055083485;0.8335502855145652;1.0970426579158978;1.0968785684055402;0.7610888054375915;-0.12148700487010985;0.7708677000510719
32.786929;1.0921419675471762;0.8332736917200335;0.763204601516473;0.11854367227708615;0.10854285780425776;1.0946714864714888;9.99913861445724;0.8335502237945812;1.097043194640415;1.0968766759362512;0.7610839822899004;-0.1214970049401401;0.7708668591478268
32.796929;1.0921481485023063;0.8332753835523043;0.7632033923241192;0.11855487438306331;0.10855260857519033;1.0946746051486287;9.999118989843863;0.8335500887593276;1.0970438222198602;1.0968747054520729;0.7610791723271224;-0.1215070050160346;0.770865913584642
32.806929;1.0921530120500174;0.8332758335657425;0.7632019598403575;0.1185665978098921;0.10856293980586561;1.0946788517945367;9.999100276283176;0.8335498842061997;1.0970445365841985;1.0968726698795563;0.7610743793991604;-0.12151600509580528;0.7708647068670287
32.816929;1.0921590451392489;0.8332774726276627;0.7632007912442371;0.11857781596805549;0.10857266357893214;1.094682220670589;9.999082528829229;0.8335496135778863;1.0970453327997312;1.0968705858137504;0.7610696071984796;-0.12152600517747668;0.7708635560207104
32.826929;1.0921650087238612;0.833279076377184;0.7631996305125914;0.11858904193451963;0.10858237265592478;1.0946867075656677;9.999065780261976;0.8335492808646663;1.0970462069065225;1.0968684720324389;0.7610648590664896;-0.12153500525911828;0.7708621475521064
32.836929;1.092169663106003;0.8332797653719181;0.7631985380652216;0.11859962505466547;0.10859159457103701;1.0946903105433543;9.999050061175426;0.833548891335147;1.0970471550790346;1.096866347419794;0.7610591391663855;-0.12154500533877773;0.770859811019419
32.846929;1.0921754949071614;0.8332824484655118;0.7631984400785539;0.11861120984237165;0.108601588442917;1.094695030463518;9.99903540419714;0.8335484510316402;1.097048173693588;1.0968642296063245;0.7610544530394491;-0.12155400541461187;0.7708582071679803
32.856929;1.0921800210452908;0.8332827005358034;0.763197020642408;0.11862297101611473;0.10861184650597404;1.0946988700404447;9.999021836185555;0.833547965177055;1.0970492618609535;1.0968621346628311;0.7610498061639832;-0.1215640054852267;0.7708566648867473
32.866929;1.0921857284074372;0.8332841176283262;0.7631958366406657;0.11863422583937643;0.10862149787793489;1.09470283148675;9.999009378408417;0.8335474373749658;1.0970504223457582;1.0968600776051234;0.761045202482937;-0.12157300555008442;0.7708548708787298
32.876929;1.0921901335198894;0.8332846015683465;0.7631947032398517;0.11864483675971389;0.10863066533435047;1.0947079153400505;9.998998056134807;0.8335468701808323;1.0970516590740216;1.0968580733330615;0.7610406446673722;-0.1215830056098357;0.7708531438696961
32.886929;1.0921957209373696;0.8332858973253897;0.7631934811946218;0.11865610433273105;0.10864029413567643;1.0947121219193214;9.998987902595747;0.8335462656424449;1.097052974976434;1.0968561371085834;0.7610361351889493;-0.1215920056662758;0.7708511714605503
32.896929;1.092200287125823;0.8332863626085905;0.7631922034124795;0.11866748964169585;0.10865011089022426;1.0947174538699072;9.998978950124107;0.8335456253708569;1.0970543722896549;1.0968542842041635;0.7610316764628132;-0.12160200572210769;0.7708492714738557
32.906929;1.0922045046559063;0.8332866418963316;0.7631909860504453;0.11867811727217537;0.10865924762655255;1.0947219172752678;9.998971222460808;0.8335449507129886;1.097055852966034;1.0968525299198233;0.7610272700552928;-0.12161100578096337;0.7708471308883619
32.916929;1.092209897665638;0.8332877154890059;0.7631896584079738;0.1186893994287453;0.10866884638272913;1.0947265209405324;9.998964742040025;0.8335442431742696;1.0970574174972276;1.0968508899208425;0.7610229163802639;-0.12162000584732495;0.7708449106473131
32.926929;1.092213982165371;0.8332878267311125;0.7631883470552756;0.11870003404171524;0.10867796279352715;1.0947322750575466;9.998959539823773;0.8335435045957903;1.0970590638069904;1.0968493794282241;0.7610186152257575;-0.12163000592594321;0.7708427724231478
32.936929;1.0922192459457507;0.8332887161224325;0.76318691020632;0.11871132117624877;0.10868754065087421;1.0947371902103737;9.998955650948858;0.8335427366988323;1.0970607868774624;1.096848012405329;0.7610143660704123;-0.12163900602122704;0.7708404055067307
32.946929;1.0922234926406156;0.8332887374658912;0.7631853799890206;0.11872272165870562;0.10869730570957363;1.0947432772178116;9.998953101121808;0.8335419408651628;1.0970625783986292;1.0968468021247184;0.7610101676897958;-0.12164800613697922;0.7708379734269359
32.956929;1.0922283635439074;0.833289296822433;0.7631839019362996;0.11873324849836962;0.10870619182989545;1.0947485469720417;9.998951898732367;0.8335411185449515;1.0970644277334565;1.0968457620148937;0.7610060178148972;-0.12165800627634218;0.7708356397154176
32.966929;1.0922325138625748;0.8332890893488791;0.7631822228391704;0.11874465075729204;0.10871593552741228;1.0947540097238104;9.998952038180974;0.8335402711522518;1.0970663242812546;1.096844905610442;0.7610009138357449;-0.12166700644187464;0.7708321066864662
32.976929;1.092236339968305;0.8332889976942556;0.763180871057255;0.11875412728707273;0.10872393377847907;1.0947596745817851;9.998953506114164;0.8335393995914979;1.0970682580989146;1.0968442448650166;0.7609968538341799;-0.12167600663567557;0.7708295126413942
32.986929;1.09224136938145;0.8332893233308721;0.763179049355092;0.11876541841297722;0.10873346048711184;1.0947665491735497;9.998956276259813;0.833538504381204;1.0970702187225896;1.0968437876100663;0.7609928359855765;-0.12168500685936984;0.7708268752692694
32.996929;1.0922454011960048;0.8332887759758342;0.7631771090038582;0.11877682144727364;0.10874317653142078;1.0947726395027775;9.998960300979032;0.8335375859838161;1.0970721964528756;1.0968435369000218;0.7609888570272859;-0.12169400711389153;0.7708241984057594
33.006929;1.0922491121355493;0.8332891731964392;0.763176239376922;0.11878780498191063;0.10875252901450456;1.094778950326878;9.998965523766177;0.833536645205721;1.0970741856556594;1.0968434926500266;0.7609849126601287;-0.12170400739936253;0.7708216425386805
33.016929;1.0922540303637622;0.8332891785344272;0.7631741491364237;0.11879909337833458;0.10876203051885695;1.0947864844951651;9.998971896070852;0.8335356841919556;1.097076185023852;1.0968436534772177;0.7609809995998895;-0.12171300771524314;0.7708188941242832
33.026929;1.0922576736274898;0.8332885558956661;0.763172357126828;0.11880856443633522;0.108769986825675;1.0947932407613086;9.998979369412705;0.8335347071987884;1.0970781946929846;1.0968440183576138;0.7609771158660632;-0.12172200806056907;0.7708161130857325
33.036929;1.092262528035658;0.8332883722249017;0.7631701033429623;0.11881984588622112;0.10877947377304618;1.0948002131418912;9.998987884176056;0.8335337201600832;1.097080213848069;1.0968445884034996;0.760973258931502;-0.12173100843420855;0.7708133000339357
33.046929;1.0922661086457215;0.8332872281534178;0.7631678414638344;0.11883047188587458;0.10878848247009694;1.0948073929291742;9.998997377885674;0.8335327297088537;1.0970822401082858;1.096845367307379;0.7609704250668801;-0.12174000883483735;0.7708114411392186
33.056929;1.092269940443048;0.8332861161739881;0.7631654122795094;0.11884185506985166;0.10879815568845877;1.0948157702848917;9.999007798786696;0.8335317422852163;1.0970842701650876;1.0968463596013944;0.7609666108669585;-0.1217490092605589;0.7708085602550725
33.066929;1.0922737382933807;0.8332852751226363;0.7631632287570634;0.11885206871033363;0.10880675855640262;1.0948233344019254;9.999019111816779;0.8335307634618074;1.0970863006390086;1.0968475686164851;0.7609628143319092;-0.12175800970878364;0.7708056459759539
33.076929;1.0922781743812062;0.8332846754800212;0.76316078602579;0.11886256558431639;0.10881555479984696;1.0948310738483442;9.999031293857705;0.8335297984217925;1.0970883281526986;1.0968489956716403;0.7609590334119678;-0.12176701017650539;0.7708027023293113
33.086929;1.0922818927169806;0.8332833669384937;0.7631581507503022;0.11887393074522293;0.10882521538776693;1.0948389771104157;9.99904431908755;0.8335288534885936;1.0970903479896765;1.096850639526609;0.760955263766918;-0.1217760106605993;0.7707997346583022
33.096929;1.092285280596186;0.8332822389962861;0.7631558549454516;0.11888336316801844;0.10883313730231976;1.094848032771451;9.999058146811173;0.8335279362802659;1.097092351829628;1.0968524954159689;0.760951498960468;-0.12178501115815571;0.7707967475753996
33.106929;1.0922898599623305;0.8332815980301002;0.7631531033806502;0.1188946034584323;0.10884259430113837;1.09485623016953;9.999072722859605;0.8335270539542484;1.0970943271575042;1.096854554748142;0.7609477326874003;-0.12179401166687383;0.7707937447463131
33.116929;1.0922934272698104;0.8332805041096397;0.7631505626798177;0.11890478495732139;0.10885118177619131;1.09486456082015;9.999087986649092;0.8335262124545009;1.0970962593334481;1.0968568062415422;0.7609439605585655;-0.12180301218532077;0.7707907303351333
33.126929;1.0922966570661121;0.8332789304814777;0.763147724885496;0.11891536061787007;0.10886016326715114;1.094873018491831;9.99910386926075;0.8335254180501874;1.0970981336878018;1.096859237347901;0.7609401808066041;-0.12181201271273778;0.7707877097711445
33.136929;1.0923001153284058;0.8332777992036607;0.7631450267734564;0.11892552815164949;0.10886874810169121;1.0948815977732513;9.999120291324413;0.833524679093064;1.0970999355278672;1.0968618346707544;0.7609363944289073;-0.12182101324841016;0.7707846895797847
33.146929;1.0923032351413404;0.8332762079130062;0.7631420293458986;0.11893609034597151;0.10887772821603095;1.0948902934236802;9.999137174622046;0.8335240062775857;1.097101649695728;1.0968645835527129;0.7609326048305232;-0.12183001379136525;0.7707816769298822
33.156929;1.092307543366779;0.8332758369083479;0.7631392007151139;0.1189461337030404;0.10888611547973626;1.0949000998281877;9.999154453708671;0.8335234117340088;1.0971032623771568;1.096867467499691;0.7609288165805846;-0.12183901434067722;0.7707786785147639
33.166929;1.0923108409344584;0.833274365650033;0.7631359513787159;0.11895744772944772;0.10889576805141286;1.0949090098630418;9.999172080473102;0.8335229076335061;1.0971047634682525;1.09687046828255;0.7609250335996649;-0.1218480148956232;0.7707756995862008
33.176929;1.0923138067029154;0.8332743002773872;0.7631341003654468;0.11896717527079495;0.10890400265242865;1.094918015016767;9.999190031017314;0.8335225049066232;1.0971061465320784;1.0968735671821361;0.7609212582955871;-0.12185601545526265;0.7707725859065998
33.186929;1.092317010461434;0.8332728523905721;0.7631306955584928;0.11897848246442866;0.10891366128069489;1.0949271072024702;9.999208301743057;0.8335222129475636;1.0971074072192901;1.0968767461523463;0.7609184923101692;-0.1218650160178376;0.7707706439674867
33.196929;1.0923201703735104;0.8332717643046635;0.7631275293222068;0.11898862438170184;0.10892225825598979;1.0949362809634653;9.999226887738306;0.8335220401617998;1.0971085414765076;1.0968799878523647;0.7609147376179584;-0.12187401658064544;0.7707677433870446
33.206929;1.0923239618868839;0.8332713447295664;0.7631244127364344;0.11899789193059095;0.1089299918513491;1.0949455339703915;9.999245768497117;0.8335219944951628;1.097109544147035;1.0968832760476426;0.7609109965480022;-0.12188301714045273;0.7707648747268349
33.216929;1.0923270322580454;0.8332699501678565;0.763120784483582;0.11900919897902268;0.1089396642472181;1.094954865088993;9.999264912416637;0.833522083602785;1.097110408700368;1.0968865970118424;0.7609072706802279;-0.12189201769392204;0.7707620417850067
33.226929;1.0923297717151685;0.8332688105809306;0.7631174947803889;0.11901858200078266;0.10894760734181223;1.094964272760477;9.999284287107216;0.8335223145850782;1.0971111276876442;1.0968899395806484;0.7609035601234053;-0.1219000182377507;0.7707590902782016
33.236929;1.0923327455968284;0.8332678094071799;0.7631140383628657;0.1190287306040796;0.10895622740168714;1.0949737555264567;9.999303863502524;0.8335226937212505;1.097111693793757;1.096893293761757;0.7608998643919076;-0.12190901876839742;0.7707563401489407
33.246929;1.0923356706764078;0.8332664946946727;0.7631101960162666;0.11904004611615292;0.1089659205973969;1.0949833136241685;9.999323607765788;0.83352322640098;1.0971121014783556;1.0968966502601218;0.7608961837828774;-0.12191801928174104;0.7707536360148621
33.256929;1.0923382654917877;0.8332654457216713;0.7631066915111441;0.1190494378920814;0.10897388609385351;1.0949939497170476;9.999343468076704;0.8335239166154905;1.097112348028628;1.0969000006001566;0.7608935200292012;-0.12192601977330772;0.7707518079498087
33.266929;1.0923411001572105;0.8332645455271012;0.7631030157833782;0.11905959416996506;0.10898252940142407;1.0950036672985548;9.999363372411244;0.8335247665496666;1.0971124335372702;1.0969033371036327;0.7608898767493112;-0.12193502023887459;0.7707491962374823
33.276929;1.0923445717695253;0.8332643378877655;0.7630993850701381;0.11906887703681161;0.10899031291036322;1.0950134681221773;9.999383238083961;0.8335257771343614;1.0971123607922975;1.0969066533185772;0.76088625945009;-0.12194402067471694;0.7707466277402579
33.286929;1.0923473356694302;0.8332631822205131;0.7630952325284192;0.11908019785533569;0.1090000382730285;1.0950233509781915;9.999402981525664;0.8335269486090572;1.0971121349786561;1.0969099436941916;0.7608826742693289;-0.12195202107745501;0.770743941707035
33.296929;1.0923500760459186;0.8332624209749603;0.763091306900201;0.11909035382767884;0.10900870687531984;1.0950333121955507;9.999422523115054;0.8335282801388133;1.0971117622592117;1.0969132021248058;0.7608791267362024;-0.12196102144418365;0.7707414513379616
33.306929;1.0923525193448085;0.8332615991992157;0.763087384202963;0.11909974569043388;0.10901671466300963;1.0950433470050658;9.999441787193765;0.8335297688967356;1.0971112488022252;1.0969164217026892;0.7608756220979839;-0.12196902177298698;0.7707388354825938
33.316929;1.092355241329002;0.833260937255054;0.7630832688464187;0.11910989829258678;0.10902540164372262;1.0950534502549751;9.999460700077641;0.8335314096424035;1.0971106011564071;1.0969195959669473;0.7608731660423623;-0.12197802206286634;0.7707373925246308
33.326929;1.0923579647287465;0.8332603181680917;0.7630790524308418;0.11912004895248861;0.10903409809799569;1.095063616047273;9.999479189983717;0.8335331951568926;1.0971098259626488;1.0969227198693117;0.7608697644768517;-0.12198702231275362;0.7707349838201626
33.336929;1.092360408919944;0.8332596244009742;0.76307482623265;0.11912943529880438;0.10904213423058257;1.0950738377795268;9.999497187412274;0.8335351169348482;1.0971089296412075;1.0969257899681777;0.7608664233363428;-0.12199502252092664;0.7707324325903029
33.346929;1.0923631402062692;0.8332602377325592;0.7630714596674212;0.11913992681486968;0.10905116458122534;1.0950841096504311;9.99951462806908;0.8335371654888081;1.097107919672395;1.096928803694774;0.7608631490004666;-0.12200402268556727;0.770730048647337
33.356929;1.0923655882917025;0.8332596030906487;0.7630670084273005;0.1191493110303533;0.10905921952977214;1.0950944278975452;9.999531463463317;0.833539329909095;1.0971068047525478;1.0969317573916093;0.7608609482109243;-0.12201202280533814;0.7707284950017211
33.366929;1.0923683142046359;0.833259105281706;0.7630623426210749;0.11915945758817695;0.10906795363438526;1.0951047897266781;9.999547667109683;0.8335415976028081;1.097105592131656;1.0969346439150145;0.7608578267939199;-0.12202102287930838;0.7707261051113682
33.376929;1.0923710286191317;0.8332586314777575;0.7630575550089473;0.11916960452024794;0.10907669713456454;1.0951151910096355;9.999563224904971;0.8335439558511879;1.09710428574211;1.0969374520910107;0.7608547887455657;-0.12202902290690455;0.7707235415645525
33.386929;1.0923734433754808;0.833258068636865;0.7630527388754741;0.1191789899010219;0.10908478046337311;1.0951246247143678;9.999578124780177;0.8335463942190234;1.0971028877348143;1.0969401701558807;0.7608518372645691;-0.12203702288804916;0.7707209553125046
33.396929;1.092376122053682;0.8332576378725852;0.763047700598656;0.11918913967875266;0.10909354374043562;1.0951350820777621;9.999592359419768;0.8335489049283493;1.0971014008089075;1.096942790837539;0.7608499760638373;-0.12204602282308294;0.7707194860901554
33.406929;1.092378495282778;0.8332571138279161;0.763042630661413;0.11919852949704896;0.109101647470679;1.0951455562974521;9.999605931378635;0.8335514811348663;1.0970998285672595;1.0969453128244728;0.7608472087439051;-0.12205402271255127;0.770716838577156
33.416929;1.0923811262349696;0.8332567169206225;0.763037337778969;0.11920868529000685;0.10911043135052338;1.0951560437225392;9.999618855480206;0.8335541150286176;1.0970981748453463;1.096947737919482;0.760844536751396;-0.12206302255705238;0.7707143158896523
33.426929;1.0923837280915214;0.833256331601423;0.7630319194152078;0.11921884510578414;0.10911922536568575;1.095166541240443;9.999631166359631;0.8335567963989339;1.0970964436354698;1.0969500671072154;0.7608419581899399;-0.12207102235725452;0.7707116031199565
33.436929;1.0923860148139188;0.8332558410695843;0.763026474482965;0.11922824692536257;0.10912735963821206;1.095177044663456;9.999642920164325;0.8335595127193179;1.0970946395718382;1.0969522983758262;0.7608404688216679;-0.12207902211418052;0.7707098497702052
33.446929;1.0923885493709906;0.8332554625692487;0.7630208153974674;0.1192384163384135;0.10913617399554573;1.0951875493831078;9.999654181935165;0.8335622509533952;1.0970927684027298;1.0969544279420496;0.7608380635777457;-0.12208802182949198;0.7707072449105937
33.456929;1.092391042431203;0.8332550790639489;0.7630150418562914;0.11924859078658931;0.10914499875039198;1.0951980499661444;9.999665017401057;0.8335649990262677;1.0970908376807509;1.0969564528023459;0.7608357365408631;-0.1220960215053847;0.7707044669893074
33.466929;1.092393203913542;0.8332545742970331;0.7630092531502738;0.11925800737781464;0.10915316410121928;1.0952085381148104;9.999675500112788;0.8335677461289976;1.097088857685863;1.096958370891163;0.7608334802771374;-0.12210402114418649;0.7707016850091384
33.476929;1.0923955945726787;0.8332541667376487;0.7630032612398645;0.11926819095150647;0.10916200949602485;1.0952180024799303;9.999685725488593;0.8335704820923752;1.0970868409940355;1.096960179504445;0.7608322863410828;-0.12211202074806606;0.7706998986510919
33.486929;1.0923979258666425;0.8332540836084098;0.7629974801900354;0.11927721472590225;0.10916979902153473;1.0952284308945148;9.999695814455066;0.8335731959097178;1.097084800040009;1.0969618750570915;0.7608301471580393;-0.12212102031904021;0.770697303376581
33.496929;1.0923989505222267;0.8332527568482813;0.7629913500652462;0.11928675517730454;0.10917819116197951;1.0952388118053709;9.99970589400325;0.8335758745424479;1.097082744597593;1.096963454589191;0.760828057638104;-0.122129019859109;0.7706945784164383
33.506929;1.0924011487984433;0.8332522710619327;0.7629850518348232;0.11929695011177394;0.10918706324925477;1.095249134386964;9.999716077123106;0.8335785034180884;1.097080681087766;1.0969649173572824;0.7608270151448681;-0.12213701937027496;0.7706928754172552
33.516929;1.0924029920715799;0.8332516329279288;0.7629787505656686;0.11930638515124764;0.10919527248891571;1.0952593885369029;9.999726465645477;0.8335810681987642;1.0970786129828298;1.096966265202696;0.760825018652849;-0.12214501885446606;0.7706902243056657
33.526929;1.0924050466205604;0.8332514030619499;0.7629725731426228;0.11931542092421218;0.10920309194845815;1.0952695649142086;9.999737153093134;0.8335835559960048;1.097076540443125;1.096967501454296;0.7608230680740906;-0.12215301831348861;0.7706876164145586
33.536929;1.0924070306608333;0.8332519431415497;0.7629670591026093;0.11932596633609661;0.10921229712068727;1.09527865535733;9.999748212180158;0.8335859553267757;1.097074459753216;1.0969686289049254;0.7608221633158432;-0.12216201774893799;0.7706862009290419
33.546929;1.092408662807946;0.8332511567838407;0.762960500486993;0.11933540700785013;0.10922052265497237;1.0952886530905763;9.999759689876143;0.8335882557642148;1.0970723641965094;1.0969696477704993;0.7608203028934272;-0.122170017162035;0.7706836900837061
33.556929;1.092410511337845;0.833250774341436;0.7629541014661849;0.11934444798476068;0.10922835704870341;1.0952985518202607;9.999771612238154;0.8335904480352451;1.0970702465033033;1.0969705554034508;0.7608184830275327;-0.12217801655344324;0.7706812354484861
33.566929;1.0924122942362315;0.8332499965368001;0.7629473433833388;0.11935465441806106;0.1092372610443373;1.0953083451703327;9.999783980459044;0.8335925244610298;1.0970681013535997;1.096971348278321;0.7608176985146688;-0.1221860159231145;0.7706798310847547
33.576929;1.0924127696534678;0.833248293930387;0.7629406207472165;0.1193642107466844;0.10924569627425124;1.0953180278844898;9.999796770078627;0.8335944795569054;1.0970659258332771;1.0969720233397553;0.760815944999043;-0.12219401527040184;0.7706775087663171
33.586929;1.0924144216182978;0.8332477604337826;0.762934122433779;0.11937325483195083;0.10925354005320781;1.0953265970068795;9.999809948061587;0.8335963101375167;1.097063717983395;1.0969725774251808;0.7608142202743823;-0.12220201459448231;0.7706752623879597
33.596929;1.0924160074621976;0.8332468375080062;0.7629272938607787;0.11938346272590457;0.10926245087856451;1.0953360507762584;9.99982348965871;0.8335980144851503;1.0970614754060632;1.0969730075947837;0.7608135237163717;-0.12221001389463129;0.7706740868066099
33.606929;1.0924172459195174;0.8332461046090737;0.7629208671249142;0.11939174303454382;0.10926962718883179;1.095345385468368;9.999837380774583;0.8335995915527942;1.0970591951399389;1.0969733131820747;0.7608118554305152;-0.12221801317002731;0.7706720153325883
33.616929;1.092418708169133;0.8332450987739078;0.7629140272910574;0.11940194808816627;0.10927853901612627;1.0953545927211252;9.999851609445843;0.8336010409318114;1.0970568747447123;1.0969734970350296;0.7608112163630456;-0.12222601241938355;0.7706710297205864
33.626929;1.0924188747294754;0.833243180099273;0.762907259665602;0.11941149914271347;0.1092869783502043;1.0953626599478716;9.99986615047162;0.8336023628708306;1.097054513491437;1.0969735648529995;0.7608096086181667;-0.12223401164088346;0.7706691606144903
33.636929;1.0924202389390572;0.83324244242836;0.7629007503523676;0.11942053364312147;0.10929482278281695;1.0953715730244926;9.999880953362856;0.8336035575062415;1.0970521124151966;1.0969735235125542;0.7608080346289545;-0.12224201083278603;0.7706673989325228
33.646929;1.0924215710774383;0.8332413275269092;0.7628939425580943;0.11943072722857306;0.10930373108108751;1.0953803186859676;9.999895947151037;0.8336046240127646;1.0970496734725685;1.0969733796891286;0.7608074956217058;-0.12225000999442497;0.77066673438857
33.656929;1.092422604036316;0.8332404167232172;0.7628875665220428;0.11943898827786431;0.10931090182618074;1.0953888858697698;9.999911059972256;0.8336055608356493;1.0970471992677409;1.0969731401025642;0.7608059910193062;-0.12225800912652246;0.7706651946232065
33.666929;1.0924239222486618;0.833239594887914;0.7628811204427365;0.11944800531977288;0.10931873962535504;1.095396266000631;9.999926233704606;0.8336063662542221;1.0970446938837195;1.0969728130309073;0.7608055190226146;-0.12226600823055407;0.7706647571007575
33.676929;1.0924243007053132;0.8332376511066552;0.7628743622842342;0.119458290781345;0.10932783779102043;1.0954044529167763;9.999941421169124;0.8336070386738221;1.0970421639728059;1.0969724083485672;0.7608040771273964;-0.1222740073081266;0.7706634496745445
33.686929;1.0924253891585238;0.8332366933756021;0.7628680795395295;0.11946653134994312;0.10933499952295087;1.0954124439387032;9.999956573848243;0.8336075775049528;1.0970396181111661;1.0969719351638085;0.7608026625709475;-0.12228200636089141;0.7706622610142253
33.696929;1.092426806809853;0.833235498333556;0.7628614273750282;0.11947669153515778;0.10934389331176977;1.095419240775086;9.99997163430536;0.8336079837299534;1.0970370640416052;1.09697140028302;0.7608022737216734;-0.12228900539057379;0.7706620199408852
33.706929;1.0924273202022432;0.8332338821395179;0.7628551078252017;0.11948579183944161;0.10935191602970121;1.0954268479982363;9.999986540967576;0.8336082585911518;1.0970345070621654;1.096970809241778;0.760800910997901;-0.12229700439891938;0.7706610688515204
33.716929;1.0924285720257056;0.8332329160681048;0.7628489633631527;0.11949401104248265;0.10935906771939463;1.0954342711320402;10.000001237886089;0.8336084017839674;1.0970319514268911;1.0969701678279815;0.7608005754480024;-0.12230500338786389;0.7706612232900454
33.726929;1.0924301773611353;0.8332328815397452;0.7628435285030134;0.11950449355435312;0.10936826608619177;1.0954405167691479;10.00001567867291;0.8336084110842994;1.0970294027208063;1.096969482370806;0.7607992669364864;-0.12231300235974646;0.7706605077058175
33.736929;1.0924318588539932;0.8332320284919871;0.7628374013026705;0.1195134611192172;0.10937608081926878;1.095447592694983;10.00002983093023;0.8336082828481748;1.0970268687850946;1.096968758960173;0.7607989843628681;-0.12232100131739823;0.7706608951199281
33.746929;1.0924323782329284;0.8332303039748831;0.7628314039739735;0.11952177036126144;0.1093834206433465;1.0954545061289949;10.000043682423332;0.8336080127735699;1.0970243589853634;1.0969680028820112;0.7607977265602296;-0.12232800026431824;0.7706602504888862
33.756929;1.0924342230332287;0.8332291112315158;0.7628250911016203;0.11953188785164759;0.10939229514014538;1.0954602625495127;10.000057235926642;0.833607597407488;1.0970218832051843;1.096967219209247;0.760797491835764;-0.12233599920440678;0.7706608656706158
33.766929;1.0924361526668456;0.8332282635451782;0.7628191663467672;0.11954083372173958;0.10940010158948242;1.0954668675398462;10.000070500094964;0.8336070358178956;1.0970194514062286;1.0969664143713953;0.7607962771114374;-0.12234399814127492;0.770660609031712
33.776929;1.0924369248657755;0.8332265431501581;0.7628133911224475;0.11954912022987046;0.10940743421340314;1.0954723294062556;10.000083482818095;0.833606330260089;1.097017073267096;1.096965597560311;0.7607960783092843;-0.1223519970782393;0.7706614585213611
33.786929;1.0924390226549607;0.8332256968107519;0.7628076404132685;0.11955804982721055;0.10941523737023891;1.095478659040825;10.000096179078131;0.8336054858945822;1.0970147562894468;1.096964780200374;0.7607948912842583;-0.12235899601885153;0.7706612852341975
33.796929;1.0924412010667348;0.8332245033958741;0.7628016783065308;0.11956813489643614;0.10942410542625494;1.0954848674443023;10.000108571571007;0.8336045107190828;1.0970125024580224;1.0969639733715153;0.7607937119477896;-0.1223669949671372;0.7706613988900276
33.806929;1.0924422147674946;0.8332227701305154;0.762796212203123;0.11957639538981822;0.10943143611713319;1.0954899640908882;10.000120648523508;0.8336034158897137;1.0970103072592916;1.0969631851166164;0.7607935357164256;-0.12237499392776555;0.7706626315419084
33.816929;1.0924445455483351;0.8332218912068119;0.7627907991591005;0.11958529751930469;0.1094392398552751;1.0954959578895311;10.000132409356045;0.8336022155407204;1.0970081625800625;1.0969624195816494;0.7607923569397822;-0.12238199290610811;0.7706628502886408
33.826929;1.0924469495194185;0.8332209814078194;0.7627855107993349;0.11959418920368128;0.10944704619744287;1.0955008592561337;10.000143859451267;0.8336009260127528;1.0970060598760605;1.0969616782742875;0.7607921686368262;-0.12238999190768086;0.7706643448981203
33.836929;1.092448185157942;0.8332191547564191;0.762780416383678;0.11960241844183213;0.10945438483048164;1.0955066800790059;10.000155007879478;0.8335995642318323;1.0970039912792224;1.0969609616126352;0.7607909624765514;-0.1223979909376091;0.770664978156669
33.846929;1.092450739407972;0.8332181474595924;0.7627753809916893;0.1196112874676666;0.10946220087570689;1.0955114307422995;10.000165858432428;0.8335981454217858;1.0970019496534793;1.096960269207836;0.760790728778354;-0.12240499000078078;0.7706665623090178
33.856929;1.0924524123787236;0.8332163139761817;0.7627704446953121;0.11962025507545992;0.10947022138300015;1.0955171169817508;10.00017639546691;0.8335966820345669;1.0969999287312215;1.0969595993974117;0.7607904573661853;-0.12241298910202758;0.7706684245152816
33.866929;1.0924548391182276;0.8332147177104083;0.7627654469097085;0.11962949950082288;0.1094784473139331;1.0955217389749727;10.000186577401696;0.8335951840958837;1.096997923823041;1.0969589499162244;0.7607891393958903;-0.12241998824595919;0.7706692558768834
33.876929;1.092457628508717;0.8332135018531959;0.7627607973673881;0.1196383279878886;0.1094862848939724;1.095527291981801;10.000196341698686;0.8335936596864117;1.0969959325141392;1.0969583196876376;0.760788768224574;-0.12242798743688094;0.7706713435502471
33.886929;1.0924595418019682;0.8332114468162617;0.7627562485660472;0.11964725254523458;0.10949432778925436;1.0955327676126594;10.000205621476445;0.8335921157276798;1.0969939540598896;1.0969577091948481;0.7607873389695822;-0.12243498667900646;0.7706723893127408
33.896929;1.0924622186815665;0.833209965915696;0.7627519524586805;0.11965528800971612;0.10950151047887534;1.0955371560941098;10.000214361477148;0.8335905584160358;1.0969919883292258;1.0969571197127028;0.7607868483447732;-0.12244298597677661;0.7706746795462677
33.906929;1.0924643124645217;0.8332077559654004;0.7627476594094075;0.11966418163451496;0.10950956757494845;1.0955424486275618;10.000222518356427;0.8335889925705547;1.0969900352519182;1.0969565533487753;0.7607852950030466;-0.12244998533492427;0.7706759164071512
33.916929;1.0924674611441847;0.8332073958653738;0.7627445878027153;0.11967329281546402;0.10951774831831165;1.095546638844798;10.000230052195294;0.8335874213836326;1.0969880937651062;1.096956012945189;0.7607846793961742;-0.12245798475834228;0.7706783867031748
33.926929;1.0924694645683481;0.8332049237528593;0.7627406457332184;0.11968139416393897;0.10952514916681569;1.0955517237667862;10.000236921148646;0.833585846848399;1.0969861607173075;1.096955501519029;0.7607830033475781;-0.1224649842519821;0.7706797908448422
33.936929;1.0924728078511732;0.8332032561831182;0.7627367624450504;0.11969013371371161;0.10953302865142792;1.0955557041352137;10.000243079001477;0.8335842700484845;1.0969842312875415;1.0969550222544777;0.7607822699806505;-0.1224729838204455;0.7706824114776897
33.946929;1.0924752911025823;0.833200763618571;0.7627329755225213;0.11969897230460118;0.10954111259137705;1.0955595843916013;10.000248479118454;0.8335826917783489;1.0969823009899686;1.0969545777588672;0.7607804833094056;-0.1224799834672946;0.7706839444947844
33.956929;1.092478553070312;0.8331992116459334;0.7627297509811014;0.11970576259492535;0.10954726980993203;1.0955643728172368;10.000253090781566;0.83358111340249;1.0969803671900489;1.096954168199945;0.7607796479267875;-0.12248798319505291;0.7706866701243582
33.966929;1.0924812494458447;0.8331966182900785;0.7627262089249431;0.11971458177561746;0.10955536595571569;1.095568080525207;10.000256912035928;0.8335795371642821;1.0969784286304123;1.096953790901145;0.7607787698177756;-0.12249498300588169;0.7706892708174158
33.976929;1.092485024924257;0.8331947518061746;0.7627228158884862;0.11972328281860378;0.109563269718053;1.0955727190839974;10.000259959397251;0.8335779654737219;1.0969764848006887;1.096953442083853;0.7607768567635608;-0.12250198290174277;0.7706909045634279
33.986929;1.0924876905471836;0.8331919866646366;0.7627196097265045;0.11973132711005438;0.10957070654545031;1.0955762992980282;10.000262252399805;0.833576399619553;1.0969745359422274;1.0969531191884958;0.7607759171898888;-0.12250998288403918;0.7706936894173657
33.996929;1.0924917470510411;0.8331900805966866;0.7627164531173591;0.1197400199066131;0.10957861957775593;1.0955808324508816;10.000263818264719;0.8335748398255435;1.0969725823698655;1.096952822473838;0.7607739585829092;-0.1225169829534238;0.770695316498534
34.006929;1.0924950126072523;0.8331874079534868;0.7627133843742642;0.11974882279644071;0.10958673422877355;1.0955843312352416;10.000264698517652;0.8335732866015462;1.096970623788045;1.0969525546101977;0.7607729866621695;-0.12252498310963654;0.7706980622932822
34.016929;1.0924991410683191;0.8331853938185158;0.7627105573182872;0.11975675328841293;0.10959398478112461;1.0955888077521165;10.00026493572714;0.8335717405462896;1.0969686593422567;1.0969523189218344;0.7607720059200272;-0.1225319833511368;0.770700606709674
34.026929;1.0925027955182718;0.8331830899985626;0.7627080397185536;0.11976439640457759;0.10960103997517907;1.0955922711035915;10.000264555306174;0.8335702004167104;1.09696668734625;1.096952118511954;0.7607700208249842;-0.12253898367469204;0.7707021083932407
34.036929;1.092507620461016;0.8331812348973534;0.7627053576338307;0.11977309780848922;0.10960896533180278;1.0955957271941403;10.000263553578419;0.8335686628105703;1.0969647044669053;1.0969519566141788;0.7607690360809632;-0.12254598407537179;0.770704530526788
34.046929;1.0925114198910117;0.8331785502475433;0.7627028673069195;0.11978115426640862;0.10961642061130898;1.0956001792250731;10.000261892476901;0.8335671243807629;1.0969627053345383;1.0969518375048786;0.7607670562980665;-0.12255398454727034;0.7707060471187535
34.056929;1.0925166789389582;0.8331767991739985;0.7627004343422051;0.1197898702082627;0.10962434858779083;1.0956036278700216;10.000259515338882;0.8335655831731352;1.0969606832802297;1.0969517676398988;0.7607660864769004;-0.12256098508433293;0.7707083044040104
34.066929;1.0925211931380396;0.8331747055831302;0.7626984130805275;0.119797541636711;0.10963140837563921;1.0956080722097792;10.000256379583881;0.8335640371763698;1.096958631750599;1.0969517559020634;0.760765132760941;-0.12256798568041506;0.7707104639712321
34.076929;1.0925265934722468;0.8331730110853329;0.7626963265773206;0.11980551307831716;0.10963866460402333;1.0956115117907725;10.000252477291465;0.8335624823616558;1.0969565455469257;1.0969518122066737;0.760763202652325;-0.1225749863288844;0.7707115284586425
34.086929;1.092531525640783;0.8331707696728023;0.7626942387036637;0.11981436794665469;0.10964678517940513;1.0956149481537747;10.000247837112854;0.8335609126338792;1.096954421844016;1.0969519457819874;0.7607623052560484;-0.1225829870226099;0.7707136215064557
34.096929;1.0925366643656345;0.8331689884149023;0.7626925863402632;0.11982206893953279;0.10965383634005008;1.0956193844847488;10.000242522803367;0.8335593215204261;1.0969522603720736;1.0969521648573781;0.760761451247667;-0.12258998775421924;0.7707154286020552
34.106929;1.092542686781522;0.8331676411449033;0.7626908622818218;0.11983007118628726;0.10966108159924026;1.0956228244633759;10.00023663064582;0.8335577043657064;1.0969500619084898;1.0969524775127881;0.7607596519527406;-0.12259698851624812;0.7707161139077516
34.116929;1.0925482458176152;0.8331657766610584;0.7626891303602803;0.11983895761683332;0.10966918995148006;1.0956262710381863;10.000230278447221;0.8335560600997755;1.0969478262040604;1.0969528916697457;0.7607589186325212;-0.12260398930138791;0.7707176456533077
34.126929;1.0925549836050403;0.8331663233943679;0.7626889228561612;0.11984692359596301;0.1096763452796462;1.0956307254890167;10.000223587639328;0.8335543915107899;1.0969455515955329;1.0969534135559438;0.7607582621924978;-0.12261099010254116;0.7707190311842018
34.136929;1.092560707183427;0.833164632381362;0.7626875167277032;0.11985506911259529;0.10968377499315561;1.0956341881321014;10.00021666119831;0.8335527042020654;1.0969432361118336;1.0969540469386978;0.7607566923021504;-0.12261799091245458;0.7707192784505127
34.146929;1.0925669497375294;0.8331631969633664;0.7626861256515708;0.11986398808181613;0.10969186909198178;1.0956376597626842;10.000209569982712;0.8335510052596433;1.096940877545218;1.0969547943995976;0.7607562165415301;-0.12262499172361523;0.7707203579140822
34.156929;1.0925743931681213;0.8331630122635706;0.7626851858865595;0.11987164267751294;0.10969869390100262;1.0956421418034261;10.000202366454223;0.8335493016460686;1.0969384724252398;1.0969556583019275;0.760755840330869;-0.12263299252865653;0.7707214385812048
34.166929;1.0925808402412107;0.8331617527922416;0.762684102185222;0.11987982030803179;0.10970610577124965;1.0956456360203923;10.000195102580275;0.8335475988819988;1.0969360158883161;1.096956640173663;0.7607545669835292;-0.12263999332081668;0.7707212138002552
34.176929;1.0925878176035155;0.8331610875768473;0.7626833306456541;0.11988760661921005;0.10971311413223558;1.0956491448994565;10.00018781689988;0.8335459010395724;1.0969335029573775;1.0969577404191209;0.760754397598923;-0.12264699409409845;0.7707218179243034
34.186929;1.092595998615078;0.8331609770781233;0.7626823537607873;0.11989645618048278;0.10972098230116208;1.0956536712161815;10.000180513917918;0.8335442118504569;1.0969309303874042;1.096958958835444;0.7607543314333916;-0.12265399484319948;0.7707222654799141
34.196929;1.092603176695104;0.8331604697361848;0.7626818272038378;0.11990349891915313;0.10972730444811171;1.0956572167873049;10.00017317082147;0.8335425358372078;1.096928297899242;1.0969602952019386;0.7607533667584919;-0.12266099556352639;0.7707215714188415
34.206929;1.0926108700858483;0.8331598594010063;0.7626809464961615;0.11991247657197619;0.1097353523039456;1.095660782553882;10.000165756932313;0.8335408785975988;1.0969256084850256;1.0969617503902525;0.7607535014169334;-0.12266799625114672;0.770721712328494
34.216929;1.0926197452524602;0.8331604824816802;0.7626804578813051;0.11992018591965566;0.10974212633118734;1.0956643693002992;10.000158238402161;0.8335392460858726;1.0969228678372882;1.096963326497374;0.760753732657601;-0.12267499690226934;0.7707217018971231
34.226929;1.0926278732402603;0.8331601211950507;0.7626796684205545;0.1199291756470532;0.10975015230881555;1.0956689781228994;10.000150575293643;0.8335376433988108;1.0969200827149372;1.0969650246957061;0.760754056441338;-0.12268199751258792;0.770721540035798
34.236929;1.092635918380506;0.8331601077384221;0.7626793250669741;0.11993624252667918;0.10975643110591898;1.0956726118226692;10.000142732428312;0.8335360742400942;1.0969172595749233;1.096966843449014;0.7607534673392747;-0.1226889980771392;0.7707202401376493
34.246929;1.09264539408285;0.8331607293826504;0.762678625425018;0.11994512824103314;0.10976423491089474;1.0956762754946798;10.000134694002446;0.8335345410346273;1.0969144048741075;1.0969687788989222;0.7607539597514722;-0.12269599859075621;0.7707197792415476
34.256929;1.0926540851179316;0.8331610276110083;0.762678228876278;0.11995296208593466;0.10977115825148563;1.0956799747414763;10.000126461231359;0.8335330438574808;1.0969115254641073;1.0969708264436644;0.7607545289564597;-0.12270299904883288;0.7707191738735485
34.266929;1.0926626512686235;0.8331612998385525;0.7626779366560567;0.1199600335750345;0.10977739933093099;1.095684713304614;10.000118039340993;0.8335315789348698;1.0969086269303023;1.0969729818688394;0.7607551702791588;-0.12270999944801048;0.7707184277549423
34.276929;1.0926726007294354;0.8331621762556016;0.7626772629868928;0.11996892003838368;0.10978516510949418;1.095688491393146;10.00010942961279;0.8335301396908901;1.096905711886007;1.0969752408115818;0.7607548769040869;-0.12271599978622647;0.7707163975272899
34.286929;1.0926817135226792;0.8331626999972314;0.7626768721390393;0.11997675081789198;0.10979205070932102;1.0956923061036685;10.000100635176189;0.8335287190282641;1.0969027814463592;1.0969775975306182;0.7607556386873103;-0.12272300006207025;0.7707153783048318
34.296929;1.092690644717931;0.8331631725909007;0.7626765702823208;0.11998381607940074;0.10979825531019029;1.0956961542393397;10.000091670212289;0.833527309879022;1.0968998382836188;1.0969800438364983;0.7607564433003853;-0.12273000027427627;0.7707142245351687
34.306929;1.0926999387467995;0.8331634672276582;0.7626758442891812;0.1199928049107672;0.10980618471719811;1.0957010339811215;10.000082551780471;0.8335259055197198;1.0968968886224821;1.0969825684145684;0.7607572785230876;-0.12273700042194591;0.7707129365223505
34.316929;1.0927102498837558;0.8331649205179977;0.7626754396253755;0.12000051542899896;0.10981284172959681;1.0957049438539876;10.000073280716835;0.8335245011408233;1.0968939432382456;1.096985158444653;0.7607571341101436;-0.12274400050499205;0.7707105274108984
34.326929;1.0927193572524179;0.8331655502768714;0.7626750704274752;0.12000757098477219;0.109819018976595;1.095708881752759;10.000063830088688;0.8335230946548203;1.096891016695538;1.0969878021160244;0.7607580024812327;-0.12275100052412329;0.7707089723463559
34.336929;1.0927287698984895;0.8331659933506257;0.7626742480391493;0.1200165504513636;0.10982692400293018;1.0957128448397973;10.00005414552115;0.8335216857829997;1.0968881250204179;1.0969904882180237;0.7607588784018157;-0.1227570004805552;0.7707071259409978
34.346929;1.0927381910416039;0.8331679866917978;0.7626747564327506;0.12002470645049367;0.10983407107632036;1.0957168287780503;10.000044155021909;0.8335202747531749;1.0968852846666632;1.0969932041508683;0.7607597582372213;-0.1227640003757709;0.770705308730161
34.356929;1.0927485677933702;0.8331696172107511;0.7626741721141923;0.12003240459646397;0.1098406987341196;1.0957208271607597;10.0000337829449;0.8335188616094233;1.096882512521011;1.0969959353436263;0.7607596388409669;-0.12277100021109404;0.7707023778106801
34.366929;1.0927576875990448;0.8331704124821288;0.7626735949342917;0.1200394472665233;0.10984684762593248;1.0957258326001362;10.00002296785001;0.8335174462562167;1.0968798241343676;1.0969986664849383;0.760760516893354;-0.1227779999874108;0.7707003142826966
34.376929;1.0927670658484847;0.8331710140867143;0.7626725416258514;0.12004841303833733;0.10985472455718334;1.0957298382693794;10.000011680424652;0.8335160283002138;1.09687723110353;1.0970013838675825;0.760761389258536;-0.1227849997055717;0.7706981408778627
34.386929;1.0927764105914004;0.8331720019931403;0.7626717344308773;0.12005621063117186;0.10986152869695491;1.0957338387501887;9.999999925703847;0.8335146060999676;1.096874740731759;1.0970040769020502;0.7607622532313709;-0.12279099936673864;0.7706957103965968
34.396929;1.0927854308101923;0.8331729256843955;0.762670951204304;0.12006324177742105;0.10986765597199805;1.095737830611377;9.999987730187335;0.8335131765678803;1.0968723574812753;1.0970067378193782;0.760763106252511;-0.12279799897229372;0.7706933542333332
34.406929;1.092795644210274;0.8331747739596417;0.7626700230922431;0.12007092125881504;0.10987424736889691;1.0957418125409881;9.999975135328182;0.8335117363082197;1.0968700831710143;1.0970093607449505;0.7607629459169881;-0.12280499852388141;0.7706899373036319
34.416929;1.0928048407841853;0.8331759156187772;0.762668985040566;0.12007870812638184;0.10988102866732999;1.095745784174197;9.999962205436587;0.8335102821562417;1.0968679162623716;1.0970119407130015;0.7607637705019575;-0.12281099802354946;0.770687284209137
34.426929;1.0928136867159477;0.8331770055940246;0.7626679583319173;0.1200857291734586;0.10988713274386697;1.0957497443039124;9.999949035704303;0.8335088104789998;1.0968658532418742;1.097014472260411;0.7607645789743606;-0.12281799747369596;0.7706847349327465
34.436929;1.0928227385225342;0.833178266606493;0.7626667479698315;0.12009350937269518;0.109893898736603;1.095754690546444;9.999935748884285;0.8335073165464134;1.0968638912026705;1.0970169483878969;0.760765369988965;-0.12282499687674904;0.7706821381965546
34.446929;1.0928317044686768;0.8331792457194201;0.7626651352081002;0.12010245016211087;0.10990172290020156;1.0957586206647696;9.999922477279119;0.8335057941751218;1.0968620283636399;1.097019361334208;0.7607661411420024;-0.12283099623460422;0.7706793425390077
34.456929;1.0928405797124552;0.8331806344703997;0.7626637497008308;0.12011022261251118;0.10990847397232095;1.095762533831814;9.999909337333452;0.8335042352632823;1.0968602637278322;1.0970217044261585;0.760766889301507;-0.12283799554822358;0.7706766753070508
34.466929;1.0928500386262183;0.8331827482304145;0.7626624011254752;0.12011711747277043;0.10991435033424318;1.0957664306652477;9.999896422531213;0.8335026302146678;1.0968585982957932;1.0970239726297615;0.760766611370556;-0.1228449948177437;0.7706730000386746
34.476929;1.0928587282374822;0.833184292568677;0.762660837737749;0.12012488083294225;0.10992108623433923;1.0957703124297893;9.999883815898103;0.8335009693409756;1.096857036237643;1.0970261613814452;0.7607673047736856;-0.12285099404282042;0.7706701432453713
34.486929;1.092867320787874;0.8331859294327058;0.7626591827185027;0.12013263937258402;0.1099278143434959;1.095774180755459;9.999871597250905;0.8334992438253784;1.0968555846141559;1.0970282651317813;0.7607679674855026;-0.12285799322280738;0.7706674475632289
34.496929;1.092875526890694;0.8331875578418861;0.7626575322253046;0.12013963079945643;0.10993386486993316;1.095778037001486;9.999859844623977;0.8334974456563565;1.096854252696413;1.097030276314721;0.760768597626158;-0.12286399235692215;0.7706646030182559
34.506929;1.0928839039690152;0.8331894073813233;0.762655694125803;0.12014738092121299;0.10994057623291932;1.0957818802364305;9.999848629528717;0.8334955664997307;1.096853050827574;1.0970321853006373;0.7607691927855929;-0.12287099144461867;0.7706619355000683
34.516929;1.0928921573602386;0.8331913728799036;0.7626537654620829;0.12015512776707486;0.10994727860146401;1.095785706307487;9.999837999252764;0.8334935967390104;1.0968519883000771;1.0970339821890225;0.7607697492709284;-0.12287699048562126;0.7706591320729718
34.526929;1.0929002751986199;0.8331934556313463;0.7626517458733245;0.1201628718138461;0.10995397192585998;1.0957895086823655;9.999827966820456;0.8334915268572333;1.0968510717880033;1.0970356597524633;0.760770261789283;-0.12288398947952431;0.7706565169014038
34.536929;1.0929079631850334;0.8331955433191336;0.7626497312664567;0.12016985090330219;0.10995998716385703;1.0957932787967144;9.999818521450514;0.8334893504744592;1.0968503053313585;1.0970372152056926;0.7607697243254068;-0.12289098842579435;0.7706529475771698
34.546929;1.0929157771264766;0.8331978552423347;0.7626475288280716;0.12017759077434445;0.10996666400272523;1.0957970061808984;9.99980964149935;0.8334870654761215;1.096849690685873;1.0970386493789686;0.7607701313603028;-0.12289698732417603;0.7706502414184047
34.556929;1.0929234241196029;0.8332002809863832;0.7626452360650501;0.12018532942615522;0.10997333413602736;1.0958006800094042;9.999801298277431;0.8334846721321023;1.096849227537661;1.0970399654625198;0.7607704779147212;-0.1229039861748116;0.770647730340935
34.566929;1.0929315727394306;0.8332038180077679;0.7626432933291608;0.12019102988648468;0.10997806593045871;1.095804291067827;9.999793460717575;0.8334821714360493;1.0968489137489994;1.0970411700418634;0.7607707590793409;-0.12290998497821093;0.7706450944007762
34.576929;1.0929388654222916;0.8332076405107974;0.7626418866089643;0.12019911152297498;0.10998504027550668;1.0958078321649904;9.99978610837957;0.8334795657146873;1.096848744926916;1.0970422738424939;0.7607709698785481;-0.12291598373550108;0.7706424932381205
34.586929;1.0929459703001112;0.8332104170814716;0.7626393239014756;0.12020684985511741;0.10999169559020018;1.0958112978844299;9.999779243139814;0.8334768600091154;1.0968487136428953;1.0970432887903878;0.7607711049391682;-0.1229229824487267;0.7706400887280596
34.596929;1.0929528770699015;0.8332133131479585;0.7626366697966792;0.12021458959188952;0.10999834712711502;1.0958146852041195;9.99977288744073;0.8334740624095353;1.0968488094973128;1.0970442242819407;0.7607711583245257;-0.12292898112071932;0.770637565462239
34.606929;1.092959291641458;0.8332162180551548;0.7626340188920935;0.12022156890948986;0.1100043261394943;1.0958179937460397;9.999767069773526;0.8334711829611438;1.0968490203701278;1.0970450866532218;0.760771124328054;-0.12293597975445103;0.770635246418082
34.616929;1.0929657706708937;0.8332193508055096;0.7626311768254999;0.12022931354539204;0.11001097202856291;1.095821224384753;9.999761813500958;0.8334682323217341;1.0968493345262216;1.0970458806962289;0.7607709986271526;-0.12294197835230503;0.7706328173030134
34.626929;1.0929720229284638;0.8332225977653293;0.7626282410780423;0.12023706125774275;0.11001761584135565;1.0958243776108145;9.999757141321098;0.8334652213438792;1.096849742051726;1.0970466100514256;0.7607697789461592;-0.12294797691571076;0.770629457100031
34.636929;1.0929777591522667;0.8332261894084549;0.7626256251979456;0.1202428851935545;0.11002252301092108;1.0958274538857333;9.999753081725164;0.8334621610585561;1.0968502348384315;1.0970472765769763;0.7607694653457168;-0.12295497544543792;0.7706273079033696
34.646929;1.092983541466613;0.8332296565021139;0.7626225089084642;0.12025063913804314;0.11002916404489936;1.095830455508818;9.999749665269997;0.8334590621563688;1.0968508067681444;1.0970478812977102;0.7607690600583504;-0.12296097394241826;0.7706250718862346
34.656929;1.0929890840482877;0.8332332293362122;0.7626193055086935;0.12025839568895164;0.11003580437561229;1.09583338753369;9.999746917157546;0.8334559344353809;1.0968514547896446;1.0970484268331622;0.7607685665562064;-0.12296797240849504;0.77062307646669
34.666929;1.0929943861313243;0.8332369040262914;0.7626160174268999;0.1202661542965626;0.11004244444781085;1.0958362569420332;9.999744851437521;0.833452786987389;1.0968521794219308;1.097048918642749;0.7607679888642064;-0.12297397084684263;0.7706210102766968
34.676929;1.0929991653004199;0.8332409092879989;0.7626130588034666;0.1202719873276169;0.11004734959066166;1.0958390706247865;9.999743474803276;0.8334496286840175;1.0968529836084846;1.097049363721795;0.7607673316753797;-0.12297996926202327;0.7706190394919716
34.686929;1.0930039894774197;0.8332447721880074;0.7626096106202259;0.12027974798851344;0.11005398989241386;1.0958418332939115;9.999742800380647;0.833446468424257;1.0968538710198672;1.0970497683012348;0.7607666001334645;-0.1229859676597332;0.7706171687577427
34.696929;1.0930085759836128;0.8332487183508123;0.7626060886157734;0.1202875082703322;0.11006063010561175;1.0958445470607974;9.999742857693013;0.8334433155452797;1.0968548450181885;1.0970501379251327;0.7607657993193347;-0.12299296604662499;0.7706155602538387
34.706929;1.0930126396759319;0.8332526291933177;0.762602595139838;0.12029450438472103;0.11006660041311303;1.095847212147837;9.999743696492887;0.8334401806364113;1.0968559068971722;1.0970504798214582;0.7607649344124356;-0.12299896442994934;0.7706138961394194
34.716929;1.0930167435280613;0.8332570617136681;0.7625992579757412;0.12030109593556634;0.11007217351408152;1.0958498271518486;9.999745384690861;0.8334370761658748;1.096857053391526;1.097050804309086;0.7607640110698198;-0.12300496281665302;0.7706123374142663
34.726929;1.093020601242833;0.8332612099930361;0.7625955495565672;0.12030884808697892;0.11007881105635017;1.0958523905273112;9.999747993232145;0.8334340163768412;1.0968582766419996;1.0970511240575693;0.7607630354813626;-0.12301196121292367;0.7706110452458523
34.736929;1.0930242104881904;0.8332654089581615;0.7625917873530045;0.12031659549600629;0.11008544751012915;1.0958549041161438;9.999751572893972;0.8334310166754978;1.096859567619619;1.0970514514541612;0.7607620140381615;-0.1230179596248952;0.7706097005521833
34.746929;1.0930272862793544;0.8332698823705742;0.7625883833121212;0.12032241031619242;0.1100903482732113;1.0958573754144725;9.999756138022432;0.8334280926801314;1.0968609196510113;1.0970517956822714;0.7607609524848943;-0.1230239580594038;0.7706084601832459
34.756929;1.0930303934707226;0.8332741541074774;0.7625845146278097;0.12033014573453878;0.11009698395712436;1.0958598166970765;9.999761664548977;0.833425258856545;1.0968623284381915;1.0970521616699298;0.7607598557377451;-0.12302995652384613;0.7706073185443824
34.766929;1.0930332475216638;0.8332787922982005;0.7625809074390301;0.12033670919960346;0.11010255477592426;1.09586124241089;9.999768099100299;0.8334225277759721;1.0968637898445928;1.0970525508381535;0.7607587290077559;-0.12303595502566912;0.7706062682774037
34.776929;1.0930346059739056;0.8332822263854874;0.7625770021609691;0.12034377589429004;0.11010872109888725;1.0958636660759533;9.999775368387635;0.8334199109894237;1.096865299280371;1.0970529628662689;0.7607575783882361;-0.12304295357207508;0.7706054603606503
34.786929;1.0930369564195108;0.8332865358652675;0.7625729805954992;0.12035148415562917;0.11011536136506928;1.0958660975194183;9.999783376272722;0.8334174203622716;1.0968668531208876;1.0970533974201433;0.7607564100451762;-0.12304895216983101;0.7706045666363838
34.796929;1.0930390652268898;0.8332911817061969;0.7625692302293263;0.12035801572271873;0.11012093877881489;1.0958685421174617;9.999792000879761;0.8334150681327785;1.0968684497261012;1.0970538545680635;0.7607552292327683;-0.12305495082505984;0.7706037400516271
34.806929;1.0930409461329336;0.8332954673237571;0.762565128187112;0.12036569819313579;0.11012758517734217;1.095871002425636;9.999801114434145;0.8334128660105963;1.0968700883344513;1.0970543341768824;0.7607540398826176;-0.1230609495431159;0.7706029767564537
34.816929;1.0930423309271584;0.8332999624564973;0.7625614093472828;0.12037143934867918;0.11013250069649719;1.0958734801556247;9.999810606777366;0.8334108245942321;1.0968717667871917;1.0970548356063525;0.7607528451305302;-0.1230669483286727;0.7706022752233044
34.826929;1.0930437987598494;0.8333053580374467;0.7625583278000562;0.12037943694325073;0.11013947076580023;1.0958759770710962;9.9998203826173;0.8334089533234684;1.0968734803239957;1.0970553582376796;0.7607516485190301;-0.12307294718604521;0.7706016357278125
34.836929;1.0930450766529722;0.8333098964600233;0.7625544899839399;0.1203859120649715;0.11014506646827948;1.0958774954903108;9.999830343498543;0.8334072610766184;1.0968752217511022;1.0970559012478867;0.7607504542604505;-0.12307894611941016;0.7706010602601844
34.846929;1.0930461730892984;0.8333140495944101;0.7625503424576604;0.12039353778481479;0.11015173503148908;1.095880039133822;9.999840379518904;0.8334057574362108;1.0968769828152352;1.0970564616727823;0.7607492662283072;-0.12308494513259965;0.7706005518658787
34.856929;1.0930468121513373;0.8333183917885517;0.7625466187922091;0.12039922278282685;0.11015667753099477;1.0958826133029316;9.999850375955603;0.8334044534116603;1.0968787573857157;1.0970570334324812;0.7607480869658131;-0.12309094422876588;0.7706001126841536
34.866929;1.0930475670883728;0.8333224541621698;0.762542502077668;0.12040682120171366;0.11016336557408489;1.0958852236683398;9.999860222464605;0.8334033608482915;1.0968805437790567;1.0970576086721053;0.7607469171731357;-0.12309694341030258;0.7705997427696353
34.876929;1.0930472021521516;0.8333260496865738;0.7625386952409889;0.12041335182845599;0.11016919761334601;1.095887874744117;9.999869818676789;0.8334024912287643;1.096882342874092;1.0970581799089774;0.7607457558291497;-0.12310294267886178;0.7705994408497345
34.886929;1.0930473571465937;0.8333299035041525;0.7625347288217388;0.12042016039082173;0.11017524135934133;1.0958905690811627;9.99987908410596;0.8334018548246874;1.0968841545430887;1.097058742318879;0.7607446009829674;-0.12310894203533074;0.7705992049957694
34.896929;1.0930476412801209;0.8333341582960119;0.7625310165983307;0.1204265534012926;0.11018090253420193;1.0958923081559282;9.999887967700824;0.8334014608150659;1.0968859766565613;1.097059294267486;0.7607434502177213;-0.1231149414800348;0.770599032060564
34.906929;1.093047769232798;0.8333383552661193;0.7625273470021595;0.12043293237147971;0.1101865778136577;1.095895095089631;9.999896444300068;0.8334013174801014;1.096887806456837;1.0970598351077117;0.7607423007265413;-0.12312094101309204;0.7705989167641553
34.916929;1.0930477349215995;0.8333421439198347;0.762523411971299;0.12044046120210805;0.11019333293446597;1.0958979363093087;9.999904505210978;0.8334014314240633;1.096889641903983;1.0970603632348415;0.7607411499999527;-0.12312694063451168;0.7705988516814204
34.926929;1.0930472474895243;0.8333460931593538;0.762519944368041;0.12044604786800801;0.11019836725597201;1.0959008395118213;9.999912163920222;0.8334018070900119;1.0968914824810143;1.0970608756047187;0.7607399959563707;-0.12313294034410634;0.7705988283510028
34.936929;1.0930459072314642;0.8333493079932262;0.7625164148861665;0.12045249222598862;0.11020428244614736;1.0959038100485983;9.999919472496805;0.8334024471318507;1.0968933299695518;1.097061367556696;0.7607388353073378;-0.12313894014154919;0.7705988384145355
34.946929;1.0930453434607998;0.8333528516466908;0.762512671274592;0.12045997598425229;0.11021107931484417;1.0959058495985885;9.99992651150155;0.8334033526434329;1.0968951882517357;1.0970618328324735;0.7607376622728809;-0.12314494002647104;0.770598874087335
34.956929;1.0930445931262847;0.8333566432812314;0.7625093239788511;0.12046628106127094;0.11021682397031374;1.0959089576852266;9.999933351958367;0.8334045235694318;1.0968970620493068;1.0970622634506308;0.7607364690677767;-0.123150939998431;0.7705989283719936
34.966929;1.0930433700992803;0.83336022418546;0.7625061647996854;0.12047181014599201;0.11022191255981448;1.095912134094961;9.999940037634813;0.8334059594592332;1.0968989563310712;1.0970626492121023;0.7607352466456444;-0.12315694005688256;0.7705989950319156
34.976929;1.0930422377941988;0.833363467166826;0.7625026942564884;0.12047925409183938;0.11022874922810147;1.0959153802202768;9.999946601836994;0.8334076593695093;1.0969008760902446;1.0970629779389565;0.7607339850937108;-0.12316294020111362;0.7705990681721387
34.986929;1.0930409102919274;0.8333669465336272;0.7624996453204191;0.120485522840476;0.1102345334791331;1.0959176987275143;9.99995308483418;0.8334096208812808;1.0969028255862923;1.0970632371534146;0.7607326745834235;-0.12316894043006839;0.7705991421405768
34.996929;1.0930384267749662;0.8333695530065092;0.7624966804957993;0.12049189277715187;0.11024052874132176;1.0959210928052425;9.999959534703935;0.8334118396942629;1.0969048079209545;1.0970634161825534;0.7607323065670402;-0.1231749407423088;0.7706001988262655
35.006929;1.0930364224601212;0.8333723540917995;0.7624936442743511;0.12049854708623756;0.1102467362446595;1.0959245661664927;9.99996600031643;0.8334143107473411;1.0969068251855554;1.0970635067592471;0.7607308743759473;-0.12318094113612088;0.770600259011734
35.016929;1.0930345078756494;0.8333754899739128;0.7624909488229389;0.12050479417609627;0.11025256071188046;1.0959281235688725;9.999972528446362;0.8334170299070022;1.0969088789910821;1.0970635019157626;0.7607293733377277;-0.12318694160953417;0.7706003051797065
35.026929;1.0930324054343412;0.8333784994648937;0.7624883802363279;0.12051103824193547;0.11025839800455882;1.0959307706162487;9.999979171970862;0.8334199937311728;1.0969109713982916;1.0970633953974298;0.7607278006261149;-0.12319194216044295;0.7706001728439938
35.036929;1.0930291619158328;0.8333806118510565;0.7624859116803804;0.1205173918511627;0.11026444517065181;1.095934512714514;9.999985993375686;0.8334231972166858;1.0969131050188428;1.0970631824530492;0.7607261547872046;-0.12319794278685438;0.7706001770266286
35.046929;1.0930264171662356;0.8333828907569156;0.762483381524872;0.12052403880138277;0.11027070281634412;1.0959383547374681;9.999993048982828;0.8334266326991704;1.0969152812308036;1.097062860433002;0.7607244348971034;-0.12320394348676919;0.7706001536612075
35.056929;1.093023782982148;0.8333854752013837;0.7624811941251303;0.12053028760977057;0.11027657529320006;1.0959423011195653;10.00000037221493;0.833430290547203;1.096917498199219;1.0970624288823165;0.7607226397309697;-0.12320994425790072;0.7706000997490045
35.066929;1.0930209822041204;0.833387904575683;0.7624791277555601;0.12053654213693708;0.11028245846232852;1.0959453553402396;10.000007975861383;0.833434159710923;1.0969197511065216;1.0970618900758717;0.7607207675564633;-0.12321594509781167;0.770600013257824
35.076929;1.093016781662242;0.8333904629869425;0.7624783118704532;0.12054249545887655;0.11028819487654593;1.0959495199402904;10.000015872440727;0.8334382281191909;1.09692203433989;1.0970612492730933;0.760718816546169;-0.12322094600408587;0.770599732984617
35.086929;1.0930136775046704;0.8333925591069591;0.762476473853081;0.1205487662686451;0.11029409821258233;1.0959537969513402;10.000024090877739;0.833442483427122;1.0969243432883775;1.0970605138320026;0.7607167858497483;-0.12322694697416894;0.7705995786444881
35.096929;1.09301043999371;0.8333944786133699;0.7624747416369836;0.12055504741981965;0.11030001110096373;1.0959571874566396;10.000032665652858;0.8334469136378834;1.0969266736004015;1.0970596921081748;0.7607156769085214;-0.12323294800539798;0.7706003787946951
35.106929;1.093007081177391;0.8333962187562032;0.7624731082252342;0.12056134029531969;0.11030593342901333;1.0959616914145558;10.000041617900317;0.83345150755524;1.0969290187139407;1.0970587933202696;0.7607134933376184;-0.12323894909529934;0.7706001616207647
35.116929;1.0930023700521518;0.8333965627473051;0.7624713197769661;0.1205681581741067;0.11031245940608463;1.0959663083924516;10.000050955903632;0.8334562549061538;1.096931368962541;1.097057828445634;0.7607112393841766;-0.12324395024165519;0.7705997575133776
35.126929;1.092998802027228;0.8333979438086149;0.7624698620061109;0.12057447782389563;0.11031840144072343;1.0959700373149033;10.000060675400988;0.8334611456530739;1.0969337133830963;1.0970568102419365;0.7607089187656375;-0.1232499514422197;0.7705994902904549
35.136929;1.0929951459748444;0.8333991452361287;0.7624684816771926;0.12058081189829123;0.1103243536801345;1.095974874806148;10.00007074399318;0.8334661693622492;1.0969360420034084;1.0970557509854675;0.7607065340758421;-0.12325595269427093;0.7705992042222194
35.146929;1.092990454011377;0.8333994048462262;0.7624671428329514;0.12058727073047174;0.1103305135259153;1.0959798143432398;10.000081088914115;0.8334713155562415;1.0969383460137632;1.097054660202189;0.7607040861500886;-0.12326095399436857;0.7705987433696005
35.156929;1.092986373002461;0.833400139027276;0.7624659915356782;0.1205928714829287;0.11033581601659027;1.0959838473639865;10.000091602926185;0.8334765738663145;1.0969406163073996;1.0970535444309282;0.7607015736652064;-0.12326695533850424;0.7705984317105549
35.166929;1.092982524189106;0.8334008079880227;0.7624647985033675;0.12059924944533242;0.11034179640898001;1.0959889651581942;10.000102163271135;0.8334819329657546;1.0969428429191896;1.0970524082576023;0.7606999933543587;-0.12327295672245167;0.7705991014100706
35.176929;1.0929776817854422;0.8334005434057833;0.762463627391269;0.12060575215324061;0.11034798209563708;1.0959941603277004;10.000112650231818;0.8334873794743487;1.096945014968914;1.0970512558515721;0.7606973411322768;-0.12327795814208987;0.7705986251105853
35.186929;1.092973781050465;0.8334008766752096;0.7624625336516317;0.12061215959359321;0.1103539769792588;1.0959984271675398;10.000122955626093;0.8334928982837957;1.096947119929842;1.097050092135723;0.7606946137444042;-0.12328395959347029;0.7705983179057638
35.196929;1.092969595076375;0.8334009420886515;0.762461586084254;0.12061781956105337;0.1103593086044969;1.0960037606539228;10.000132982830527;0.8334984738268356;1.0969491439886814;1.0970489230973726;0.760691810029068;-0.12328996107267542;0.7705980271676967
35.206929;1.0929647437843144;0.8334002037144511;0.7624605643522897;0.12062436755863741;0.11036551224376925;1.096008155443353;10.000142649170044;0.8335040905988655;1.0969510738173587;1.0970477553589364;0.7606889317384763;-0.12329496257592586;0.7705975989230862
35.216929;1.0929608726309026;0.8334000820784845;0.7624596247020915;0.12063082092774047;0.1103715227176469;1.0960136061964498;10.000151895467878;0.8335097325546837;1.0969528973223095;1.097046594861497;0.7606859837092584;-0.1233009640998797;0.7705973582603863
35.226929;1.0929570306335459;0.8333998185082514;0.7624587390184829;0.12063728981149768;0.11037753684675787;1.0960191078446755;10.000160691716822;0.8335153827137717;1.096954603436343;1.097045446016586;0.7606839728295319;-0.12330596564161353;0.7705979765782467
35.236929;1.0929519808465578;0.8333985425790736;0.7624579723598759;0.12064312169386852;0.11038308229756709;1.0960236546626454;10.000169030060924;0.8335210238471229;1.0969561825777627;1.0970443117505864;0.76068090629289;-0.1233119671983579;0.7705978033468484
35.246929;1.0929482110748434;0.8333980014470658;0.7624571813919159;0.12064962164712671;0.1103891016876664;1.0960292400327853;10.000176914278612;0.8335266398718055;1.096957627428002;1.09704319321921;0.7606777901289516;-0.12331696876719958;0.770597508828261
35.256929;1.0929444822375076;0.833397325819258;0.7624564260592777;0.12065613718367603;0.11039512273146108;1.0960338576400463;10.0001843556142;0.8335322166348385;1.096958933737236;1.0970420901727584;0.7606746288801555;-0.12332297034481186;0.7705974162086158
35.266929;1.0929398393122565;0.8333957584898629;0.7624556699048665;0.12066277852764691;0.1104013423060146;1.0960395006412755;10.000191367221477;0.8335377411825469;1.0969601001202645;1.097041002668477;0.7606714264517236;-0.12332897192730953;0.7705973679855888
35.276929;1.092935922218485;0.8333950651801947;0.7624553750641928;0.12066739880735904;0.11040562951364365;1.0960451582706139;10.000197952849975;0.8335432010518293;1.0969611254135998;1.0970399329772835;0.760669186694538;-0.12333397351033588;0.7705981924905267
35.286929;1.0929323433210376;0.8333940237603688;0.7624546850513595;0.12067396301460509;0.11041165047641627;1.096049814736576;10.000204103131484;0.8335485844311066;1.096962006012193;1.0970388872086783;0.7606659131748903;-0.12333997508960111;0.7705982350805317
35.296929;1.092927866352982;0.8333921151170688;0.7624539797603898;0.12068065453075959;0.11041786683809139;1.0960554519166301;10.00020980468852;0.8335538797637605;1.096962736215268;1.0970378762073163;0.760662609538311;-0.12334497666151278;0.7705981593234044
35.306929;1.0929244188062546;0.8333908750816917;0.7624533149497363;0.12068725362680006;0.11042388275026893;1.0960600522942892;10.000215050781442;0.8335590750857858;1.0969633111167727;1.0970369152269819;0.7606592803647046;-0.123350978223278;0.7705982789393205
35.316929;1.092919813102472;0.8333886788089258;0.7624527295451771;0.1206932179288099;0.11042942378800834;1.096065600009008;10.00021984274192;0.8335641583822817;1.0969637295139083;1.0970360225588325;0.7606559310583608;-0.12335597977255902;0.7705982656399221
35.326929;1.0929165490115227;0.8333872815572303;0.7624520859352023;0.12069985289986367;0.11043543296526699;1.0960700806156265;10.000224183273929;0.8335691185331476;1.0969639943187528;1.097035217346033;0.7606535676226753;-0.12336098130713175;0.7705992578984864
35.336929;1.092913397993573;0.8333861647360942;0.7624517652536348;0.12070534165516536;0.11044037271666773;1.0960754803782926;10.000228071208115;0.8335739456676464;1.0969641103688466;1.097034517106536;0.7606501972400953;-0.12336698282479168;0.7705994318648445
35.346929;1.0929094126810397;0.8333838880921564;0.7624511075826443;0.12071212344809046;0.1104465714024605;1.096079785540452;10.00023150093407;0.8335786303724027;1.0969640822364815;1.0970339358009624;0.7606468279160398;-0.12337198432318554;0.770599443129597
35.356929;1.092906522741952;0.8333834942769911;0.7624515487208894;0.12071915730943862;0.11045288206438002;1.0960849816369276;10.000234469196798;0.8335831627360565;1.0969639140150738;1.0970334827590302;0.7606434667657319;-0.12337798579936547;0.7705995996274515
35.366929;1.092902539070456;0.8333810265943543;0.7624509962838661;0.12072521257616887;0.1104584003810631;1.0960900533940476;10.000236990177491;0.833587532911816;1.0969636105664968;1.0970331624721819;0.7606401191795882;-0.12338298724969429;0.7705995690220001
35.376929;1.0928999577224425;0.8333794013580208;0.7624503799487702;0.12073193773321615;0.1104643832521893;1.0960939857762018;10.000239097689798;0.8335917325439732;1.0969631788289587;1.0970329757970256;0.7606377890281873;-0.12338898867038606;0.7706006476946075
35.386929;1.0928965868860285;0.8333773334831794;0.7624500564423692;0.12073762487594153;0.11046949044430229;1.096098764844499;10.000240827747984;0.8335957547170851;1.0969626277100053;1.0970329225859394;0.7606344780508422;-0.1233939900579609;0.770600531120168
35.396929;1.0928943525425519;0.8333756669515445;0.7624494570588505;0.12074438294461536;0.11047545801213078;1.096102377492388;10.000242213983265;0.8335995925811669;1.096961966076968;1.097033003817667;0.7606311846681222;-0.12339899140909304;0.770600357177414
35.406929;1.0928910621025842;0.8333731161218064;0.762448939022242;0.12075050466582761;0.1104809462432363;1.0961068113724475;10.000243298118495;0.8336032385581027;1.0969612013249066;1.097033221180939;0.7606279039859759;-0.1234049927203896;0.770600277995375
35.416929;1.092889211382845;0.833371430563184;0.762448367672317;0.12075729554324982;0.11048689821329066;1.096110055385897;10.000244118878678;0.8336066842359703;1.096960340091176;1.097033575085474;0.7606256292360205;-0.12340999398844839;0.7706009543821365
35.426929;1.0928875714909594;0.8333700852073331;0.7624481265142841;0.12076293838775129;0.11049177637407497;1.0961141001985721;10.000244687583443;0.8336099205854042;1.0969593892365297;1.0970340639646914;0.7606223530997805;-0.12341499520998006;0.7706005688693861
35.436929;1.0928851975781293;0.8333676327848026;0.7624475568880393;0.12076987206139214;0.11049790925892831;1.0961169392956693;10.0002449885285;0.8336129392677387;1.0969583562764553;1.0970346854337847;0.7606190680507553;-0.12342099638217141;0.770600267829889
35.446929;1.0928837397357674;0.8333658343088663;0.7624471260273247;0.12077594869213105;0.11050316664297577;1.0961205694320082;10.000244997366979;0.8336157342852609;1.0969572494601918;1.0970354376694755;0.7606157664305853;-0.12342599750304556;0.7705997319412424
35.456929;1.0928818611261741;0.833363728883272;0.7624468962325027;0.12078174775949665;0.1105082159035714;1.0961229893584457;10.000244689062242;0.8336183021202636;1.0969560768930788;1.097036319539299;0.7606134408009576;-0.12343099857138545;0.7706001100710382
35.466929;1.092881209942514;0.8333620438698093;0.7624463933455506;0.12078861530021763;0.11051412360536064;1.0961261989501685;10.000244033286656;0.8336206409528064;1.0969548458644722;1.0970373287051063;0.7606100846005561;-0.12343699958660576;0.7705995889758505
35.476929;1.0928798786885248;0.8333595976534584;0.762445877745285;0.12079560588638402;0.11052021849488615;1.0961281994526257;10.000242987026175;0.8336227505603949;1.0969535637883967;1.097038459387046;0.7606066931719137;-0.12344200054842214;0.7705988352681638
35.486929;1.0928795109202414;0.833358149249874;0.7624458218783644;0.12080057181556621;0.11052436960432671;1.0961299936328777;10.000241488770985;0.8336246326645521;1.096952239016717;1.097039702012848;0.7606042645936104;-0.1234470014561492;0.7705989968090451
35.496929;1.0928787600745018;0.8333557045843666;0.7624453475126779;0.12080758659165092;0.11053044006191924;1.0961325858360347;10.000239457874201;0.8336262909359512;1.0969508801895085;1.0970410441177423;0.760600799313927;-0.12345200230855494;0.7705981014758564
35.506929;1.092879262073076;0.833354364594626;0.7624452377502556;0.12081333751108012;0.11053523246297443;1.0961339813426578;10.000236800915633;0.8336277308886956;1.0969494954860692;1.0970424718095646;0.7605972993176973;-0.12345800310445013;0.7705972998122725
35.516929;1.0928790958417398;0.8333519156016985;0.7624448033081253;0.1208203724357545;0.11054127114573367;1.0961361849486293;10.000233428638383;0.833628960178183;1.0969480917832577;1.0970439716615819;0.7605937684633137;-0.12346300384314517;0.7705962753700277
35.526929;1.0928798905703678;0.8333504628087726;0.7624448227809987;0.12082537831788218;0.11054535858858958;1.0961372005523797;10.000229275007158;0.833629989031138;1.0969466729274566;1.0970455325660695;0.76059121294203;-0.12346800452463932;0.7705961801285803
35.536929;1.0928802858376003;0.8333480173477102;0.7624444095449017;0.12083242790445052;0.11055135748629856;1.0961390319564874;10.000224292720599;0.8336308300712161;1.096945238995193;1.0970471473921009;0.7605876405806845;-0.12347300514963894;0.7705950449003388
35.546929;1.092881906133555;0.8333463414993545;0.7624440262090502;0.12083937261131708;0.11055713617451865;1.0961396839044169;10.000218434982832;0.8336314973467276;1.096943787698156;1.0970488130561307;0.7605840602285029;-0.12347800571923388;0.7705938614265803
35.556929;1.092882822009538;0.8333442546185174;0.7624439245352882;0.12084526598659125;0.11056202241421896;1.096141163061167;10.000211659193406;0.8336320049505206;1.0969423150839281;1.097050528500759;0.7605814815432274;-0.12348400623471989;0.7705937817255031
35.566929;1.092883981322222;0.8333418308725555;0.7624434977483082;0.12085232609187609;0.11056794846787714;1.0961414775247782;10.000203937940297;0.8336323658945192;1.096940814766979;1.0970522927013027;0.7605779141226605;-0.12348900669799252;0.7705925170511048
35.576929;1.09288604774952;0.8333404096876834;0.7624434923967159;0.12085734993688352;0.11057191505730382;1.0961416345187607;10.000195246022654;0.8336325918756476;1.096939279543474;1.0970541041577888;0.7605743661280291;-0.12349400711187687;0.7705912222001865
35.586929;1.09288765446831;0.8333379980779071;0.7624430185793841;0.12086441080173592;0.11057778571032495;1.0961426390753526;10.000185551941113;0.833632694074282;1.0969377047233666;1.0970559617613855;0.7605718434635299;-0.12349900747984546;0.7705908918412419
35.596929;1.0928904191041324;0.8333367009584841;0.7624428507121708;0.12087019634743777;0.11058236437151615;1.0961424950938694;10.000174839301607;0.83363268396816;1.0969360883131205;1.097057865731043;0.7605683501654418;-0.12350400780526549;0.7705895582086784
35.606929;1.092892404016316;0.8333343088800863;0.7624422944803393;0.12087725497141293;0.11058817736887885;1.0961432069571622;10.000163119333685;0.8336325729076388;1.096934428810712;1.0970598167007077;0.7605648899514335;-0.12350900809059129;0.7705882138394702
35.616929;1.0928952228826214;0.8333329288115365;0.762442127573496;0.12088227438591029;0.11059202957654393;1.0961427799119974;10.000150417723031;0.8336323714224598;1.0969327243528932;1.0970618137332977;0.7605624681462868;-0.12351400833693202;0.7705878515026453
35.626929;1.0928975019931335;0.8333305709865976;0.7624414663580544;0.12088932815720944;0.1105977860312472;1.0961422196937918;10.00013676888831;0.8336320895008451;1.096930973260469;1.0970638537451238;0.760559092387913;-0.1235200085441921;0.7705866630007863
35.636929;1.0928998967141874;0.8333285774677079;0.7624410646599887;0.12089521417626246;0.1106024493283831;1.0961425326165013;10.000122220536326;0.8336317366337443;1.0969291746433505;1.097065932648864;0.7605557716985635;-0.1235250087117398;0.7705853192998882
35.646929;1.092903346619307;0.8333285308986765;0.7624417011317124;0.12090133118594637;0.11060720274556851;1.0961417258999133;10.000106829901913;0.8336313204922186;1.0969273289343506;1.097068047507837;0.7605535156531738;-0.12353000883920164;0.7705849719207719
35.656929;1.0929059135112202;0.8333262303335416;0.762440869468085;0.12090837601690063;0.11061287844223855;1.0961408080239101;10.000090662065704;0.8336308458148884;1.096925437881678;1.0970701984262616;0.7605503345457223;-0.12353500892696416;0.7705836519896793
35.666929;1.092909210411131;0.8333249412992018;0.7624404135095922;0.12091338099459692;0.11061659625887289;1.096140789222341;10.000073796034608;0.8336303157470215;1.0969235035270588;1.097072388103189;0.7605472393615469;-0.123540008976288;0.7705823533641012
35.676929;1.0929118625473162;0.8333226701980242;0.7624394460982256;0.1209204202803224;0.11062222146961027;1.0961396813881135;10.000056316950971;0.8336297341212334;1.0969215275495574;1.097074619755826;0.7605452403377948;-0.12354500898904537;0.7705820712418081
35.686929;1.0929145257056707;0.8333207585921489;0.7624387150680983;0.12092629199020662;0.11062675693864618;1.0961394972056517;10.000038294947192;0.8336291057257006;1.0969195120631006;1.0970768962775248;0.7605423448658701;-0.12355000896745162;0.7705808399886155
35.696929;1.0929181432401622;0.8333196268775618;0.7624379279728044;0.12093205104045564;0.11063107151362896;1.0961382487395683;10.000019782849622;0.8336284356645745;1.0969174606977703;1.097079220969819;0.7605395566697343;-0.12355500891400006;0.7705796531621771
35.706929;1.0929205012504335;0.8333172984891571;0.7624368052778185;0.12093831930038298;0.11063595722133905;1.096136944885855;10.000000840089067;0.8336277299318915;1.096915378664813;1.097081597990364;0.7605378764272175;-0.12356000883131266;0.7705795007431365
35.716929;1.0929240725616307;0.8333162097074203;0.7624358372768694;0.12094407336073101;0.11064022608879108;1.0961365888043137;9.99998155000491;0.8336269961848577;1.0969132720645998;1.0970840315749821;0.7605353028656626;-0.12356500872212083;0.7705784088685199
35.726929;1.0929266446976227;0.8333143878804741;0.7624347496573828;0.12094993515481149;0.11064466975718379;1.0961351781286617;9.999962007621798;0.8336262431279065;1.096911147687431;1.0970865244520809;0.7605328338932988;-0.12357000858924501;0.7705773639597013
35.736929;1.0929291668933854;0.8333122593167142;0.7624332583014083;0.12095695994424267;0.11065015634516163;1.0961337075309874;9.999942296718677;0.83362547893998;1.0969090137189712;1.0970890766940555;0.7605314667375255;-0.12357500843508969;0.7705773524278103
35.746929;1.0929325903329465;0.8333112824530807;0.7624320225753721;0.12096270891981792;0.11065435689620268;1.0961331708799933;9.999922482309836;0.8336247103350718;1.0969068799519837;1.0970916865740634;0.7605291968681867;-0.12358000826119371;0.770576399749255
35.756929;1.0929347063726098;0.8333094878716637;0.7624307680809684;0.1209678040085742;0.11065806287055456;1.0961315622345942;9.999902621316606;0.8336239427518477;1.096904756789146;1.0970943528386936;0.7605280173462396;-0.12358500806834492;0.7705764801476475
35.766929;1.092937031594022;0.8333075240046125;0.7624290141873835;0.1209748255942861;0.11066348062037296;1.0961298762905418;9.999882777447821;0.8336231804838451;1.096902654665326;1.0970970754645182;0.7605259193339686;-0.12359000785686514;0.7705756209691799
35.776929;1.0929402320716648;0.8333067410319337;0.762427515120494;0.12098057190337821;0.1106676124443112;1.0961281088587775;9.999863015531613;0.8336224261232131;1.0969005846665014;1.0970998543337689;0.7605238930305069;-0.1235950076266402;0.7705748130533248
35.786929;1.0929423801219034;0.8333052783048073;0.7624258984680211;0.12098642690167077;0.11067191919276778;1.0961272577519983;9.999843379000682;0.8336216801461154;1.0968985587795654;1.0971026883127493;0.7605229285462126;-0.12360000737705429;0.7705750492595524
35.796929;1.0929441424455753;0.8333037950282437;0.7624242896650997;0.12099151803989168;0.11067553453064786;1.0961253236857795;9.999823888118701;0.8336209414334353;1.09689658893017;1.0971055755774795;0.7605210163625327;-0.12360500710717982;0.770574361394377
35.806929;1.0929470343941772;0.8333029327896195;0.7624222086855207;0.12099842544134622;0.11068066520452183;1.096123310378296;9.999804556997395;0.8336202084176463;1.0968946858149016;1.097108513304264;0.760520147072716;-0.12360900681598512;0.7705745674513044
35.816929;1.0929488462584638;0.8333017446702511;0.7624203256108152;0.12100427646106676;0.11068490662139498;1.0961222238287467;9.999785400608676;0.8336194799757559;1.0968928577414285;1.0971114964159672;0.7605183110894218;-0.12361400650223829;0.7705740168329596
35.826929;1.092950534148375;0.833300648361022;0.7624183575214744;0.12101012620501747;0.11068912800138542;1.0961200715556971;9.999766438643125;0.8336187559431184;1.0968911090448237;1.097114517756724;0.7605164985635433;-0.12361900616467358;0.7705735376872758
35.836929;1.0929530601286872;0.8333004058196413;0.7624163377151942;0.12101586505162201;0.11069313319263993;1.096117862052413;9.999747702206546;0.8336180369497398;1.0968894398846805;1.0971175695320616;0.7605156991116743;-0.12362400580264023;0.77057411780843
35.846929;1.0929542286649785;0.8332993828066491;0.7624143116339039;0.12102094957978882;0.11069664978488339;1.0961156043988065;9.99972922506823;0.833617323007502;1.0968878485648226;1.0971206434611391;0.7605139019401932;-0.12362900541655653;0.7705737834776332
35.856929;1.092955570949309;0.8332985620116695;0.7624121213117265;0.12102679471625424;0.11070082024516958;1.0961143082268348;9.99971101856497;0.8336166125640854;1.096886334146507;1.0971237302746848;0.7605130964095999;-0.12363400500781242;0.7705745095012183
35.866929;1.0929577684918648;0.8332982508001767;0.7624095893236433;0.12103369208546798;0.11070584552320169;1.0961119839921933;9.999693050076694;0.833615903650225;1.0968848974805776;1.0971268206503828;0.7605112724765346;-0.12363900457843266;0.7705743231980482
35.876929;1.0929589080333453;0.8332976063460029;0.7624073023467945;0.12103953058296467;0.11070999102295895;1.0961096428845005;9.999675247987746;0.8336151952378207;1.096883540838042;1.0971299061539626;0.760509421195254;-0.12364300413098592;0.7705740531421242
35.886929;1.0929596697436026;0.8332969307772298;0.7624050884007901;0.12104460169269896;0.11071345758926754;1.0961072959864937;9.999657537346064;0.8336144873126373;1.0968822671563918;1.0971329784261699;0.7605085350285424;-0.12364800366858726;0.770575009655233
35.896929;1.0929606243180778;0.8332964374064592;0.7624027698063575;0.12105042972572012;0.11071758509116991;1.0961059534811466;9.99963987053033;0.8336137804996318;1.0968810798931112;1.097136028278891;0.7605066074529894;-0.12365300319443225;0.7705750598967126
35.906929;1.092962453602127;0.8332967756225892;0.7624004872118806;0.1210561416300815;0.11072150874506201;1.096103623929251;9.999622222736154;0.8336130754278256;1.0968799834764713;1.097139045212563;0.7605056326682098;-0.12365800271098418;0.7705761783188306
35.916929;1.0929632469978117;0.8332964191603338;0.7623981949719671;0.12106195589140831;0.11072562520830621;1.0961013134326176;9.9996045669687;0.83361237212261;1.09687898356601;1.0971420165053447;0.7605036063143004;-0.12366300221939416;0.7705763904454166
35.926929;1.0929639729210712;0.8332961316922453;0.7623959300786027;0.12106776200163961;0.11072973881820317;1.0960990260933428;9.999586853531042;0.8336116699582262;1.0968780870479709;1.0971449272891272;0.7605025263191784;-0.12366700171967834;0.7705775096812344
35.936929;1.0929653168707754;0.8332965684283412;0.7623938243506148;0.12107268704705705;0.11073298510570906;1.0960977653249937;9.999569006032596;0.8336109674351622;1.096877301864668;1.0971477619962215;0.7605003927607235;-0.12367200121166015;0.7705778836792437
35.946929;1.092965934071034;0.8332960812685191;0.7623913163425324;0.12107963993652426;0.11073816480060267;1.0960955339264757;9.999550932552712;0.8336102615377121;1.0968766360839404;1.097150506017742;0.7604992071428625;-0.1236770006958108;0.7705793279337464
35.956929;1.0929665054815707;0.8332960109273249;0.7623891647214168;0.12108541880486982;0.1107422819511495;1.0960933335787253;9.999532538791959;0.8336095476072474;1.0968760969459603;1.0971531470246565;0.7604969723988853;-0.12368200017336102;0.7705798711496568
35.966929;1.0929670368323139;0.8332971775388474;0.7623881223602694;0.1210915321965419;0.11074671861216424;1.096091165173198;9.999513739459996;0.8336088207184521;1.096875690999534;1.0971556749363054;0.7604946938062421;-0.12368599964598792;0.7705803417915076
35.976929;1.0929684955223908;0.8332980130654334;0.7623860856821153;0.12109718294919977;0.11075065019622378;1.096089029335452;9.999494474007314;0.8336080777817166;1.0968754248103625;1.0971580805826386;0.760493379039609;-0.12369099911538588;0.7705820478651274
35.986929;1.0929686894848913;0.833298046721502;0.762384156227155;0.12110217174266587;0.11075411917250051;1.0960879264584709;9.999474715635237;0.8336073177161174;1.0968753051465827;1.0971603545833737;0.7604910363848882;-0.12369599858286365;0.7705828524946303
35.996929;1.0929691512620163;0.8332982601903055;0.7623821621169993;0.12110791460561819;0.11075826782831918;1.0960858560128395;9.999454461631606;0.8336065391709416;1.0968753380176341;1.0971624868547385;0.7604896724597445;-0.12370099804932602;0.7705847254775954
36.006929;1.0929696009776693;0.8332985430957631;0.7623801937322059;0.12111364953577716;0.11076242854769829;1.0960838159438475;9.999433726052917;0.8336057383978795;1.0968755280031974;1.0971644666816098;0.7604872912738304;-0.12370499751548486;0.770585526168515
36.016929;1.0929700366291049;0.8332988924570277;0.7623782449307982;0.12111937729697646;0.11076660242622284;1.0960818035926858;9.99941254686357;0.8336049088959093;1.0968758789093933;1.0971662843028598;0.7604858945725494;-0.12370999698170544;0.77058754195298
36.026929;1.092971409937516;0.8333000658203821;0.762376339443695;0.12112498912350261;0.11077059274105365;1.0960798163521135;9.999390982672548;0.8336040422410697;1.0968763934087677;1.097167933722624;0.7604834821478067;-0.12371499644785355;0.7705886279506063
36.036929;1.0929715081800184;0.8333004224641933;0.7623745134304091;0.12112994227276001;0.11077412590313956;1.096078849866722;9.99936909179198;0.8336031294319719;1.096877070918934;1.09716941357611;0.7604820528132028;-0.12371899591375148;0.7705905839559162
36.046929;1.0929718433335758;0.8333009376883456;0.7623725989103859;0.12113565283372436;0.11077834285261652;1.0960768962967593;9.999346915662196;0.8336021619106544;1.0968779067642316;1.0971707246385396;0.7604796066565315;-0.12372399537953922;0.770591740876076
36.056929;1.0929721182547116;0.8333014941755416;0.7623706926367617;0.12114135838330901;0.11078257500011261;1.0960749458519687;9.99932447674011;0.8336011314690007;1.0968788939150358;1.0971718669765584;0.7604781463461678;-0.12372799484533926;0.7705937353649379
36.066929;1.0929723180920552;0.8333020825230146;0.7623687960353343;0.12114705871482113;0.11078682280199503;1.0960729892140237;9.999301782141647;0.8336000298844721;1.096880025295248;1.0971728394107432;0.7604756759995306;-0.1237329943109031;0.7705948996473928
36.076929;1.092973104312511;0.8333036887425079;0.7623673522251003;0.12115071627497592;0.11078915459223258;1.0960710165350396;9.999278828086823;0.833598849452132;1.096881294454876;1.0971736413559336;0.7604741991495475;-0.12373799377591341;0.7705970329603876
36.086929;1.0929731129330176;0.8333043065730135;0.762365483281689;0.12115640410422511;0.11079343514664336;1.0960690153829196;9.999255609454412;0.8335975842605644;1.096882694012621;1.0971742750564297;0.7604717181227916;-0.12374199324070077;0.7705979866210783
36.096929;1.092973011397821;0.8333049190479961;0.7623636330233374;0.1211620842473396;0.11079773315938006;1.0960679723729312;9.999232132818358;0.833596231385603;1.0968842139102293;1.0971747455534506;0.7604702345885526;-0.12374699270668463;0.7706000422086615
36.106929;1.09297279348353;0.8333055133098727;0.7623618060552707;0.12116775573900257;0.11080204973664538;1.0960658765573015;9.99920842659585;0.8335947911194027;1.096885842068001;1.0971750590041276;0.7604677493485649;-0.12375099217616872;0.7706008912706263
36.116929;1.0929724547885566;0.8333060789408715;0.7623600090903457;0.12117341771884124;0.11080638600852528;1.0960637204787111;9.999184543039652;0.8335932659673706;1.096887566692964;1.0971752222566336;0.7604662613474312;-0.1237559916517801;0.7706028163742953
36.126929;1.0929726694475805;0.8333072610972768;0.7623583765713502;0.12117819740496767;0.11080987644929015;1.0960614992897917;9.999160548093089;0.8335916595660077;1.096889377149635;1.097175243253128;0.7604637670689823;-0.1237609911361424;0.7706036706773634
36.136929;1.0929720857961878;0.83330774816186;0.7623566655002625;0.12118383884241611;0.11081425459280736;1.0960592101486422;9.999136503519928;0.8335899766111269;1.0968912628018928;1.097175129712642;0.7604622611461305;-0.12376499063216292;0.7706052560510309
36.146929;1.0929713802583432;0.833308189463876;0.7623550099158429;0.12118947024562873;0.11081865444936045;1.096056852018875;9.999112450147726;0.8335882232762206;1.096893212490086;1.0971748874990137;0.7604597382408057;-0.1237699901435052;0.7706059094142355
36.156929;1.0929705515958772;0.8333089254776235;0.7623537308280698;0.12119392760633954;0.11082201075394474;1.096054425297559;9.999088402810676;0.8335864070719221;1.0968952151253435;1.097174520892896;0.760458194575228;-0.12377398967433284;0.7706072747417229
36.166929;1.0929695978670604;0.833309265245182;0.7623522034025154;0.12119954153513327;0.11082645524967226;1.096051931282097;9.999064362781885;0.8335845357989264;1.0968972592442956;1.097174032886085;0.7604556278015803;-0.12377898922847398;0.7706076914825823
36.176929;1.0929682357033768;0.8333094399291828;0.7623508416763782;0.12120438545542249;0.11083025369421419;1.0960503711971528;9.999040334366766;0.8335826165968688;1.0968993324085716;1.0971734245877809;0.7604540358176368;-0.12378298880890282;0.7706088045941225
36.186929;1.092967034009829;0.8333096656403796;0.7623494526632393;0.12120998509392063;0.11083474423393348;1.0960477456305058;9.99901633093739;0.8335806559833941;1.0969014224883988;1.0971726952630048;0.7604514162230984;-0.12378798841762582;0.7706089546007443
36.196929;1.092966674199351;0.8333105932104832;0.7623481640061631;0.12121546857553747;0.11083906029252034;1.0960450555976207;9.998992377704427;0.8335786598158859;1.0969035192601007;1.097171843128031;0.7604497677737672;-0.12379198805577436;0.7706097898934386
36.206929;1.0929652449857155;0.8333110407511222;0.7623472338493685;0.12121989002302848;0.11084253069762176;1.0960423042698901;9.9989685162188;0.8335766327252873;1.096905614334509;1.0971708661758675;0.760447092887153;-0.1237969877239444;0.7706096566056324
36.216929;1.0929637129933696;0.83331108545354;0.7623460615065556;0.12122546921659778;0.11084708893329076;1.0960394975656456;9.99894479629667;0.8335745779352913;1.0969077000737726;1.0971697620916363;0.7604453984675092;-0.12380098742254127;0.7706102089372706
36.226929;1.0929618020147127;0.8333109659941601;0.7623450578734651;0.12123027794151121;0.11085100006231983;1.0960366428193482;9.998921257071531;0.8335724974316605;1.0969097687483458;1.0971685268872762;0.760443693752949;-0.12380598715206462;0.7706107847031394
36.236929;1.0929600828629746;0.8333109064687556;0.7623440281427789;0.12123584038806395;0.11085560163348555;1.0960337464928804;9.998897914109326;0.8335703923914252;1.0969118126593531;1.0971671545115032;0.7604409874725542;-0.12380998691345622;0.7706100802012654
36.246929;1.0929582743606407;0.8333111465423759;0.7623433852442725;0.12124022818839986;0.11085915851909899;1.0960308128703815;9.998874755434098;0.8335682639896373;1.0969138255154316;1.0971656390900155;0.7604392873260718;-0.12381498670804658;0.7706103968291171
36.256929;1.0929563760653855;0.8333110040417595;0.7623425030836924;0.12124577049413116;0.11086380142259543;1.0960278449443306;9.998851742273496;0.8335661140451521;1.0969158040103044;1.09716397729605;0.7604366011459546;-0.1238189865369959;0.7706094457712759
36.266929;1.0929543865073956;0.8333108276092882;0.7623417011371728;0.12125130238787125;0.11086846379320028;1.096024846705;9.998828809192718;0.8335639455708075;1.0969177478508865;1.097162168405446;0.7604349374290654;-0.12382298640114743;0.7706093677442233
36.276929;1.0929520221843658;0.8333105116737567;0.7623410826381944;0.12125606130962144;0.11087247543702201;1.096021823798623;9.998805865871699;0.8335617636772092;1.0969196579145726;1.097160213025561;0.7604323045729195;-0.12382798630139898;0.7706083548584679
36.286929;1.0929508106262324;0.8333113850617263;0.7623408015248169;0.12126029792437919;0.11087590965728755;1.0960187815271216;9.99878281004298;0.8335595758487897;1.0969215338809861;1.097158111596909;0.7604307093928891;-0.12383198623871597;0.7706080651154299
36.296929;1.0929485559727048;0.8333111296314787;0.7623402719904987;0.12126579751527376;0.11088062208264127;1.0960157230935248;9.998759540371504;0.8335573908922511;1.0969233730333394;1.097155862794029;0.760428156138691;-0.12383698621376965;0.7706068518438358
36.306929;1.092946224163372;0.8333120219138752;0.7623409040100069;0.12127162856197557;0.11088566246515248;1.0960136496629558;9.998735956269693;0.8335552180342428;1.0969251709724432;1.097153463418218;0.7604266465177678;-0.12384098622665035;0.7706063736103782
36.316929;1.0929438210692106;0.8333120822418598;0.7623408799159229;0.12127593730804015;0.11088933448656897;1.0960105609354778;9.998711961079945;0.8335530668895695;1.0969269232865346;1.0971509100828263;0.7604251802915278;-0.12384498627672358;0.7706058096065813
36.326929;1.0929410692458619;0.8333116847079007;0.7623407306797849;0.12128063303247875;0.11089341366744619;1.096007455541857;9.99868747500653;0.8335509474089338;1.0969286266420604;1.0971482001377293;0.7604227565973517;-0.12384998636273416;0.7706043379507264
36.336929;1.092938542795444;0.8333113978310978;0.7623405703555253;0.12128607437783856;0.11089817107991128;1.0960043318018073;9.998662437712;0.8335488691706894;1.096930278769205;1.0971453313547188;0.7604213751335428;-0.1238539864830656;0.7706036147836988
36.346929;1.0929359683619035;0.8333114621762248;0.7623408023471722;0.12129033250565145;0.11090187119960315;1.096001188767718;9.998636798412294;0.8335468401253386;1.0969318775244212;1.09714230255553;0.760419035656524;-0.12385798663589007;0.7706018301912407
36.356929;1.0929333548887898;0.8333111972496123;0.7623407877233705;0.12129573625365767;0.11090664470796877;1.0959980266853735;9.998610511487266;0.8335448662518186;1.0969334199284853;1.0971391159324468;0.7604177372552473;-0.12386298681919904;0.7706011208118142
36.366929;1.0929307106493082;0.8333109548790806;0.7623408307865254;0.12130112015949651;0.11091142558151593;1.0959948465047213;9.998583542960318;0.8335429526742995;1.0969349027161754;1.097135778725892;0.7604164789782248;-0.12386698703072392;0.7706001770051369
36.376929;1.092928045145953;0.8333110873404048;0.7623412361246902;0.12130531888350247;0.11091514802510913;1.0959916492835715;9.998555875820621;0.8335411047509647;1.0969363236811263;1.0971323023438364;0.7604142601846713;-0.12387098726789661;0.7705981691794722
36.386929;1.0929250866577138;0.8333108056155761;0.7623414628093694;0.12130989931570864;0.11091927438950462;1.0959884370659114;9.998527503438114;0.8335393285457499;1.0969376816060585;1.0971287007532629;0.7604130803467889;-0.12387598752810357;0.7705972288145344
36.396929;1.0929224135626927;0.8333110228439834;0.7623419369249539;0.12131405703318059;0.11092301108641539;1.0959852144034923;9.998498417056785;0.833537630794594;1.0969389755375076;1.097124989533964;0.7604109403041008;-0.12387998780909215;0.7705950578984397
36.406929;1.0929197546043432;0.8333109474056143;0.762342119283774;0.12131935957208373;0.11092782043044438;1.095981987743595;9.998468599619285;0.8335360180723643;1.0969402050344668;1.097121184197706;0.7604098441077126;-0.12388398810915939;0.7705937884618108
36.416929;1.09291712018759;0.8333112717300747;0.7623426318343467;0.12132347774651925;0.11093157125116676;1.0959787637128189;9.998438030920399;0.8335344956771953;1.096941370374753;1.097117298019055;0.7604077984840404;-0.12388898842685933;0.7705916033532232
36.426929;1.0929145187581923;0.8333113140983401;0.7623428390803063;0.12132874198463049;0.11093639538566531;1.0959755487399614;9.998406701293618;0.8335330672052607;1.096942471228636;1.097113342192332;0.7604068102739076;-0.12389298876050088;0.7705901494691888
36.436929;1.0929116734855049;0.8333113164039165;0.7623431472898827;0.12133322555482022;0.11094055890339571;1.095972349681907;9.998374620507333;0.8335317347318876;1.0969435050762169;1.0971093287955629;0.7604058847323557;-0.12389698910816366;0.7705885940800464
36.446929;1.0929091545005134;0.8333118495092201;0.7623436708067953;0.12133728961620632;0.11094433461059579;1.0959691752369622;9.998341809894113;0.8335304994417461;1.0969444682154432;1.0971052728990522;0.7604040255138503;-0.12390098946822173;0.7705859433643071
36.456929;1.092906681121301;0.8333121243019882;0.762343871585737;0.1213425022602211;0.11094918559220172;1.0959660365605477;9.998308287317576;0.8335293628833114;1.0969453580330506;1.0971011915364666;0.7604032355788691;-0.12390598983951856;0.7705843257226452
36.466929;1.092904255441127;0.833312834172011;0.7623443711999812;0.12134653467079871;0.1109529812545046;1.0959629448325041;9.998274065770211;0.8335283276245371;1.0969461730586707;1.0970971013116548;0.7604025182754851;-0.12390999022096282;0.7705824272377927
36.476929;1.092901880002807;0.8333132945523518;0.7623445332560526;0.1213517176411996;0.11095785370026202;1.0959599088293233;9.998239159555629;0.8335273965975009;1.0969469119211703;1.0970930166344208;0.7604008771569103;-0.12391399061131671;0.7705794179919824
36.486929;1.092899274316857;0.8333140842733252;0.7623450777312369;0.12135495996489043;0.11096100340398096;1.0959569353902516;9.998203578274731;0.833526571688911;1.0969475735446703;1.0970889490550977;0.760400314483947;-0.12391799100951166;0.7705772697324594
36.496929;1.092897006922268;0.8333147324224475;0.7623451749733786;0.12136011797888334;0.11096590018572827;1.095954029615226;9.998167317602372;0.8335258519236026;1.0969481586052052;1.0970849073682514;0.7603988303658642;-0.12392199141482953;0.7705740085517381
36.506929;1.0928947975511358;0.8333158120277756;0.7623455455088989;0.12136410086978465;0.11096974449013947;1.0959511935424557;9.998130357578972;0.8335252326701595;1.096948671609004;1.0970808984029792;0.7603984228275087;-0.123926991826655;0.770571772348947
36.516929;1.092892649543727;0.8333166275153442;0.7623455541827281;0.12136924039685304;0.1109746683821968;1.0959474265260216;9.9980926649151;0.8335247063713759;1.0969491215112077;1.0970769287905202;0.760398087918077;-0.12393099224412513;0.7705692577146349
36.526929;1.0928905666238555;0.8333178566617672;0.7623458234363172;0.12137320918014838;0.11097854117051598;1.0959447273189897;9.998054206278319;0.833524263385185;1.0969495193035959;1.0970730062040688;0.7603968203206577;-0.12393499266586919;0.7705656442430214
36.536929;1.0928882698520563;0.8333190354527442;0.7623461293356291;0.12137641225875487;0.11098176004346141;1.0959420949401297;9.998014970408047;0.8335238924929858;1.0969498751120448;1.0970691382281212;0.7603966142895366;-0.12393899308988318;0.7705629104452603
36.546929;1.0928863297378928;0.8333200280812577;0.7623459560549962;0.1213815424343936;0.11098672858330291;1.095939527894239;9.997974973139787;0.8335235813866487;1.0969501982448613;1.0970653305690916;0.7603964639408491;-0.12394299351372669;0.7705600718496959
36.556929;1.0928844675102651;0.8333214041783232;0.7623460238726959;0.12138550948999101;0.11099064645188522;1.0959370237425134;9.997934236127792;0.8335233176803069;1.0969504994402737;1.0970615874694434;0.7603953637951226;-0.12394699393491942;0.7705561427380584
36.566929;1.0928826873941686;0.833322470624172;0.7623456976446251;0.12139064479018537;0.1109956446893614;1.0959345804036214;9.997892770115095;0.8335230902378016;1.096950791378677;1.097057913509751;0.7603953099428803;-0.12395099435098633;0.7705530996158125
36.576929;1.092880995019234;0.8333239123139565;0.7623456002169324;0.12139461945259954;0.11099959138972305;1.0959321982107728;9.997850585239524;0.833522889284876;1.096951086415618;1.0970543140040097;0.7603953001365064;-0.12395599475907669;0.7705501221219643
36.586929;1.092879399127347;0.8333250405143786;0.7623450966412119;0.12139976371016248;0.1110046171205431;1.0959298807183846;9.997807704773006;0.8335227056725555;1.0969513946926244;1.0970507939036376;0.7603943326819822;-0.12395999515567498;0.7705459094231489
36.596929;1.0928776282701471;0.8333264330314152;0.7623449077987677;0.12140298515536745;0.11100792088555647;1.0959276335853172;9.997764159457843;0.8335225311983719;1.0969517242061428;1.0970473570170314;0.760394405371094;-0.1239639955368533;0.7705426044979549
36.606929;1.0928762613660907;0.8333279652933813;0.7623445193794741;0.12140697375567118;0.11101190559325366;1.0959254630574746;9.997719977298393;0.8335223597147894;1.0969520815375675;1.0970440064127855;0.7603945150637005;-0.12396799589903311;0.7705392280891826
36.616929;1.0928750276465986;0.8333291873173034;0.7623437105399997;0.12141213161848369;0.11101696786315166;1.0959233761712441;9.997675184016858;0.8335221874706773;1.0969524725748079;1.0970407458975162;0.7603936583805878;-0.12397199623953918;0.770534800787141
36.626929;1.0928739374471823;0.8333307929954232;0.762343108325701;0.12141612861730444;0.11102097639632627;1.0959213822386427;9.997629810022575;0.8335220122537491;1.0969529034869623;1.0970375809221673;0.7603938327377816;-0.12397599655641128;0.770531304235073
36.636929;1.092872999151392;0.8333324469007253;0.7623423982455384;0.12142012927964962;0.11102499685969826;1.0959194930586127;9.997583897955199;0.8335218319118686;1.096953381054533;1.0970345171321718;0.7603940360366551;-0.12397999684792657;0.7705277596349871
36.646929;1.0928719367511361;0.8333337038693538;0.7623413653382001;0.12142453549430908;0.11102942580943521;1.0959167209085245;9.997537508348403;0.8335216434697202;1.0969539114667541;1.0970315580798076;0.760393265424144;-0.12398399711238722;0.7705231887091516
36.656929;1.0928713209475809;0.8333354759902832;0.7623404480630374;0.12142854226569957;0.11103346906354963;1.0959150758437772;9.997490721143262;0.8335214435357817;1.0969544994207976;1.0970287046879659;0.7603935170195464;-0.12398799734808459;0.7705195745835652
36.666929;1.0928708693636695;0.8333373150587852;0.76233943549411;0.12143255177246903;0.11103752258383366;1.0959135645846105;9.997443627498434;0.8335212288167837;1.0969551482563011;1.0970259562728242;0.7603937869353797;-0.12399199755333079;0.7705159402480677
36.676929;1.0928696205192496;0.8333392845478266;0.7623390569749127;0.12143818207087559;0.11104316306118596;1.0959121922812407;9.997396315611537;0.83352099565407;1.096955859000263;1.0970233117455004;0.7603930721335158;-0.12399599772670887;0.7705113092113676
36.686929;1.0928694899285638;0.8333412719705172;0.7623378746294305;0.1214421973924815;0.11104723456690715;1.0959109656476471;9.99734886403146;0.833520739541223;1.0969566294205495;1.0970207709510853;0.7603933698653775;-0.1239999978673539;0.7705076653583688
36.696929;1.0928695171956304;0.8333433385584043;0.7623366174131434;0.12144621582486194;0.11105131388205042;1.0959098938530636;9.997301345352875;0.8335204558929896;1.0969574559435602;1.0970183361515664;0.7603936762155449;-0.12400399797496686;0.7705040299480381
36.706929;1.0928694186503078;0.8333453750207818;0.7623353886404259;0.12144947472837901;0.11105473138215476;1.0959089864680733;9.997253830225068;0.8335201415114163;1.0969583364228237;1.0970160118928818;0.7603929853800548;-0.12400799804966381;0.770499421771892
36.716929;1.0928697588548857;0.8333472536308121;0.7623336841099446;0.12145466412127587;0.11105988980582482;1.0959082519859045;9.997206384504556;0.8335197945572212;1.096959270525372;1.0970138029424183;0.7603932904496923;-0.12401199809180777;0.7704958187271186
36.726929;1.0928702517184086;0.8333495486662927;0.7623322348266632;0.12145869126011183;0.1110639884611742;1.0959076985884184;9.997159069961416;0.8335194124864882;1.0969602588882235;1.0970117126481027;0.7603935851875151;-0.12401599810176708;0.7704922376251201
36.736929;1.0928708923662727;0.8333519105345668;0.7623307296877674;0.12146272057370697;0.11106809271625488;1.0959063348148714;9.997111954317853;0.83351899105065;1.0969613026187894;1.0970097426092071;0.7603928655197308;-0.12401999807964355;0.7704876961484675
36.746929;1.0928716736791897;0.8333543311461807;0.7623291706996365;0.12146675125838349;0.11107220236067498;1.0959061682394462;9.99706511718774;0.8335185263970816;1.0969624022656177;1.0970078931747758;0.7603931295286666;-0.12402399802517848;0.7704841742435528
36.756929;1.0928725872059166;0.8333564564832981;0.7623272450565618;0.12147194729751672;0.11107738280284783;1.0959062033351585;9.997018652262327;0.8335180176911975;1.0969635565836628;1.0970061639729791;0.7603933766927157;-0.12402799793772934;0.7704806921074714
36.766929;1.092872383218427;0.8333580903482557;0.7623256534270935;0.12147532432791422;0.11108103082393991;1.0959064403356586;9.99697267633386;0.8335174672078831;1.0969647628854058;1.0970045537343194;0.7603936078453758;-0.12403199781621863;0.770477257070897
36.776929;1.0928735400348935;0.8333606188748168;0.7623239485903083;0.12147935301639472;0.11108515451719918;1.0959068753307823;9.996927335779441;0.8335168782139999;1.0969660194027484;1.097003060640802;0.7603928251458352;-0.1240359976595037;0.7704728887981362
36.786929;1.0928748094536955;0.8333631557212354;0.7623222053740163;0.12148337910277393;0.11108928182173561;1.0959075015214914;9.99688279835421;0.8335162531254663;1.0969673280251167;1.0970016834931164;0.7603930310783792;-0.12403999746713752;0.7704695663373201
36.796929;1.0928761841561883;0.8333653435675209;0.7623201169312807;0.12148856714928447;0.11109447763036225;1.0959073106286015;9.996839232895915;0.8335155938148333;1.0969686954044569;1.0970004214484588;0.7603932269844244;-0.12404399723974402;0.7704663066120294
36.806929;1.092877656104128;0.8333678584372978;0.7623183213854371;0.12149258739433154;0.11109860947258589;1.0959082932552429;9.996796785205436;0.8335149034838504;1.0969701318948526;1.0969992723267876;0.760392411741779;-0.12404799697882248;0.7704621265897509
36.816929;1.092878933813652;0.8333702380882804;0.76231661159931;0.12149584282949108;0.11110207267227878;1.0959094393302766;9.996755564004529;0.8335141877258982;1.0969716486435548;1.096998232114812;0.7603925815655912;-0.12405199668631202;0.7704590045684226
36.826929;1.092880574002488;0.8333726940520397;0.7623148021314993;0.12149985957947321;0.11110620313792184;1.0959107394951935;9.996715647046395;0.8335134540198195;1.0969732548735092;1.0969972959025724;0.7603927315720147;-0.1240559963640802;0.7704559573332933
36.836929;1.0928822835297338;0.8333751119961;0.7623129987079821;0.12150387593227441;0.11111033036014749;1.0959121863734247;9.996677101401172;0.8335127111218363;1.0969749581054595;1.0969964590313406;0.7603928573487597;-0.12405999601373893;0.7704529867163863
36.846929;1.0928830930410567;0.8333767246062114;0.7623111784880467;0.12150800175260536;0.11111465056715294;1.095913774873507;9.996640005334038;0.8335119688104082;1.0969767653888547;1.0969957181234913;0.7603919550388286;-0.12406399563708265;0.7704491059236482
36.856929;1.0928849100285845;0.8333790529479871;0.7623094029077101;0.12151201916781164;0.1111187686460168;1.0959145020729872;9.996604456785235;0.8335112377575571;1.0969786818848906;1.0969950696717263;0.7603920211863839;-0.12406699523654367;0.7704461279398859
36.866929;1.092886763830449;0.8333809885760384;0.7623073317205132;0.12151720258185547;0.11112394793746486;1.0959163674031398;9.996570559783644;0.8335105298523809;1.0969807084553125;1.0969945062848032;0.7603920528451159;-0.12407099481513316;0.7704433895326938
36.876929;1.0928883597795582;0.8333831102715603;0.7623056935389902;0.12152045964788075;0.1111273887264276;1.0959183723726336;9.996538405250332;0.833509858259947;1.096982841795525;1.096994016237481;0.7603920470693329;-0.12407499437608654;0.7704407330605462
36.886929;1.0928902530167446;0.8333852941631725;0.7623039794546664;0.12152448096728548;0.11113149458426184;1.09592051915043;9.996508062890198;0.8335092366777128;1.0969850766848857;1.0969935871547833;0.7603910005382765;-0.12407899392247823;0.7704371760211083
36.896929;1.092892150133895;0.8333874332541762;0.7623022867530128;0.12152850457494922;0.11113559676101425;1.0959228091182378;9.996479573713604;0.8335086787968312;1.0969874076753117;1.0969932082556884;0.7603909101355254;-0.12408299345701694;0.7704346962116334
36.906929;1.092893082018849;0.833388767410927;0.7623005862915534;0.1215326402627607;0.11113989275246276;1.0959242425035587;9.99645294323544;0.8335081982040301;1.0969898290384836;1.0969928694416067;0.7603907734246961;-0.12408699298226832;0.7704323081912613
36.916929;1.0928949584211158;0.8333908241902164;0.7622989352418168;0.12153667032309587;0.11114398792257782;1.0959268184914184;9.996428148076214;0.8335078077025346;1.0969923346091628;1.096992560464903;0.760390588079932;-0.12408999250112408;0.7704298495209978
36.926929;1.0928968147050337;0.833392842567908;0.7622973048393137;0.12154070443856246;0.11114807951596847;1.0959295347795415;9.996405146367403;0.8335075179982567;1.0969949190480908;1.096992271446997;0.7603893510210328;-0.12409399201689052;0.7704266528356388
36.936929;1.0928983648420987;0.8333947134484472;0.7622957932296835;0.12154398044661431;0.11115149836499948;1.0959323874108569;9.996383884684445;0.8335073368248261;1.0969975787661779;1.0969919933757892;0.7603890584066547;-0.12409799153279752;0.7704245294131277
36.946929;1.0929001736675361;0.8333966536078307;0.7622942057106353;0.12154802383378611;0.1111555816216055;1.0959343725717208;9.996364303745368;0.8335072689653753;1.0970003113653448;1.0969917189269156;0.7603887061573444;-0.12410199105150081;0.770422492626379
36.956929;1.0929010002253656;0.8333977893798216;0.7622926103676041;0.12155218117510529;0.11115985739767818;1.0959374890051887;9.99634633844371;0.8335073167682695;1.0970031148718375;1.0969914439371333;0.7603882899908491;-0.12410599057500896;0.7704205437605844
36.966929;1.092902766759868;0.8333996442771635;0.7622910632825302;0.12155623399221113;0.11116393082022825;1.0959407378774717;9.996329915153808;0.8335074811919697;1.0970059870782778;1.0969911674332806;0.7603868050373694;-0.12410899010485064;0.7704175363221379
36.976929;1.0929045195887386;0.8334014535349098;0.7622895336002126;0.12156029085179476;0.11116799959884621;1.0959441208603333;9.99631495258095;0.8335077632932164;1.0970089249173616;1.0969908896701814;0.7603862455915805;-0.12411298964224587;0.770415768370537
36.986929;1.092906263682743;0.8334032131682049;0.7622880182863472;0.1215643510245377;0.11117206456757209;1.0959476399469728;9.996301363268733;0.8335081649041542;1.0970119237969111;1.0969906104958012;0.7603856051203588;-0.12411698918834452;0.7704140940661346
36.996929;1.0929077202595947;0.8334048078551147;0.7622866110114928;0.1215676512211833;0.11117545807579166;1.0959502989352599;9.996289049591079;0.833508688203389;1.0970149769585864;1.096990329141276;0.7603848763285624;-0.12412098874461103;0.7704125150435708
37.006929;1.0929084994442606;0.8334056855471933;0.7622850836672559;0.12157182525564064;0.1111797163160053;1.0959541036406923;9.996277894029195;0.8335093357507835;1.0970180763948374;1.0969900440576927;0.7603830513627814;-0.12412398831293474;0.770409884027811
37.016929;1.0929102371054302;0.8334072538699412;0.7622835868965606;0.12157589201729152;0.11118377693093728;1.09595806052346;9.996267755817227;0.8335101115458966;1.0970212145340243;1.096989752416737;0.7603821226397991;-0.12412798789520874;0.7704084970241453
37.026929;1.0929119730565902;0.8334087410325988;0.7622820871580576;0.12157996040633048;0.11118783837727728;1.095962175740665;9.996258486105756;0.8335110211850418;1.0970243837787987;1.096989450250635;0.7603810840572733;-0.12413198749304558;0.7704072046714803
37.036929;1.0929137078677948;0.8334101378126773;0.7622805803977005;0.12158403030148915;0.11119190170988001;1.0959654551627502;9.996249952713569;0.8335120701390236;1.09702757536573;1.0969891330624861;0.760379931463375;-0.12413598710806947;0.770406004665762
37.046929;1.0929144871079282;0.833410673312896;0.7622790352092993;0.12158821072947923;0.11119616525704605;1.09596990388901;9.996242053233766;0.8335132624838805;1.0970307800992667;1.0969887966941458;0.7603786620597351;-0.12413898674229445;0.770404733236891
37.056929;1.0929159545451077;0.833411756329173;0.7622776049504205;0.12159152087895678;0.11119956641675177;1.0959745244759582;9.99623471020444;0.8335146009805168;1.097033988927773;1.096988438239096;0.7603762737970984;-0.12414298639801156;0.7704027224093929
37.066929;1.0929177272380275;0.8334128354256088;0.7622760642961534;0.12159559499945087;0.11120364106168391;1.0959783161857737;9.99622786111725;0.8335160864714541;1.0970371925262392;1.0969880559281195;0.7603747652265934;-0.12414698607735365;0.7704017799203987
37.076929;1.0929195316116498;0.8334149605349466;0.7622755761166065;0.1216000144008569;0.11120803592827262;1.0959832771823803;9.996221454703143;0.8335177169216722;1.097040382554026;1.0969876482523333;0.7603731355377085;-0.12414998578207817;0.7704007515326288
37.086929;1.0929204176054683;0.8334150351186115;0.7622739809177039;0.1216042010991517;0.11121232051783818;1.0959884068628054;9.996215450275148;0.8335194879750513;1.0970435545645567;1.0969872144061;0.7603713850716665;-0.12415398551365583;0.7703999539968225
37.096929;1.0929223134925041;0.8334157466059141;0.76227240337823;0.12160828156998708;0.11121641560122648;1.09599370549749;9.996209810228146;0.8335213941591693;1.0970467098869634;1.096986756521885;0.7603695155203233;-0.12415798527337568;0.7703992224220654
37.106929;1.0929242703304443;0.8334163292440966;0.7622708167247048;0.12161236573071213;0.1112205193838679;1.0959981726925794;9.996204486054548;0.833523429175283;1.097049855201429;1.0969862800535413;0.7603665292371927;-0.12416098506216289;0.7703974065632683
37.116929;1.0929260127693823;0.8334166721035765;0.7622693209757689;0.12161569183242672;0.11122396372949925;1.0960038067212015;9.99619940834521;0.8335255856965375;1.0970530006127146;1.096985790808164;0.7603644296036592;-0.12416498488019273;0.7703968007845008
37.126929;1.0929271523982742;0.8334162326497537;0.7622676946448697;0.12161989511191797;0.11122828393116238;1.0960096047395724;9.996194488862882;0.833527855867309;1.0970561572681468;1.096985293059883;0.7603622222919566;-0.12416898472697012;0.7703962549250479
37.136929;1.0929293284140218;0.8334164323188242;0.7622660951901263;0.12162399589679669;0.11123241668375637;1.0960145628042421;9.996189638937059;0.8335302324527742;1.0970593350327038;1.096984790332447;0.7603599147745973;-0.12417198460182728;0.7703956062077612
37.146929;1.0929315866538032;0.8334168580002806;0.7622648101639751;0.12162693910157309;0.1112354936620537;1.0960206749726253;9.996184796336363;0.8335327089185777;1.0970625418714008;1.0969842858048786;0.7603575147647486;-0.1241759845040651;0.7703951763334208
37.156929;1.0929329732099988;0.8334160640258017;0.7622631837963402;0.1216311646074425;0.11123984343778531;1.0960269325569825;9.996179942609063;0.8335352782661356;1.0970657853901784;1.096983781613226;0.7603540296357343;-0.12417998443276608;0.7703938169189818
37.166929;1.0929354106156701;0.8334159231095598;0.762261590930949;0.12163529017500539;0.11124400537299971;1.0960333247815137;9.996175100186242;0.8335379326276662;1.0970690741836444;1.096983278762065;0.76035146613872;-0.12418298438674746;0.7703933393803881
37.176929;1.092937659602866;0.8334155678663386;0.7622601041196481;0.12163866314902616;0.11124750773067053;1.0960388400157461;9.996170313774524;0.8335406637122672;1.0970724178200162;1.0969827782798516;0.7603488298233635;-0.12418698436480849;0.7703930755609539
37.186929;1.0929402875689282;0.8334152224254542;0.7622585324855653;0.12164280947288164;0.1112516877367955;1.0960454662850583;9.99616563840917;0.8335434629267591;1.0970758258405027;1.0969822817195471;0.7603461254282372;-0.12418998436611993;0.7703926971050382
37.196929;1.0929420530471454;0.8334140232655997;0.7622569497476059;0.12164707585545026;0.1112560736554812;1.0960521916088677;9.996161145016169;0.8335463210270072;1.0970793061330846;1.09698178923224;0.7603433584214968;-0.12419398439029054;0.7703925197622975
37.206929;1.0929448756890736;0.8334135048183926;0.7622554189473979;0.12165124404739665;0.11126027057108785;1.0960580049324986;9.996156923650679;0.8335492274917399;1.097082864084601;1.0969812970964103;0.7603405362465637;-0.12419798443699055;0.7703923758617938
37.216929;1.0929477991146017;0.8334132578565812;0.7622542309960235;0.12165425736298274;0.11126340998251709;1.0960648967049984;9.99615307505054;0.8335521705073531;1.097086503230899;1.0969807975489807;0.7603366685249657;-0.12420098450551158;0.7703911108871732
37.226929;1.0929498671755138;0.8334118415671844;0.7622527329535906;0.12165855408249639;0.11126782039970176;1.096071858432638;9.996149708403262;0.8335551376702773;1.0970902249664392;1.096980280865312;0.7603337664972835;-0.12420498459455784;0.7703910153192538
37.236929;1.0929527170468765;0.8334110243152947;0.7622513995903344;0.12166198791672105;0.11127137245685519;1.0960778819703827;9.996146948741371;0.83355811629273;1.0970940266159952;1.0969797368091478;0.7603308421667163;-0.12420798470239124;0.7703907752706132
37.246929;1.0929559569272285;0.8334102687136747;0.7622500120726942;0.12166619275216918;0.11127560080699793;1.0960849596889362;9.996144931388436;0.8335610937749973;1.097097902041972;1.096979153698911;0.7603279073617832;-0.12421198482732432;0.7703907097228505
37.256929;1.0929583458133953;0.8334087092343252;0.7622486431279144;0.12167051494763095;0.11128003385759977;1.0960920860883232;9.99614377706711;0.8335640580829629;1.0971018453466723;1.0969785181119858;0.7603249728641424;-0.12421498496810499;0.7703904933551298
37.266929;1.0929618017089415;0.8334082193709723;0.762247666101244;0.12167357168487974;0.11128321098449447;1.0960982586513253;9.99614356768023;0.8335669974464034;1.0971058525137907;1.0969778177591873;0.7603220481281184;-0.12421898512377641;0.7703904467343718
37.276929;1.0929653627096296;0.8334073521027551;0.7622464219809235;0.12167780242016066;0.11128746056244891;1.0961054753936605;9.996144344633942;0.8335699002565731;1.0971099192822638;1.0969770445327693;0.7603191419401063;-0.12422198529334628;0.7703902465925232
37.286929;1.0929680644411652;0.833405691658381;0.7622451937527521;0.12168215157572114;0.11129191395566079;1.0961117321324005;9.996146135486573;0.8335727555882605;1.0971140388803562;1.0969761945454446;0.7603152632121114;-0.1242259854758454;0.7703892282036274
37.296929;1.0929718175540206;0.8334047670338088;0.7622440359218365;0.12168640179410198;0.11129617613582209;1.0961190227576227;9.99614897892057;0.8335755534799364;1.0971182022593968;1.0969752663029717;0.7603124208179567;-0.12422898567071876;0.770389042029974
37.306929;1.092975370785076;0.8334040547222604;0.7622433284342002;0.12168873492089353;0.11129870947840176;1.096126340334283;9.996152919015488;0.8335782846761074;1.09712239875287;1.0969742591179854;0.7603096227078439;-0.1242329858780547;0.7703890216461322
37.316929;1.092978322173704;0.8334023265881713;0.7622422149239183;0.1216931155208942;0.11130317965476955;1.096132677860532;9.996157989435373;0.833580939570131;1.0971266151774481;1.0969731726102556;0.7603068754829898;-0.12423598609843164;0.7703888408032525
37.326929;1.092982298922895;0.8334013462311435;0.7622411618247089;0.12169739792493234;0.11130745713650228;1.0961400293526653;9.996164210621808;0.8335835066949754;1.0971308355675582;1.0969720079181402;0.7603041851314338;-0.12423998633267035;0.7703888170641393
37.336929;1.0929863346719804;0.8334006987057919;0.7622404508076629;0.12170052567717955;0.11131067303942078;1.0961473902829406;9.996171588232011;0.8335859717952678;1.0971350433450664;1.0969707696359672;0.760301558106057;-0.12424298658179517;0.770388623227294
37.346929;1.0929894650315437;0.8333989389827005;0.7622394194154146;0.12170493736662011;0.1113151553940744;1.0961537582020495;9.996180108165976;0.8335883178145723;1.0971392242832039;1.0969694663571268;0.7602990014504164;-0.12424698684697684;0.7703885785778595
37.356929;1.0929936049629372;0.8333979423463441;0.7622384349388682;0.12170924949666115;0.11131944310067649;1.0961611345689593;9.996189738155554;0.8335905261792754;1.0971433675482232;1.0969681096888846;0.7602955220900995;-0.12424998712916938;0.7703873720769814
37.366929;1.092997508698891;0.8333968442205335;0.7622375612448481;0.12171280789481809;0.11132306384600973;1.0961675254314442;9.996200427613248;0.8335925792814536;1.0971474645066868;1.0969667133260268;0.760293125809808;-0.12425398742871258;0.7703873006493176
37.376929;1.093000777814191;0.8333954508137774;0.7622368832337922;0.12171608124916568;0.11132648575559709;1.096174939224252;9.9962121043494;0.8335944621903437;1.09715150770381;1.096965292475594;0.7602908159912083;-0.12425698774524738;0.7703870570362698
37.386929;1.093005041636251;0.8333944970253352;0.7622359226524725;0.12172041905721726;0.11133077604028568;1.0961823830184292;9.996224691785459;0.8335961625348237;1.097155491365679;1.0969638624282922;0.760288592981129;-0.12426098807805759;0.7703869663101307
37.396929;1.093009335467029;0.8333935677116228;0.7622349620275398;0.12172476520572288;0.11133506597532579;1.0961888605547563;9.99623813998065;0.8335976695376394;1.0971594122182082;1.096962436955664;0.7602864552565349;-0.12426398842645571;0.770386707483659
37.406929;1.0930126951518824;0.8333922446874769;0.762234284954235;0.12172806367120349;0.11133848725841607;1.096196374173865;9.99625243198409;0.833598973319219;1.0971632693889044;1.0969610281379185;0.7602844016628709;-0.12426798878963545;0.770386603566568
37.416929;1.093017035032325;0.8333913643436286;0.7622333184261936;0.12173242706817052;0.11134277686928824;1.0962039283026983;9.996267567122327;0.833600065005288;1.0971670633723427;1.0969596469022247;0.7602824324341433;-0.12427098916642366;0.770386331120195
37.426929;1.093020434296187;0.8333897434363131;0.7622323171437884;0.12173690879283357;0.11134726391681814;1.0962105305018937;9.996283553658433;0.8336009370440676;1.0971707947318707;1.0969583034065002;0.7602805485689283;-0.12427398955548329;0.7703860503305547
37.436929;1.0930245262544915;0.8333891404769181;0.7622317482201866;0.1217393642832698;0.11134981934154674;1.0962181895607652;9.996300408082172;0.8336015833072492;1.0971744639126737;1.0969570075488642;0.7602777514947985;-0.1242779899556468;0.7703849356089466
37.446929;1.0930289149681094;0.8333883227550792;0.7622307559181104;0.12174375896207891;0.11135410912994616;1.0962249139871643;9.996318145125898;0.8336019992289466;1.0971780721774584;1.0969557690464509;0.76027604298706;-0.12428099036605161;0.7703846396479427
37.456929;1.09303235287155;0.8333871077009976;0.7622300367034077;0.12174710991574553;0.11135753021943749;1.096232712139992;9.996336773071503;0.8336021813190638;1.0971816214354748;1.096954596910095;0.760274423789364;-0.12428499078594184;0.7703845001674022
37.466929;1.0930367507747498;0.8333863353411802;0.7622290196745872;0.12175153013923551;0.1113618189051553;1.0962395916335497;9.996356300812543;0.8336021263342219;1.097185112137467;1.0969534990006056;0.7602728925193338;-0.12428799121428732;0.7703841949856977
37.476929;1.0930411429505078;0.8333855883997523;0.7622279911539231;0.12175596374915428;0.11136610622040745;1.0962475577550423;9.996376736633554;0.833601832066603;1.0971885411394573;1.0969524812653166;0.7602714467091963;-0.12429099164979808;0.7703838834309621
37.486929;1.0930445662260309;0.8333844473863223;0.7622272370258029;0.12175935442227186;0.1113695231700124;1.096255612586462;9.996398079331545;0.8336012992724297;1.0971919009143372;1.0969515469974027;0.7602700845812327;-0.12429499209128371;0.7703837229393039
37.496929;1.0930486538182564;0.8333836380692913;0.7622262842490831;0.12176305148735604;0.11137313723453016;1.0962627546554897;9.996420319350818;0.8336005321254415;1.0971951791989598;1.096950697414945;0.760268805934477;-0.1242979925378524;0.7703833860815029
37.506929;1.0930520519679277;0.8333825357484271;0.7622255100617712;0.12176646721702301;0.11137654866295181;1.0962709793469603;9.996443446551737;0.8335995372444222;1.0971983589272951;1.0969499330120571;0.7602676117259444;-0.12430099298906384;0.7703830293812058
37.516929;1.093056394272365;0.8333830279545075;0.7622255085180888;0.12177129475314342;0.11138113982641874;1.0962782806511464;9.996467455335967;0.8335983230368395;1.0972014199871731;1.0969492551582223;0.7602665029183753;-0.12430499344494692;0.7703828099175059
37.526929;1.0930597622864646;0.8333819398129949;0.7622247204631813;0.12177473384161402;0.1113845453013646;1.0962866519078793;9.996492345523214;0.8335968995128344;1.0972043423284439;1.0969486681013405;0.7602654793672677;-0.12430799390559334;0.7703824017078938
37.536929;1.0930640770689455;0.8333812678554424;0.7622236399700766;0.12177924049763719;0.1113888166676088;1.0962940854470151;9.996518116312236;0.8335952782740742;1.0972071084296164;1.0969481796586535;0.7602635387594098;-0.12431099437080341;0.7703809771292207
37.546929;1.0930683846917537;0.8333805883626001;0.7622225513225175;0.12178375817994244;0.11139308591282371;1.0963025738508851;9.996544758281775;0.8335934725211377;1.0972097040459852;1.0969477994871053;0.7602626764075233;-0.12431499484007073;0.770380670454839
37.556929;1.0930717328422073;0.8333794781098436;0.7622217383559073;0.12178723008208533;0.11139648502236855;1.0963101110499236;9.996572251646253;0.8335914964821339;1.0972121165757573;1.0969475365490016;0.7602618862428352;-0.12431799531260315;0.7703801720618332
37.566929;1.0930757658642762;0.8333786614172156;0.7622207257678552;0.12179100528812639;0.11140008250950281;1.0963186905231392;9.996600570308305;0.8335893639283711;1.0972143327285502;1.0969473973056105;0.7602611618646999;-0.12432099578740752;0.7703796433664494
37.576929;1.0930791423108204;0.8333775145786609;0.762219887483699;0.12179449558242798;0.11140347949322858;1.0963273023129407;9.996629684928592;0.8335870867868262;1.097216339167972;1.0969473852430356;0.7602604972784024;-0.12432499626360126;0.7703792446694531
37.586929;1.0930835071241192;0.8333767640237856;0.7622187475418029;0.12179904989471149;0.11140774452159857;1.0963349313583381;9.996659563616305;0.8335846755566338;1.0972181255573914;1.0969475011480891;0.7602598870627346;-0.12432799674044862;0.7703786499194363
37.596929;1.093086948380923;0.8333755700777595;0.7622178734637226;0.12180255494421821;0.11141114136470222;1.0963435590874724;9.996690175483977;0.8335821408383642;1.0972196860736194;1.0969477424830942;0.7602593255897925;-0.12433099721687244;0.7703780147578201
37.606929;1.09309138683227;0.8333747674052919;0.7622166897082452;0.12180712257065247;0.11141540733886458;1.0963511678645033;9.996721493535734;0.8335794939559499;1.09722101874216;1.0969481024958723;0.760258805921451;-0.12433399769138051;0.7703773320148861
37.616929;1.093095862995967;0.8333742772258043;0.7622157925297319;0.12181053061443801;0.11141860872076176;1.0963597432052024;9.99675350084197;0.8335767466025025;1.0972221246094502;1.0969485711021187;0.7602583195457041;-0.12433799816281946;0.7703767557859657
37.626929;1.093099416238187;0.8333726458627108;0.7622145219219089;0.12181521714902267;0.11142307441933566;1.0963672720746154;9.99678620738312;0.8335739104905748;1.0972230073458509;1.0969491369688422;0.7602578576093981;-0.12434099863094827;0.7703759564123315
37.636929;1.0931036809328476;0.8333719740403729;0.7622136615069409;0.12181787048073787;0.11142561004343884;1.0963757417850037;9.9968196590967;0.8335709978157972;1.0972236723691866;1.096949788585135;0.7602574122388944;-0.1243439990961845;0.7703750897931875
37.646929;1.0931073055112601;0.8333702638982519;0.7622123296281914;0.12182256254430385;0.11143007916856125;1.0963831409607694;9.996853924905105;0.8335680222350785;1.0972241256786412;1.0969505144773706;0.7602569764765782;-0.12434699955905767;0.7703741531175152
37.656929;1.0931119262057842;0.8333696176713283;0.7622113118865668;0.12182598188165362;0.11143328706372783;1.096391459949925;9.996889071367866;0.8335649989397379;1.0972243737923026;1.0969513040648666;0.7602565440832328;-0.12435100002006519;0.7703733077897337
37.666929;1.0931156236129747;0.8333681660325054;0.762210238256273;0.12182951071381756;0.11143669378430615;1.0963986898104516;9.996925146044495;0.833561943642111;1.0972244247081997;1.0969521484802618;0.7602561098559178;-0.1243540004799588;0.7703722324615188
37.676929;1.0931203120799742;0.833367091039449;0.7622088543174068;0.12183409627332914;0.11144097040687853;1.096406820822095;9.99696218566374;0.8335588715947685;1.097224288808327;1.0969530411120048;0.7602556688980427;-0.124357000939791;0.7703710907697144
37.686929;1.0931240683011805;0.8333655564478502;0.7622077335524868;0.12183762591452439;0.11144438047886467;1.096413841425517;9.997000227029949;0.8335557970330122;1.0972239791506286;1.096953978426723;0.7602552154580047;-0.12436000140033371;0.770369885340492
37.696929;1.0931288065163292;0.8333644031507835;0.7622063077032866;0.12184221231513702;0.11144866134578957;1.0964217382702985;9.997039296949142;0.833552732757708;1.097223510663105;1.096954959736687;0.7602537432392202;-0.12436400186164955;0.770367793106665
37.706929;1.0931323239852413;0.8333626907828421;0.7622052501462273;0.1218449803153164;0.11145140816361862;1.0964284968797782;9.997079405929314;0.833549690524206;1.0972228988512303;1.0969559847892278;0.7602532458758047;-0.12436700232327096;0.7703664669007296
37.716929;1.0931371053583725;0.8333614829698391;0.7622038002733422;0.1218495678694271;0.11145569553827829;1.0964361022698035;9.99712056223058;0.8335466827948818;1.097222159660676;1.096957050503648;0.760252716809217;-0.12437000278433327;0.7703650837350409
37.726929;1.0931409500480318;0.8333598422817522;0.762202633922213;0.12185309990145891;0.11145911791754266;1.0964425397484554;9.997162782909342;0.8335437236928743;1.0972213102000885;1.0969581498376517;0.760252150130037;-0.12437300324345597;0.7703636477153328
37.736929;1.093145776199484;0.8333589595438842;0.7622015008612012;0.12185652413956947;0.11146234571131974;1.096449795654591;9.997206091152368;0.833540827593343;1.0972203685705135;1.0969592738231937;0.7602515414826179;-0.12437600369865273;0.7703621641955813
37.746929;1.093149664386385;0.8333569755893421;0.7622000345676208;0.12186122345986568;0.11146683812768117;1.0964558583894441;9.997250510357096;0.8335380075545705;1.0972193525533334;1.0969604146381295;0.7602508876803212;-0.12438000414727066;0.7703607996575549
37.756929;1.0931545301596397;0.8333561131609952;0.7621989269002152;0.12186465005272144;0.11147006797379493;1.0964627196929368;9.997296060094351;0.8335352748715144;1.0972182779459259;1.0969615675245297;0.7602501859246512;-0.12438300458616833;0.7703592355636456
37.766929;1.0931584508167294;0.8333541694500061;0.7621974970219484;0.12186935174204047;0.11147455987442043;1.0964683744165977;9.99734275514201;0.8335326388137403;1.0972171574228977;1.0969627312083527;0.7602494336886338;-0.12438600501219753;0.7703576378397181
37.776929;1.0931630558308907;0.8333532579280785;0.7621965351831098;0.12187201792411897;0.11147711787526457;1.0964748191162736;9.997390606685356;0.8335301068753121;1.0972160007698766;1.0969639074914859;0.7602486297127431;-0.12438900542259729;0.7703560109298724
37.786929;1.0931669870384124;0.8333517350611329;0.7621954793124606;0.12187555631293744;0.11148053854846035;1.096480051203623;9.997439624139144;0.8335276857920245;1.0972148161913888;1.0969650999593998;0.7602477748929216;-0.1243920058152462;0.7703543586158205
37.796929;1.0931718755496116;0.8333506788964689;0.7621941766041982;0.12188015174231233;0.11148482379303339;1.096486068533202;9.997489810905613;0.833525381810242;1.0972136113437538;1.0969663122450837;0.7602468713833365;-0.12439500618880936;0.7703526835703948
37.806929;1.0931758019641222;0.8333492549626389;0.7621932060609982;0.12188369144083368;0.11148823653536447;1.0964908686099482;9.997541147041456;0.833523199619562;1.0972123932312512;1.0969675474271174;0.7602459208871113;-0.12439800654237936;0.770350987123563
37.816929;1.0931806860323983;0.8333486466379154;0.7621923207641573;0.12188712297106807;0.11149144772023674;1.0964964476621248;9.997593579563521;0.8335211414309568;1.0972111676176448;1.096968808526625;0.760244924234039;-0.12440200687490963;0.7703494306726422
37.826929;1.0931846124740634;0.8333469863900653;0.7621911593787495;0.12189182892335583;0.11149591752100556;1.0965008007679622;9.99764703953309;0.8335192073108039;1.0972099389873635;1.0969700989704028;0.7602438820784752;-0.12440500718523857;0.7703476900052196
37.836929;1.0931895030038274;0.8333464884864519;0.7621904191108176;0.12189526129717215;0.1114991200372203;1.0965049234192215;9.997701465164702;0.8335173959678278;1.097208710941053;1.0969714226538592;0.7602427951262416;-0.12440800747265915;0.7703459251411046
37.846929;1.0931931602896543;0.8333451767710743;0.762189835022638;0.12189803987104073;0.11150184699479261;1.0965098130750652;9.997756807456128;0.833515704732734;1.097207485931264;1.0969727839819554;0.7602416638357316;-0.12441100773743369;0.7703441351632355
37.856929;1.0931980739330291;0.8333444518203879;0.7621889618863961;0.12190263708389733;0.11150610685089718;1.096513469370955;9.997813020907158;0.8335141293056044;1.0972062642728433;1.0969741882690667;0.760240488338375;-0.12441400798064539;0.7703423197203657
37.866929;1.0932020502975146;0.8333433689273222;0.7621884730937244;0.12190617704855523;0.11150949396729135;1.0965178939823992;9.997870056032955;0.8335126646328216;1.097205044451525;1.0969756417484906;0.7602392682890182;-0.12441700820325055;0.7703404787260543
37.876929;1.0932070161383056;0.8333431104464538;0.7621881142374952;0.12190960690433422;0.11151267923034251;1.0965210913400172;9.9979278606085;0.8335113063201407;1.0972038249640619;1.096977150811447;0.7602380027790201;-0.1244200084052713;0.7703386122422877
37.886929;1.0932110601886618;0.8333421498396787;0.762187828155037;0.12191314351026285;0.11151605688398925;1.0965250688203918;9.997986379440118;0.8335100506108883;1.0972026053855135;1.0969787210392765;0.760236691158094;-0.12442300858596127;0.7703367205548745
37.896929;1.0932161049766695;0.8333416652833724;0.7621873570246663;0.12191773378097401;0.1115202975564118;1.096527835208892;9.998045548617961;0.833508892919757;1.0972013860904137;1.0969803563521312;0.760235334251177;-0.12442600874434173;0.7703348044253354
37.906929;1.0932202336601613;0.8333408158889284;0.7621872694530823;0.12192126421476181;0.11152366369071881;1.0965313990110823;9.99810528670588;0.8335078270720178;1.0972001675729348;1.0969820591152906;0.7602339346925474;-0.12442900887931346;0.7703328653050764
37.916929;1.0932250799504335;0.8333406728082837;0.7621874029757391;0.12192391957771041;0.11152615708393422;1.0965337681905074;9.998165490342512;0.8335068459247221;1.0971989503275663;1.0969838311946465;0.7602324962016833;-0.12443200898954507;0.7703309050561629
37.926929;1.0932292881590966;0.8333399280723435;0.7621874996231329;0.12192744269798869;0.11152950910790863;1.0965359502140974;9.998226048622557;0.8335059423289916;1.0971977358551246;1.0969856746951026;0.7602310224089753;-0.12443500907358356;0.7703289252094161
37.936929;1.0932335316688633;0.8333388917127381;0.7621873664885115;0.12193212801359399;0.11153391934988051;1.096538951495527;9.99828686306943;0.8335051094734008;1.097196527751112;1.096987591868336;0.7602295158146879;-0.12443800913033615;0.7703269259698354
37.946929;1.0932387690376544;0.8333390134642791;0.7621876566183765;0.1219355374570203;0.11153705922228468;1.0965407780876422;9.998347848201533;0.8335043402274449;1.0971953314304397;1.0969895841796782;0.7602279775240823;-0.12444200915970578;0.7703250673698802
37.956929;1.0932430824702177;0.8333384232171528;0.7621879951559046;0.12193905485114025;0.11154038929891917;1.096543437801862;9.998408918884468;0.8335036265677034;1.0971941525688362;1.096991651713366;0.7602264081885333;-0.12444500916282299;0.770323024735097
37.966929;1.0932483887541575;0.8333386439359135;0.7621884402208565;0.12194246412666117;0.11154351549261901;1.0965449406276357;9.998469980106716;0.8335029600131065;1.09719299574897;1.0969937940805938;0.7602248093760761;-0.12444800914164571;0.7703209605057775
37.976929;1.093252764440528;0.8333378037910473;0.7621886223259641;0.12194714949639242;0.11154789840391352;1.0965462967782187;9.998530921283722;0.8335023322158368;1.0971918647357637;1.0969960113382784;0.7602231838526208;-0.12445100909833029;0.7703188786345702
37.986929;1.0932581194331956;0.8333381123855385;0.7621892300844381;0.12195056502263253;0.11155101217655485;1.096548515154426;9.998591609859956;0.83350173516256;1.0971907639102625;1.0969983033633777;0.7602215347305105;-0.12445400903467206;0.7703167847929755
37.996929;1.0932622430623304;0.8333375879738334;0.7621899884971931;0.12195333243323353;0.1115536481776793;1.0965496039166651;9.998651891926714;0.8335011614348462;1.0971896989340002;1.0970006686495255;0.7602198645947098;-0.12445700895162252;0.7703146852071487
38.006929;1.0932666519269685;0.8333372055670644;0.7621907275897997;0.12195686960985903;0.11155694590954421;1.0965515715661565;9.998711614807084;0.8335006046376299;1.0971886759292582;1.0970031045682576;0.7602181748253005;-0.12446000884931961;0.7703125856495003
38.016929;1.0932720151700985;0.8333387787770852;0.7621926355781585;0.1219606500314038;0.1115603532010674;1.096552426017644;9.998770646819288;0.833500059429109;1.0971877001310806;1.097005608909022;0.7602164654009366;-0.12446300872774702;0.7703104900797703
38.026929;1.0932764083416138;0.8333381022164728;0.7621932048488955;0.12196536961432777;0.11156470049793671;1.0965531729815978;9.998828864381256;0.8334995208679564;1.097186774964113;1.0970081805805187;0.7602147357608965;-0.12446600858721123;0.7703084004197436
38.036929;1.093281743574554;0.8333385465171745;0.7621941844561396;0.1219688252921291;0.111567775030008;1.0965548164167997;9.998886134241825;0.8334989841373814;1.097185901871187;1.0970108196209758;0.7602129859106348;-0.12446900842841498;0.770306318465926
38.046929;1.0932860956969215;0.8333382334740489;0.7621952003024506;0.12197240053036573;0.11157103562420351;1.096555359514499;9.998942316532382;0.8334984452418549;1.0971850804760044;1.0970135275088047;0.7602112169499172;-0.12447100825232835;0.7703040863518994
38.056929;1.0932904158782077;0.8333379143620891;0.7621962804243123;0.12197598727267557;0.11157428366988073;1.0965568044096714;9.998997274501697;0.8334979014713471;1.097184308869066;1.097016306706125;0.7602094312905835;-0.12447400805975918;0.7703020330139186
38.066929;1.0932953721873981;0.8333382301366821;0.7621975511142226;0.12197871438796092;0.11157665194663255;1.096557152168613;9.999050886520497;0.83349735070592;1.097183584616754;1.0970191594225893;0.7602076325657717;-0.12447700785087511;0.7703000034633423
38.076929;1.0932996050618597;0.8333378595578137;0.7621987586743608;0.12198232412827374;0.11157987078902079;1.0965574036100156;9.999103056446549;0.8334967903333329;1.0971829057314257;1.0970220872089425;0.7602058253009536;-0.1244800076250316;0.7702980031671872
38.086929;1.0933047433629064;0.833337863292343;0.7621997444511244;0.12198700097418383;0.1115839413307682;1.096558559735697;9.999153708307729;0.8334962170359205;1.0971822705809295;1.097025091333059;0.7602040145411261;-0.12448300738091396;0.7702960348080568
38.096929;1.093308862385669;0.8333373940991853;0.762201079025093;0.12199063091115431;0.11158712545866149;1.096558622091965;9.999202774732606;0.8334956274914371;1.0971816779084516;1.0970281731772362;0.7602022049236548;-0.12448600711690301;0.7702940987959532
38.106929;1.093312913659601;0.8333368639087805;0.7622024742302423;0.12199426961727251;0.11159029060492469;1.096558594309802;9.999250186846673;0.8334950194175716;1.0971811272059224;1.0970313344064224;0.7602013993927362;-0.12448900683130106;0.7702931814662417
38.116929;1.0933178461513968;0.8333370304641631;0.7622039542758767;0.12199780780217027;0.11159323869879222;1.096559483282569;9.999295859912117;0.8334943921040662;1.0971806183996973;1.0970345762920546;0.7601995990123256;-0.12449200652226868;0.7702913076708529
38.126929;1.0933217281308671;0.83333636567055;0.7622054561042907;0.12200146212266003;0.11159636345469667;1.0965592977235081;9.999339690087318;0.8334937457747591;1.0971801515608688;1.0970378986187785;0.7601978044861265;-0.12449500618787754;0.7702894619753786
38.136929;1.0933264626418537;0.8333363938870101;0.7622070320799257;0.12200501435305328;0.11159926940603793;1.0965600462828322;9.999381574333496;0.8334930809856491;1.0971797273066342;1.0970412993080578;0.7601960180249056;-0.12449800582631462;0.7702876423722983
38.146929;1.0933298340984907;0.833335482033532;0.7622087163094533;0.12200791798888594;0.11160168145342078;1.0965597372262887;9.999421431770392;0.8334923989530223;1.097179346784116;1.0970447751596941;0.760194243706054;-0.12450100543598477;0.7702858480108783
38.156929;1.0933333558721818;0.8333346127886798;0.762210335358409;0.12201158824206851;0.1116047386324685;1.096559377834224;9.999459205250176;0.833491701860601;1.097179010756085;1.0970483231271924;0.760192485879629;-0.12450400501558344;0.770284079181621
38.166929;1.0933376963910815;0.8333344443884039;0.7622120094963584;0.1220151525964869;0.11160757432785452;1.0965599739387961;9.99949485621693;0.8334909929618345;1.097178719152151;1.097051940618485;0.7601907472028449;-0.12450700456405235;0.770282336424895
38.176929;1.0933409336531446;0.8333334549043617;0.762213674032453;0.1220188272470233;0.1116105825676968;1.0965595314917964;9.999528368046162;0.8334902772109228;1.0971784716419573;1.0970556252939299;0.7601890282802274;-0.12450900408030538;0.7702804574218823
38.186929;1.0933440250313762;0.8333320645369487;0.7622150349477026;0.12202366779836808;0.11161463165913683;1.0965590584009068;9.999559742790963;0.8334895618773301;1.0971782677720838;1.0970593756403353;0.7601873283835698;-0.12451200356310159;0.7702787629698375
38.196929;1.093347927153519;0.8333317245906027;0.7622167391947257;0.12202723438132647;0.11161739313367176;1.0965595648103936;9.999588986211402;0.833488855682973;1.0971781059621695;1.0970631916956441;0.760185645614774;-0.12451500301146586;0.7702770884366232
38.206929;1.0933507165740948;0.8333305678626992;0.7622184016110842;0.122030908823085;0.11162032762581117;1.096559062009594;9.999616098684097;0.8334881665625063;1.097177982914234;1.0970670757482144;0.7601839767082493;-0.12451800242520261;0.7702754320602041
38.216929;1.093354303542521;0.833330120960519;0.7622200658200187;0.1220344734036629;0.11162304127489721;1.0965585603555046;9.999641071854043;0.8334874999862992;1.0971778948753887;1.0970710320313433;0.760182317305413;-0.12452100180480036;0.7702737935145257
38.226929;1.0933564774008249;0.8333287507628246;0.7622217578815892;0.12203738243381654;0.11162526083481877;1.096559068158124;9.999663885499487;0.8334868591403795;1.0971778392506522;1.0970750638936948;0.7601806629794099;-0.12452400115111412;0.7702721726283436
38.236929;1.09335875388728;0.8333274386075357;0.7622232969238162;0.1220410522452115;0.11162812716455883;1.0965585924420362;9.999684513765821;0.8334862465745864;1.097177814553931;1.0970791708142411;0.7601790103346241;-0.12452700046537894;0.7702705687669632
38.246929;1.0933618006890182;0.8333268421675696;0.7622247958021915;0.12204461133656;0.11163077532134737;1.0965581393417634;9.9997029393242;0.8334856660598667;1.0971778196296333;1.0970833481330438;0.7601773573910953;-0.12452899974924476;0.7702688194959996
38.256929;1.0933636921987901;0.8333254419257615;0.7622261830205449;0.12204827644950522;0.11163360074666712;1.0965587136020825;9.999719168935023;0.833485123164878;1.097177852961279;1.097087588014839;0.7601757035847825;-0.1245319990047085;0.7702672472530913
38.266929;1.0933653818039628;0.8333240065843471;0.7622274739117244;0.12205193816447847;0.11163640719757799;1.0965583190419321;9.999733249591207;0.8334846243626765;1.097177912015219;1.0970918795402411;0.7601750491626204;-0.124534998234033;0.7702666765976192
38.276929;1.0933678244340157;0.8333233034782433;0.7622286844444157;0.12205548689180272;0.11163899843723067;1.0965579596702495;9.999745270707251;0.8334841761494878;1.097177993600375;1.0970962090771628;0.7601733939019635;-0.12453799743959432;0.7702651346596903
38.286929;1.0933690983472781;0.8333218093183132;0.7622297459365586;0.12205913881222759;0.11164176995096634;1.096558639007038;9.99975534467935;0.8334837848161814;1.0971780939769262;1.097100562518489;0.7601717365931906;-0.12454099662381483;0.7702636107718859
38.296929;1.0933701596933838;0.8333202852907607;0.7622306795825318;0.12206278418251855;0.11164452554639766;1.0965583581113956;9.999763588068413;0.833483456306205;1.097178207225813;1.097104927583225;0.7601700759287847;-0.1245439957890756;0.7702621076659246
38.306929;1.093371682274699;0.8333193819476078;0.7622316073542964;0.12206555047208321;0.11164640069269885;1.096558115891525;9.999770125039538;0.8334831962104297;1.0971783245899898;1.0971092934463325;0.7601684116285429;-0.12454599493722471;0.7702604653974441
38.316929;1.0933723115387903;0.8333177877516489;0.7622322719708523;0.12206917866427686;0.1116491286534746;1.0965589121846941;9.999775102637548;0.8334830102972832;1.0971784358867958;1.0971136490540239;0.7601667441439582;-0.12454899406920723;0.7702590082532352
38.326929;1.093372722111525;0.8333161538035888;0.7622327967751401;0.12207279620220303;0.1116518453327238;1.096558749930387;9.999778690038434;0.8334829053073589;1.0971785301139987;1.0971179826896544;0.7601650725543538;-0.12455199318571022;0.7702575755012719
38.336929;1.0933738746989274;0.8333152398875457;0.7622332074130858;0.1220762932810091;0.11165435512751976;1.0965586340005244;9.999781060305313;0.8334828893688034;1.0971785950989492;1.0971222826357847;0.7601633923962899;-0.12455499228819768;0.7702561682764155
38.346929;1.0933738576303549;0.8333135175543388;0.7622334430840709;0.12207988587241445;0.11165705399662168;1.0965585682405778;9.99978237831643;0.8334829713051151;1.097178618081228;1.0971265386820088;0.7601616958715005;-0.12455699137888804;0.7702546254060253
38.356929;1.0933736408502954;0.8333117455299999;0.7622335300711386;0.12208346409584715;0.11165974600984108;1.0965595532092174;9.999782799395227;0.8334831584068242;1.0971785861998713;1.0971307433771762;0.7601599742502452;-0.12455999045982619;0.7702532695321253
38.366929;1.0933741963350467;0.8333106816446445;0.7622334956258802;0.12208691805902833;0.11166223504656696;1.0965595858599722;9.999782466571226;0.83348345392749;1.0971784863758758;1.0971348906979592;0.7601582193800074;-0.12456298953237327;0.7702519367403465
38.376929;1.0933736196310282;0.8333087950687565;0.7622332814050632;0.122090463783393;0.11166491650591578;1.0965596605240522;9.999781506830752;0.8334838564026932;1.0971783061914473;1.0971389737076958;0.7601574230635731;-0.12456598859742321;0.7702516101474761
38.386929;1.0933726022938515;0.8333067338179747;0.7622330142256055;0.12209322925782556;0.11166692537429156;1.0965607689753782;9.999780031770975;0.8334843610695032;1.09717803498796;1.09714298504511;0.760155576154678;-0.1245679876558396;0.7702501494922873
38.396929;1.093371727996831;0.833305052630153;0.7622328124515748;0.1220955738286448;0.11166853385189018;1.0965609008003132;9.999778143290596;0.8334849620626981;1.097177663644055;1.0971469196307608;0.7601536689003646;-0.12457098670880157;0.7702488596118191
38.406929;1.0933716926762662;0.8333037114844556;0.7622321733726279;0.12209895618572165;0.11167100828577152;1.096561046488527;9.999775939388975;0.8334856543062329;1.0971771837406767;1.0971507751679663;0.7601516923712596;-0.12457398575793342;0.7702475731517471
38.416929;1.0933705983601865;0.8333015217262107;0.7622313517143211;0.12210242762810562;0.1116736782899647;1.0965612001923535;9.999773516162318;0.8334864346455783;1.097176587289313;1.0971545495260888;0.7601496397010742;-0.1245769848051871;0.7702462848736146
38.426929;1.0933694239793832;0.8332992385991613;0.7622303728746525;0.12210587904280897;0.1116763476478508;1.096562359298507;9.999770971239435;0.8334873016006898;1.097175867531669;1.0971582386177712;0.7601475061372831;-0.12457898385264875;0.7702448289214687
38.436929;1.0933691485654682;0.8332976186109096;0.7622292608666983;0.12210920136842374;0.11167882036731737;1.0965625231930938;9.999768410245451;0.833488253619132;1.0971750197400234;1.0971618365798816;0.7601452887389006;-0.12458198290240588;0.7702435254338461
38.446929;1.0933678745408708;0.8332951327668736;0.7622279527630289;0.12211261135081974;0.11168149235844735;1.0965626932062946;9.999765956929808;0.8334892878441521;1.097174040762342;1.0971653374523722;0.7601429870543694;-0.1245849819564132;0.770242209885041
38.456929;1.0933665814378497;0.8332925415351244;0.7622264736960261;0.12211600040815483;0.11168416785941516;1.096562871697223;9.999763756182679;0.8334904007421828;1.0971729286150431;1.0971687364033331;0.7601406039839254;-0.12458798101651726;0.770240880656031
38.466929;1.0933650042214806;0.8332897345074962;0.7622249203539788;0.12211860633460496;0.11168617965493623;1.0965640590368437;9.99976194707246;0.8334915887283207;1.0971716829932379;1.0971720288322786;0.7601391452102823;-0.12458998008490947;0.7702403627678935
38.476929;1.0933646819566163;0.8332876899796617;0.762223126819535;0.12212184655499139;0.11168866882683785;1.0965642519345074;9.999760627725243;0.8334928478562464;1.097170305746439;1.0971752095815435;0.7601366179628151;-0.12459297916469676;0.7702390074634805
38.486929;1.0933634233743927;0.8332847744362131;0.7622211363293966;0.12212517643394095;0.1116913623144336;1.0965644456373733;9.999759852531675;0.8334941736371752;1.0971688013611696;1.0971782748183865;0.7601340305866189;-0.12459597825986564;0.7702376427561521
38.496929;1.0933621941405451;0.8332820963033364;0.7622192970135642;0.12212732306040955;0.1116929979744437;1.096565636698619;9.999759651647922;0.8334955608408025;1.0971671768454052;1.0971812245179682;0.7601313920797478;-0.12459797737457064;0.77023611051805
38.506929;1.09336195868552;0.8332797337215995;0.7622170146500654;0.12213050931136336;0.11169551047710628;1.0965658230130813;9.999760044137403;0.8334970029772599;1.0971654400253898;1.097184062854478;0.760128711429564;-0.12460097651257868;0.770234737107576
38.516929;1.0933608056405653;0.8332765087472626;0.762214551135816;0.12213378792402257;0.11169822891242036;1.096566002943877;9.999761037144893;0.8334984918637117;1.0971635979581542;1.097186796770747;0.7601259980544651;-0.1246039756770215;0.7702333616354394
38.526929;1.0933597031008255;0.8332731881135848;0.7622119399285852;0.12213705114455194;0.11170095648503414;1.0965661755653102;9.999762623666511;0.8335000175297443;1.0971616569407088;1.0971894341364168;0.7601232621716275;-0.12460597487007562;0.7702318207458952
38.536929;1.0933586605891343;0.8332697763384916;0.7622091849527656;0.12214029958583933;0.11170369389574986;1.096566340861463;9.999764791738976;0.8335015687759371;1.0971596233782523;1.097191982793383;0.7601205137242251;-0.12460897409290915;0.7702304345607903
38.546929;1.0933583632201298;0.8332669312052388;0.7622064165312622;0.12214266274683608;0.11170557626617479;1.0965674994253962;9.999767533736579;0.8335031338695165;1.0971575046730013;1.0971944507545297;0.7601187612039343;-0.12461197334599793;0.7702300241155046
38.556929;1.0933574658935723;0.8332636908510169;0.7622036984373163;0.12214471841515824;0.11170727033333974;1.096567652818822;9.999770840603807;0.8335047006138059;1.0971553091251378;1.0971968466065853;0.7601160112121067;-0.12461397262955519;0.7702284501494557
38.566929;1.0933566497739697;0.8332611892703986;0.7622015976928651;0.12214827081784381;0.11171035688349386;1.0965678045315914;9.999774685958554;0.833506256235999;1.09715304394414;1.097199179551024;0.7601132683140696;-0.12461697194407881;0.7702270198487263
38.576929;1.093355918849845;0.8332574412856993;0.7621983006656892;0.12215146853315033;0.11171314213474152;1.0965679603549052;9.99977902203954;0.8335077875608633;1.097150713258674;1.0972014588186758;0.7601105349357733;-0.12461997129065086;0.7702255687067667
38.586929;1.09335623695838;0.8332543756793293;0.7621949050133904;0.12215454823527919;0.11171574395272565;1.096569127869493;9.999783795060802;0.8335092816701152;1.0971483191965723;1.0972036929439781;0.760107811232119;-0.12462197067070492;0.7702239316317119
38.596929;1.0933556913185667;0.833250468414306;0.7621913552514769;0.12215772823333976;0.1117185575240234;1.0965693159521361;9.999788952451757;0.8335107273023741;1.097145864948333;1.0972058898387609;0.760105095607406;-0.12462497008553662;0.7702224276464815
38.606929;1.093355246790413;0.8332468274947362;0.7621879967021137;0.12215973589127913;0.1117203207412925;1.0965695345464423;9.999794430844366;0.8335121160114057;1.0971433561042323;1.0972080569784295;0.7601023861917562;-0.12462696953571967;0.7702207279398676
38.616929;1.0933549092898485;0.833242766649741;0.7621842025220515;0.12216290271881047;0.11172316588930457;1.0965697943061516;9.99980015173096;0.8335134419511977;1.0971407995152733;1.0972102009220919;0.7601006820120847;-0.12462996902061861;0.7702201382768494
38.626929;1.09335564306818;0.8332393924246311;0.7621803172974875;0.12216595572814368;0.11172583090395381;1.0965711061583718;9.999806034276286;0.8335147008489077;1.0971382018594107;1.0972123263294824;0.760097983125249;-0.12463296853834238;0.7702185204933426
38.636929;1.0933552491585643;0.8332350696217387;0.7621763814507363;0.1221683498192046;0.11172804260549281;1.0965714807419273;9.999812002664862;0.8335158889879357;1.0971355693863123;1.097214434858546;0.7600952899578395;-0.124634968086046;0.7702166990269576
38.646929;1.093355250855373;0.8332307746528332;0.7621722271190736;0.1221715020220071;0.11173094180543922;1.0965719277343942;9.999817980706498;0.833517002381216;1.0971329084737136;1.0972165246139576;0.76009260210265;-0.12463796766035248;0.7702149980677987
38.656929;1.0933553602539372;0.8332267394797368;0.7621682647620173;0.12217348475223175;0.11173279496672364;1.0965724553120075;9.999823885975722;0.833518036679878;1.0971302267977512;1.0972185905458707;0.7600899176881771;-0.12463996725777901;0.7702130953084145
38.666929;1.0933565305656376;0.8332230378513723;0.7621638914667371;0.12217652049251265;0.11173553645009918;1.096573070548159;9.999829628152623;0.8335189880152675;1.0971275342912952;1.097220626014886;0.7600872344511092;-0.1246429668748291;0.7702113168611991
38.676929;1.0933568382112901;0.8332184893140636;0.7621593602260522;0.12217966136903208;0.11173849461079427;1.0965747806128359;9.999835117393502;0.8335198537486476;1.0971248419361757;1.0972226249219206;0.7600845512579474;-0.12464596650784822;0.770209504884265
38.686929;1.093357237264655;0.8332138584628292;0.7621546967094391;0.12218279931033148;0.11174147145745912;1.0965755924886804;9.999840279631425;0.8335206322422674;1.097122159779648;1.0972245825557718;0.7600828684584972;-0.12464796615322571;0.7702084895512339
38.696929;1.0933577227769287;0.833209490947181;0.7621502134335274;0.12218476948657524;0.11174340028472805;1.0965765107597414;9.999845062863855;0.8335213219444136;1.0971194977253398;1.097226494622774;0.7600801878629394;-0.12465096580777428;0.7702066266746532
38.706929;1.0933582910396802;0.8332047014021896;0.7621452820854566;0.12218790284842046;0.11174641147181709;1.096577535999774;9.99984943055263;0.8335219210949064;1.0971168678750385;1.0972283568112808;0.7600775130005969;-0.12465296546872692;0.7702045852286145
38.716929;1.0933598989185445;0.8332005996130035;0.7621402489911794;0.12219092578888029;0.11174924121407001;1.0965786652083553;9.999853346605974;0.8335224286744279;1.0971142840103145;1.0972301654904428;0.7600748488187745;-0.12465596513343707;0.7702026941590767
38.726929;1.093360342884775;0.8331955574678821;0.7621351598869608;0.12219329249801049;0.11175161471966998;1.0965808929437761;9.999856766003594;0.8335228452293167;1.0971117583630712;1.0972319168083573;0.7600722008391317;-0.12465796479917728;0.7702006344182823
38.736929;1.0933611450694125;0.8331909059424468;0.762130170331346;0.12219525424755048;0.11175360534003297;1.0965822114915666;9.9998596426657;0.8335231726442893;1.0971093000654264;1.0972336050374487;0.7600695746848688;-0.12466096446312001;0.7701987340215575
38.746929;1.0933620205217591;0.8331858572719726;0.7621247604920265;0.12219837899009225;0.11175667478719024;1.096583610672388;9.999861942354055;0.8335234137855716;1.0971069168178762;1.0972352228439224;0.7600679756951139;-0.12466296412243562;0.7701976613951691
38.756929;1.0933629691913096;0.8331807623472487;0.7621192569167151;0.12220150170542479;0.1117597557971366;1.0965850784471456;9.999863652379572;0.8335235725823918;1.09710461672954;1.0972367620085572;0.7600654082444377;-0.12466596377428787;0.770195773978645
38.766929;1.0933649521554478;0.83317673347915;0.7621140139595988;0.12220334906579651;0.11176158368249933;1.0965866019033765;9.999864789928681;0.8335236539722579;1.097102407945204;1.0972382135844645;0.7600628756322555;-0.12466896341577735;0.7701939063837364
38.776929;1.0933660549477608;0.8331715635874708;0.7621083532110945;0.12220646895448213;0.11176468234478477;1.0965881679157596;9.999865401138472;0.8335236635551849;1.0971002974729758;1.0972395687598973;0.7600603804073777;-0.12467096304427819;0.7701919077798796
38.786929;1.0933672416469358;0.8331663654287198;0.7621026240492844;0.12220958802083953;0.11176778677699704;1.0965907634044207;9.999865547395718;0.8335236075512046;1.0970982906441606;1.0972408199771408;0.760057924641855;-0.12467396265810926;0.7701901134536085
38.796929;1.0933685179276444;0.8331614905220823;0.7620971472157606;0.12221154145998274;0.11176982916150596;1.0965923750599602;9.99986529054395;0.8335234927721151;1.0970963907795883;1.0972419611195074;0.7600565106813743;-0.12467596225682107;0.7701891981934681
38.806929;1.093369890091682;0.8331562597549377;0.7620913018662376;0.12221466045381991;0.11177293891908113;1.0965939885365927;9.999864690102273;0.8335233258334563;1.0970945992943661;1.0972429870604181;0.7600541416622115;-0.12467896184079413;0.7701875231961811
38.816929;1.0933720396310793;0.8331516779197283;0.7620855380199011;0.12221690919791228;0.11177518278113226;1.0965955880404226;9.999863808201903;0.8335231123929254;1.0970929160320952;1.097243893162578;0.760051821093978;-0.12468096141082846;0.770185761632372
38.826929;1.0933736166659664;0.8331467844296838;0.7620799237712206;0.12221886474878624;0.11177722482718558;1.09659715752645;9.999862711860326;0.8335228573602451;1.0970913395828579;1.0972446748867806;0.7600495527921198;-0.12468396096829173;0.770184246456606
38.836929;1.0933752970530366;0.8331415479865553;0.7620739623926879;0.12222198658016796;0.11178032935522086;1.0965986829368022;9.999861474681213;0.8335225656360306;1.0970898683234478;1.097245327830537;0.7600473417209062;-0.1246859605153414;0.7701826617418919
38.846929;1.0933770785763157;0.8331363137168823;0.7620679700961843;0.12222510911778849;0.11178342956762638;1.09660115238264;9.999860173652552;0.8335222429313659;1.0970885013795122;1.097245847961395;0.76004519478288;-0.1246889600546537;0.7701813363722292
38.856929;1.093378958233125;0.8331314262975045;0.7620622603422038;0.12222706681716972;0.11178545888491015;1.0966025532876182;9.999858873607637;0.8335218963058861;1.0970872385980193;1.0972462316524505;0.7600441209059249;-0.1246909595886612;0.7701809363270226
38.866929;1.0933809330575042;0.8331261982975038;0.7620562020323979;0.12223019030486662;0.1117885479159999;1.0966038704752208;9.999857609736209;0.8335215339009497;1.0970860796857538;1.0972464756988864;0.7600421306407017;-0.12469295911887296;0.7701796524936148
38.876929;1.0933839594704884;0.8331217354674006;0.7620501356920084;0.12223320626050428;0.11179143279606936;1.0966050875544984;9.999856383316585;0.8335211638674359;1.0970850232813458;1.0972465773200286;0.7600402357140543;-0.12469595864602799;0.7701786371309807
38.886929;1.0933861162282161;0.8331168565538766;0.7620443149206272;0.12223516694769389;0.11179344107416982;1.0966061888832572;9.999855175573995;0.8335207935050788;1.0970840674376525;1.097246534775889;0.7600384479929917;-0.12469795817071946;0.7701775702638017
38.896929;1.0933883586767559;0.833111639571735;0.7620381366670506;0.12223829555510385;0.1117965058526218;1.0966071600036988;9.99985396891463;0.8335204299162472;1.0970832108735102;1.0972463488125932;0.7600367777219943;-0.12470095769348886;0.7701767781759022
38.906929;1.0933903985847035;0.8331066696768747;0.7620323239312998;0.12223950014938856;0.11179782640537138;1.0966089881971612;9.999852756766636;0.8335200809254825;1.0970824527549083;1.0972460232037868;0.7600362323242646;-0.12470295721452794;0.7701769246086883
38.916929;1.093392793888302;0.8331014841795281;0.7620260478588969;0.12224263821403152;0.11180087065395011;1.0966096641581062;9.999851540352143;0.8335197541474605;1.097081791028221;1.0972455635330318;0.760034815874616;-0.12470595673362739;0.7701763588807924
38.926929;1.0933952510283025;0.8330963265161685;0.7620197179328267;0.12224578382177169;0.11180390398106421;1.0966101828095958;9.99985032757375;0.8335194551648183;1.097081221428302;1.0972449754715448;0.7600335286225268;-0.12470795625031242;0.7701757420972583
38.936929;1.0933987182426035;0.8330923093858473;0.7620136766434357;0.12224766541391119;0.11180566297742585;1.0966105425654993;9.99984913560721;0.8335191867628795;1.0970807382119772;1.0972442638463467;0.76003236715003;-0.12471095576417841;0.7701753960643608
38.946929;1.0934012689024322;0.8330872235004558;0.7620072392810007;0.1222508325347953;0.11180867288090535;1.0966107444276667;9.999847989318914;0.8335189494743553;1.097080335340205;1.0972434321968751;0.7600313255824857;-0.12471295527546945;0.7701749954415533
38.956929;1.0934038569197784;0.8330825199616592;0.7620010676223954;0.12225284809771951;0.11181060463238932;1.096610791325388;9.999846922009809;0.833518742333583;1.097080006778927;1.0972424817407016;0.760031396707852;-0.12471495478520585;0.7701756876357357
38.966929;1.0934064788852957;0.8330775111688117;0.7619945373757778;0.12225604433791995;0.11181358953960471;1.096610687145257;9.999845982501556;0.8335185631799563;1.097079746378353;1.0972414110846604;0.7600305715404321;-0.12471795429462851;0.7701756598511187
38.976929;1.0934091322195352;0.8330725408916446;0.7619879659868837;0.12225925707600442;0.11181656206360623;1.0966104353604749;9.999845241427392;0.8335184092510888;1.0970795483169387;1.0972402184586993;0.7600298384150623;-0.12471995380475422;0.7701755739923224
38.986929;1.0934118154789687;0.8330679542572086;0.7619816700394005;0.12226132169893211;0.1118184567859238;1.0966110386684529;9.99984479173909;0.8335182781155283;1.0970794080972923;1.0972389038561834;0.7600291840790739;-0.12472295331621208;0.7701757518009837
38.996929;1.0934142459717644;0.8330629596043209;0.7619751230431673;0.12226380675009936;0.1118207369564688;1.0966105004191433;9.999844738612305;0.8335181679664586;1.0970793233407088;1.097237468872329;0.7600295962421779;-0.12472495282897646;0.770176852015579
39.006929;1.0934179502579522;0.8330592314850074;0.7619687942847027;0.12226579897498718;0.11182241131675003;1.0966098257021684;9.99984518271007;0.8335180775582415;1.0970792937016842;1.0972359167716275;0.7600290647688177;-0.12472695234229317;0.7701770564612341
39.016929;1.0934207287549094;0.8330544586095514;0.761962104940049;0.12226908371269996;0.11182533758722343;1.096609020846695;9.999846211120396;0.833518006819083;1.0970793196480704;1.0972342533258892;0.7600285810198948;-0.12472995185509236;0.7701775060495205
39.026929;1.093423540505115;0.8330501011097009;0.761955722507094;0.12227122235680911;0.11182718745536704;1.096608092510078;9.99984790021536;0.8335179576588192;1.0970794007769478;1.0972324858387543;0.7600281372301171;-0.12473195136653603;0.7701778687856585
39.036929;1.0934263817008336;0.8330454807832715;0.7619490280503148;0.12227454577057507;0.11183009257048959;1.0966070474335323;9.99985031898755;0.8335179338840519;1.097079535574274;1.0972306212074634;0.7600277262563642;-0.12473495087640359;0.7701784605406672
39.046929;1.0934292444524352;0.8330412932193293;0.7619426604151648;0.12227672324215731;0.11183192187082636;1.0966058928275102;9.999853523806587;0.8335179405449137;1.0970797228999658;1.0972286656868038;0.7600283408133711;-0.12473695038522963;0.7701799366034986
39.056929;1.0934321189113994;0.833036855931813;0.7619360020626249;0.12228008500836034;0.11183480736916354;1.096604636106133;9.999857554702121;0.8335179833819827;1.0970799623654475;1.0972266259476124;0.7600279727437774;-0.12473894989430484;0.7701804783362823
39.066929;1.0934349954142544;0.8330328562712522;0.7619296949349723;0.12228229964231127;0.11183661838250676;1.09660428370547;9.999862442548347;0.8335180681589975;1.0970802527860612;1.0972245098781155;0.7600276129403978;-0.12474194940573055;0.7701812282276487
39.076929;1.0934378654339012;0.8330286015394402;0.7619231249299273;0.12228569672037067;0.1118394871430355;1.096602840037183;9.999868218459945;0.8335182000975638;1.0970805920515578;1.0972223269925327;0.760027251527457;-0.12474394892227558;0.7701818561484965
39.086929;1.0934413992176009;0.8330254260438171;0.7619170618433394;0.1222870733793188;0.11184041740308533;1.096601307665308;9.999874918156374;0.8335183841285502;1.097080979934215;1.097220088247777;0.7600278783722837;-0.12474594844697247;0.7701835034652331
39.096929;1.0934442414198333;0.8330213270310785;0.7619106347410848;0.12229050089387904;0.11184327280225316;1.096599689402315;9.999882578550803;0.8335186250515718;1.0970814197779402;1.0972178050426273;0.7600274839743956;-0.12474894798271265;0.770184349370695
39.106929;1.0934470657863304;0.8330176411842286;0.7619046096707714;0.12229277621777739;0.11184505718873097;1.0965979898034053;9.999891227910334;0.833518926815451;1.0970819161025147;1.0972154887772656;0.7600270596913343;-0.12475094753203847;0.7701850466853918
39.116929;1.0934498681862603;0.8330136769814577;0.7618983682648094;0.12229622868494455;0.11184790304838009;1.0965962138587344;9.999900879401379;0.8335192921643283;1.0970824723902726;1.0972131511130856;0.7600265971640959;-0.12475294709729044;0.7701857478075197
39.126929;1.0934526441354655;0.8330101185594131;0.7618925501970201;0.122298526562852;0.11184968007979554;1.0965943662819513;9.999911527886978;0.8335197231222407;1.0970830920855066;1.0972108032707901;0.7600270884723629;-0.1247559466807716;0.7701875927884753
39.136929;1.0934553904722342;0.8330062753882702;0.7618865375078324;0.12230199964846133;0.11185252077277145;1.0965924531776576;9.999923148842978;0.8335202218129114;1.0970837792459904;1.0972084557192447;0.7600265271527832;-0.1247579462845187;0.7701882760095841
39.146929;1.0934581047378251;0.8330028315674357;0.7618809689013402;0.12230431634732383;0.11185429465636754;1.0965904822602708;9.999935706998732;0.8335207912733149;1.0970845379575325;1.0972061199085863;0.7600259085114431;-0.12475994591016086;0.7701889387547142
39.156929;1.0934607840733557;0.8329990959579345;0.761875224710046;0.12230780618294988;0.11185713408078816;1.0965884603551264;9.999949170449737;0.833521436014474;1.0970853726957734;1.0972038098346721;0.7600252291135846;-0.12476294555917568;0.7701897362838602
39.166929;1.0934634247160553;0.8329957531625622;0.7618699418640507;0.12231013708270612;0.11185890867918845;1.096586391107741;9.999963513837397;0.8335221626218188;1.097086288246624;1.0972015415345002;0.7600254865133821;-0.12476494523301573;0.7701913254593288
39.176929;1.0934669799552341;0.8329928761845319;0.7618645275040415;0.12231352982573485;0.11186155390774039;1.0965842744735121;9.999978706421032;0.8335229797373538;1.0970872880399898;1.097199330933192;0.7600246791165481;-0.12476694493297963;0.7701918892588798
39.186929;1.0934692388306275;0.8329895173064257;0.7618596550707849;0.12231510613679826;0.11186266543492633;1.0965831078106754;9.999994709872349;0.8335238964585743;1.0970883725114235;1.0971971918195231;0.760023805739695;-0.12476994465999168;0.7701925716734962
39.196929;1.093471711935406;0.8329859671154796;0.7618545295369493;0.12231861200285898;0.11186551539781538;1.0965808876041663;10.000011497162513;0.8335249203574283;1.0970895377230514;1.0971951353078173;0.7600228652914637;-0.12477194441431749;0.7701930440071785
39.206929;1.0934740985980098;0.8329839695960684;0.7618509412439476;0.12232129658965994;0.11186761896758614;1.0965786104711444;10.000029059036052;0.8335260566957863;1.0970907744458047;1.0971931698651585;0.7600228567664936;-0.12477394419570922;0.7701944491887793
39.216929;1.09347638047699;0.832980506910854;0.7618461258391616;0.12232480227721601;0.11187047931867192;1.0965762731217312;10.000047386132763;0.8335273086904365;1.0970920700346327;1.0971913019275898;0.76002177960012;-0.12477594400388979;0.7701948066030915
39.226929;1.0934785408128038;0.8329774336237428;0.7618417727170285;0.1223271419041584;0.11187227959820804;1.096573871181632;10.000066457186668;0.833528677748585;1.097093411870274;1.097189537092445;0.7600206344355239;-0.1247789438385181;0.7701952579155431
39.236929;1.093480565036285;0.8329744094875916;0.7618375624068225;0.12232948111220021;0.11187408544687509;1.0965713976960485;10.000086240764983;0.8335301630626845;1.097094788297963;1.0971878798473682;0.7600194234185711;-0.12478094369889763;0.7701954728326567
39.246929;1.0934824409623956;0.832971095985233;0.7618331752351651;0.12233298584007979;0.11187696234572915;1.0965688431677527;10.00010670182617;0.8335317611623477;1.0970961881819947;1.0971863328085032;0.7600191497181222;-0.12478294358429778;0.7701965948023889
39.256929;1.0934841592383178;0.8329681871368446;0.7618292336586434;0.12233532600142415;0.11187877876526932;1.0965661976995345;10.000127815304372;0.8335334662534091;1.0970976017724368;1.0971848972478726;0.7600178170945844;-0.12478594349458592;0.7701968073283845
39.266929;1.0934857136661325;0.8329650031129351;0.7618251020478397;0.12233883274971404;0.11188166634412351;1.0965634543236056;10.000149574132404;0.8335352712464239;1.0970990209280655;1.0971835738704732;0.7600164295879228;-0.1247879434304555;0.7701967680057115
39.276929;1.0934871011301301;0.8329622400776088;0.7618214025125317;0.12234117561988064;0.11188349403707593;1.0965606109373525;10.000171978443795;0.8335371687399128;1.0971004371739679;1.0971823633122282;0.7600149913357069;-0.12478994339330872;0.7701966331682425
39.286929;1.0934880377104543;0.8329591111647072;0.7618175976893078;0.12234392271671299;0.11188572506656609;1.0965576698832795;10.000195014145929;0.8335391518712226;1.0971018402727333;1.0971812660381337;0.7600145068224767;-0.12479194338506347;0.7701973839369181
39.296929;1.0934890889027187;0.8329565296033006;0.7618141116246966;0.1223462683066251;0.11188756486648317;1.0965546375251372;10.000218639004766;0.8335412150172365;1.097103219138681;1.0971802813735896;0.7600129809702891;-0.12479494340769876;0.7701972039764602
39.306929;1.0934909310059366;0.8329548160806236;0.7618107462784259;0.12234850628834956;0.11188921320148608;1.0965515235154568;10.000242790737717;0.8335433534716498;1.0971045633873182;1.0971794060616802;0.760011419054777;-0.12479694346264161;0.7701967526889817
39.316929;1.093491647882352;0.832952112986331;0.7618071169283587;0.12235201784190741;0.11189212979967422;1.0965483381193588;10.000267406226058;0.8335455626808739;1.0971058641708324;1.0971786325331812;0.7600098270263544;-0.12479894355050698;0.7701961902987451
39.326929;1.093492204679016;0.8329498819239474;0.761803868674746;0.12235436317214324;0.11189398578736931;1.096545089518275;10.000292425369512;0.8335478381683284;1.097107114210796;1.0971779483142183;0.7600092112939593;-0.12480094367134184;0.7701965032493813
39.336929;1.0934926114863268;0.8329477896187054;0.7618006758141705;0.12235670703717128;0.1118958466028197;1.096541783031647;10.00031777935624;0.8335501755828799;1.0971083067910283;1.09717733804741;0.7600075773377876;-0.12480294382499069;0.7701957181007458
39.346929;1.0934928809042008;0.8329455013309857;0.7617972140799796;0.12236021433127253;0.11189877767182384;1.0965384221510313;10.000343386442136;0.8335525707908263;1.0971094347134718;1.0971767865826147;0.7600059286391831;-0.124805944011266;0.7701949837117326
39.356929;1.0934930258591171;0.8329437122519744;0.7617941034017233;0.12236255392734657;0.11190064731687242;1.0965350097862945;10.00036916358236;0.8335550202171718;1.097110490642358;1.0971762798972327;0.7600052669472327;-0.12480794422996735;0.7701949634498552
39.366929;1.0934930585098712;0.8329417416606639;0.7617907068373176;0.12236605627102017;0.11190358664532069;1.0965315480019133;10.000395036492812;0.8335575206329326;1.0971114687352854;1.0971758037008876;0.7600035931074726;-0.12480994448070631;0.7701938471594666
39.376929;1.0934929905102135;0.8329402826328361;0.7617876448882528;0.12236839052585817;0.1119054637081669;1.0965290381167767;10.000420932577057;0.8335600683232337;1.0971123661317335;1.0971753425739978;0.7600019079950455;-0.12481194476259774;0.7701926230269927
39.386929;1.0934925499744585;0.8329388871018826;0.7617846937289681;0.12236995934134487;0.11190667516816423;1.096525483104666;10.000446771298662;0.8335626585477821;1.0971131828495853;1.0971748803741996;0.7600002137279587;-0.12481494507420719;0.77019145404315
39.396929;1.0934923121359195;0.832937430933183;0.7617813364727926;0.12237345296016719;0.11190962320294116;1.096521889945029;10.000472471954447;0.8335652856317376;1.097113920602526;1.0971744006043465;0.759999514553848;-0.12481694541359267;0.770191003244304
39.406929;1.0934920022929702;0.8329364958479131;0.7617782949817967;0.12237577743688352;0.11191150781873355;1.096518269492733;10.000497968777745;0.833567943387623;1.0971145818393604;1.0971738863330476;0.7599978169562919;-0.12481894577813656;0.7701894587838855
39.416929;1.0934916301786948;0.8329357392230547;0.7617752509368355;0.12237809743633847;0.11191339488414459;1.0965146336055318;10.000523216236068;0.8335706256719727;1.097115168814918;1.0971733199098361;0.7599961294808737;-0.12482094616445241;0.7701878064278842
39.426929;1.0934912093797151;0.8329348167187067;0.7617718864687925;0.12238157758799939;0.11191635044018508;1.0965109918192837;10.000548183110046;0.8335733266069519;1.0971156832256779;1.0971726828327033;0.7599954622159403;-0.1248229465684539;0.7701870315487769
39.436929;1.0934907570894394;0.8329344137614154;0.7617688255602652;0.12238388636336461;0.11191824351599886;1.0965073512918322;10.000572836253705;0.8335760396506767;1.0971161279059063;1.09717195681068;0.7599938254315247;-0.12482494698566363;0.7701851595511517
39.446929;1.0934902915550346;0.8329341829919471;0.7617657471148768;0.12238618827369378;0.11192014043108486;1.0965037185543682;10.000597124396709;0.8335787560510501;1.0971165082424648;1.0971711259422012;0.7599922283060265;-0.12482794741199094;0.7701833390298914
39.456929;1.093489830132547;0.8329341195111698;0.7617626434109499;0.1223884823776681;0.11192204195363582;1.0965000990112765;10.000620978872787;0.8335814649725417;1.0971168297330558;1.0971701775156784;0.7599906785237048;-0.1248299478446315;0.7701812465211478
39.466929;1.093489389373618;0.832933874119962;0.7617591926835073;0.12239193310977274;0.11192501472590825;1.0964964957654075;10.000644322404609;0.8335841555878357;1.0971170943893;1.09716910123963;0.7599901826370798;-0.12483194828248947;0.7701800326421381
39.476929;1.093488985283835;0.8329341292860766;0.761756016953558;0.12239420896182736;0.11192692831679853;1.0964929103213616;10.000667077224836;0.8335868181276608;1.0971173005557502;1.097167889476966;0.7599887477147151;-0.12483394872594585;0.7701777267047347
39.486929;1.0934883498239434;0.8329344296026447;0.7617528942063818;0.12239571223609516;0.1119281809478745;1.0964893438012884;10.000689184922956;0.8335894430063687;1.0971174449812027;1.097166538237842;0.7599873829338133;-0.12483594917612856;0.7701753189584755
39.496929;1.093488061911955;0.8329346468749982;0.7617493088517057;0.12239913326991585;0.11193117601680024;1.0964857978832447;10.000710629578057;0.8335920203232524;1.0971175247276552;1.0971650472605876;0.7599870990601862;-0.12483794963400169;0.7701737996209991
39.506929;1.0934878498033325;0.8329353612312299;0.7617459835271145;0.12240137853128305;0.11193311429464411;1.0964822754235397;10.000731444341408;0.8335945400842288;1.0971175392951436;1.0971634200448328;0.7599859070493266;-0.12484095009963316;0.7701713605141532
39.516929;1.093487722958547;0.8329362296767509;0.761742600221407;0.1224036134443113;0.11193506197518799;1.0964787796495923;10.000751700554606;0.8335969923619978;1.0971174922439006;1.0971616647317541;0.7599848172360328;-0.12484295057174503;0.7701686681190196
39.526929;1.0934876895284533;0.8329369080198697;0.761738841895984;0.12240700369779732;0.11193808521664386;1.096475312347185;10.00077148722893;0.8335993679985909;1.0971173905193825;1.0971597937474638;0.7599848386782256;-0.12484495104777348;0.7701668764690913
39.536929;1.093487757539252;0.8329380827223265;0.7617353360883958;0.12240921891711412;0.11194005308175106;1.0964718725371962;10.000790894808125;0.8336016594875366;1.0971172419245336;1.0971578212970565;0.759983978478677;-0.12484695152470512;0.7701640183743197
39.546929;1.093487935560536;0.8329394087245325;0.7617317695381941;0.12241142485911694;0.11194203179740359;1.0964684566493628;10.000810008627917;0.8336038612352793;1.0971170533714405;1.0971557612832052;0.7599832414131805;-0.1248489519999067;0.7701610866830164
39.556929;1.0934882310392797;0.8329408847029732;0.7617281461491349;0.12241362204143265;0.11194402188405836;1.0964650606936428;10.000828900026299;0.8336059690180266;1.0971168314461763;1.0971536265266373;0.7599826301372138;-0.12485095247114843;0.770158085802876
39.566929;1.0934886486031885;0.83294216690874;0.7617241581397703;0.12241697665605347;0.1119470895830564;1.0964616828012634;10.000847615123268;0.8336079786333792;1.0971165836849537;1.0971514284873032;0.7599831458982046;-0.1248529529364201;0.7701560060158587
39.576929;1.093489190527507;0.8329439451622435;0.7617204428308542;0.1224191589128924;0.11194910387711654;1.0964583239611467;10.000866175709817;0.8336098851979165;1.0971163183234194;1.0971491776631221;0.7599827890963025;-0.12485495339395254;0.770152878217854
39.586929;1.0934898569813403;0.8329458797644625;0.7617166958001255;0.12242133515867835;0.11195113063828432;1.096454987097986;10.000884591719943;0.83361168373717;1.0971160423028496;1.0971468838087457;0.7599825592649179;-0.12485695384200793;0.7701496950901001
39.596929;1.093490362766104;0.8329478665173545;0.761713025498256;0.12242274373455701;0.11195250121974883;1.096451675549321;10.000902868592584;0.8336133696917072;1.097115759547625;1.0971445552952364;0.7599834551496143;-0.1248599542783334;0.7701476122858907
39.606929;1.0934912700545851;0.832949780857489;0.761708931025022;0.12242607634131152;0.11195561759605423;1.0964483916702519;10.000921003730406;0.8336149389818306;1.0971154704675983;1.097142199265838;0.7599834754689596;-0.1248619546997782;0.7701443394987467
39.616929;1.0934922916746699;0.8329522039123723;0.7617051487143036;0.12242824090884998;0.11195767909592;1.0964451363762755;10.000938987405865;0.8336163881609744;1.0971151715756364;1.0971398228516571;0.7599836193690314;-0.12486395510245892;0.7701410342112512
39.626929;1.0934934222725556;0.8329547936340393;0.7617013737823057;0.12243040448997973;0.11195975057091717;1.0964419104083252;10.000956811392165;0.8336177142766699;1.097114856001072;1.09713743316393;0.7599848857665982;-0.12486595548205255;0.7701386931229364
39.636929;1.0934946558694818;0.8329575513320426;0.7616976162761742;0.12243256917345813;0.11196183126004362;1.0964377168472694;10.000974468142228;0.8336189144006815;1.0971145157772413;1.0971350365299066;0.7599852725734151;-0.12486795583372191;0.7701353532124129
39.646929;1.0934959875426216;0.8329604774760074;0.7616938867145225;0.12243473737075697;0.1119639206268754;1.0964345625383745;10.000991941950504;0.8336199862118753;1.097114143703549;1.0971326393961762;0.7599857767390398;-0.12486995615204735;0.770132012032325
39.656929;1.093497415583901;0.832963227858957;0.7616898811672522;0.12243807694562522;0.11196708407828786;1.0964314572509473;10.001009200759079;0.833620929769466;1.0971137335159877;1.0971302495507134;0.7599873950919611;-0.1248719564312486;0.7701296681158831
39.666929;1.0934989427881316;0.8329664892094198;0.761686237911317;0.12244025942427207;0.11196918994726371;1.0964284119245948;10.001026186869243;0.8336217484350268;1.0971132792787726;1.0971278754675555;0.7599881258209533;-0.12487395666552455;0.7701263615901975
39.676929;1.093500574794899;0.8329699174130624;0.7616826517979397;0.1224424523543433;0.11197130359797137;1.0964254373461406;10.001042819029427;0.8336224478496211;1.0971127746687979;1.0971255255007155;0.7599889689553053;-0.12487595684951851;0.770123094652838
39.686929;1.0935023172400453;0.8329735115314089;0.7616791327473869;0.12244465774815945;0.11197342443123795;1.0964225437609652;10.001059012731316;0.8336230343078493;1.0971122136576998;1.0971232080881579;0.7599909245048059;-0.12487795697877324;0.770120869568159
39.696929;1.0935041742924103;0.8329772681523756;0.7616756906596635;0.12244687741949666;0.11197555156802415;1.0964197410567162;10.001074698648107;0.8336235140009557;1.0971115927388537;1.0971209306692637;0.7599919907165629;-0.12487995704986872;0.7701177267846899
39.706929;1.0935058648371145;0.8329807290258173;0.7616721174998733;0.1224495157235191;0.11197808120863921;1.0964170386290206;10.001089823746561;0.8336238926088287;1.097110911993913;1.0971186976224434;0.7599931642973249;-0.12488195706024084;0.7701146654598602
39.716929;1.0935079534476781;0.8329847898450125;0.7616688517273659;0.12245176835248192;0.11198021750568053;1.0964144450317608;10.001104338679353;0.83362417489422;1.0971101745232115;1.097116510120307;0.7599954407798624;-0.12488395700787495;0.7701126833349213
39.726929;1.0935101533712477;0.8329889899000968;0.7616656821022907;0.1224540389616622;0.11198235644888867;1.096411968196572;10.001118180667385;0.8336243651478705;1.0971093855271943;1.097114367398252;0.759996814095104;-0.12488595689115523;0.7701098159443468
39.736929;1.0935124592552135;0.8329933209359242;0.7616626123324628;0.12245632798688931;0.11198449670711932;1.0964096153040495;10.001131268142887;0.8336244681857096;1.0971085512898544;1.097112267995619;0.7599982763287467;-0.12488795670915032;0.7701070573236777
39.746929;1.093514864859067;0.8329977752096881;0.7616596454155248;0.12245863563974102;0.11198663704521893;1.096407390667521;10.001143520144492;0.8336244894008074;1.0971076789496312;1.097110210775913;0.7600008180689534;-0.12488995646200961;0.7701054012121746
39.756929;1.093517363574325;0.8330023446935939;0.7616567842192551;0.12246096213271467;0.1119887763059421;1.0964052938542947;10.00115488402543;0.8336244335233886;1.097106776879604;1.0971081947693913;0.7600024295206944;-0.12489195615084261;0.7701028819831149
39.766929;1.0935199499135828;0.8330066770096298;0.7616537179331746;0.12246447319875846;0.11199197902873821;1.09640332093304;10.001165347747223;0.8336243036841174;1.0971058537850127;1.097106218329242;0.7600041018166327;-0.12489395577724739;0.7701004947027789
39.776929;1.0935226206035142;0.8330114510591302;0.7616510805423898;0.12246683848818078;0.11199411262281818;1.096401466372941;10.001174934526933;0.8336241016660083;1.0971049168934972;1.0971042794962886;0.7600068269347142;-0.12489595534327677;0.770099233409401
39.786929;1.0935253735770445;0.833016315361526;0.7616485646583231;0.1224692239128375;0.111996241849384;1.0963997232340703;10.00118369007408;0.8336238290035303;1.0971039713287494;1.097102377218047;0.7600085966729142;-0.12489895485194583;0.7700972921231672
39.796929;1.0935282066546002;0.8330212631361472;0.7616461777511326;0.12247162975916924;0.11199836609386313;1.096398083688205;10.001191675272313;0.8336234882819792;1.0971030207455565;1.097100511925947;0.7600104022482711;-0.12490095430748407;0.7700953366743933
39.806929;1.0935311174858977;0.8330262882967715;0.7616439270830588;0.12247405585311828;0.11200048502388765;1.0963965407926919;10.001198962521128;0.8336230834652317;1.0971020678724805;1.0970986856513385;0.760013234220936;-0.12490295371484675;0.7700945171162853
39.816929;1.0935338205791203;0.8330312769754977;0.761641917858857;0.12247573889022592;0.11200192991643103;1.0963950899154986;10.001205625830464;0.8336226195455448;1.097101115034937;1.0970969018287995;0.7600150823071938;-0.12490495307915833;0.7700928589305013
39.826929;1.0935368788649737;0.8330364396494376;0.7616399605577968;0.12247820302270382;0.11200403719672901;1.0963937291219716;10.001211735566057;0.833622102421921;1.097100165156499;1.0970951640155198;0.7600169353498947;-0.12490595240575915;0.7700911846456683
39.836929;1.0935400069977668;0.8330413180591512;0.761637845724325;0.12248184978179871;0.1120072039038077;1.0963914587068;10.001217364572913;0.833621538507052;1.097099221738118;1.0970934744335037;0.760019781157248;-0.12490795170016156;0.7700908030106883
39.846929;1.0935432029245058;0.8330465925797439;0.7616362073947905;0.1224843469331841;0.11200929832206981;1.0963902797081941;10.001222585799045;0.8336209341321662;1.0970982875528705;1.0970918337279683;0.7600216062049838;-0.12490995096737038;0.7700895756462975
39.856929;1.093545504328154;0.8330511481932161;0.7616347058857299;0.12248696656471408;0.11201158282389947;1.0963891922284692;10.001227458854878;0.8336202958416395;1.0970973647750113;1.0970902414825876;0.7600233960315195;-0.12491195021134963;0.7700884864152862
39.866929;1.0935488237571933;0.8330564998800625;0.7616334018414271;0.12248949089725687;0.1120136623931263;1.0963881951123868;10.001232026617412;0.8336196308166188;1.0970964565546504;1.0970886968677087;0.7600261362976904;-0.12491394943500073;0.7700885191298428
39.876929;1.0935521926370786;0.8330618743188015;0.7616322689535161;0.12249202692463951;0.11201573337927165;1.0963872869103644;10.001236322767166;0.8336189455743623;1.0970955675057052;1.0970871987474418;0.7600278137353372;-0.12491594864046265;0.7700876963531832
39.886929;1.0935555978860156;0.8330672612687822;0.7616313098673818;0.12249457398616408;0.11201779513138165;1.0963864673069428;10.001240380073966;0.8336182439405497;1.0970947030591875;1.0970857444796653;0.7600304171070935;-0.12491794782952244;0.7700879856777778
39.896929;1.0935590254657632;0.8330726512616581;0.7616305266615712;0.12249713192530609;0.112019847317376;1.0963857377278141;10.001244236583961;0.8336175264527086;1.0970938684621698;1.0970843289057286;0.7600319381278725;-0.12491994700364732;0.770087405693275
39.906929;1.0935624638476913;0.8330780357466189;0.7616299212507982;0.12249970089413624;0.11202188992188675;1.0963851001887481;10.001247931957302;0.8336167915102328;1.0970930674924586;1.0970829455252777;0.760033371442731;-0.1249219461638109;0.7700869340700922
39.916929;1.0935659048727815;0.8330834069264242;0.7616294967844952;0.12250228103095173;0.1120239232078499;1.0963845563119305;10.001251493809187;0.8336160377005617;1.0970923018565821;1.0970815889391248;0.7600357135626771;-0.12492394531073439;0.7700875477971277
39.926929;1.0935690591869922;0.8330886487698858;0.7616293561095165;0.1225041094775512;0.11202527934626524;1.096384107513407;10.001254931663517;0.8336152658276766;1.0970915719696954;1.0970802559785493;0.7600369617588365;-0.12492594444538482;0.7700872627966078
39.936929;1.0935724857178035;0.8330939682137097;0.761629306994424;0.12250671065874222;0.11202729586085444;1.09638375441814;10.001258246471744;0.8336144788095853;1.0970908774652695;1.0970789446824696;0.7600381132487234;-0.12492794356914176;0.7700870543163456
39.946929;1.0935758930791226;0.83309890142242;0.7616291356569638;0.12251048613100457;0.11203037076986908;1.0963834950191007;10.001261438878188;0.8336136795580424;1.0970902165366172;1.0970776531034556;0.7600401642936652;-0.12492994268354549;0.770087897075312
39.956929;1.093579271382794;0.8331052869380886;0.7616305373171617;0.12251344712949884;0.11203268748865941;1.0963823230172987;10.001264501033269;0.8336128685679672;1.0970895862379906;1.0970763794372576;0.7600411102894623;-0.12493194179013961;0.7700878055242508
39.966929;1.093582610338971;0.8331104349674706;0.7616310671838371;0.12251606953539554;0.1120346834611243;1.0963822278973931;10.001267403106718;0.8336120431105533;1.0970889838269475;1.097075122400068;0.7600419476263056;-0.12493394089062392;0.7700877544018885
39.976929;1.0935859007739634;0.8331154973528461;0.7616317926188447;0.12251869476391712;0.11203667331734238;1.096382197223716;10.001270094505262;0.8336111984347969;1.0970884074576064;1.0970738815617083;0.7600436747874997;-0.12493593998699287;0.7700887181949909
39.986929;1.093588177120955;0.8331197011122199;0.761632686115585;0.12252142862460823;0.11203885441384699;1.0963822191526413;10.001272516425612;0.8336103288982573;1.0970878566978879;1.09707265851197;0.7600442908635827;-0.12493793908148394;0.7700887109642759
39.996929;1.0935913549876213;0.8331245638020517;0.761633806563641;0.12252405276598727;0.11204083268878093;1.0963822838329593;10.00127460460587;0.8336094278788693;1.0970873325379442;1.0970714575194858;0.7600457940904987;-0.1249399381763835;0.770089694037746
40.006929;1.093594475756299;0.8331293164379175;0.761635125588908;0.12252667350984825;0.11204280558929076;1.0963823843289782;10.001276283487112;0.8336084879273249;1.0970868360292447;1.097070284205457;0.7600461827679645;-0.12494193727378913;0.7700896821267245
40.016929;1.0935975409978471;0.8331339535187551;0.7616366428494075;0.12252928920418098;0.11204477342308665;1.0963825164720136;10.00127747741365;0.8336075018463057;1.09708636719955;1.097069143445447;0.7600464565326522;-0.12494293637550014;0.77008948849344
40.026929;1.093600551497906;0.8331384705874955;0.7616383560172706;0.12253189826103195;0.11204673630571473;1.0963826779640782;10.001278135769232;0.8336064633179706;1.0970859254915053;1.0970680380617148;0.7600476157029862;-0.12494493548310737;0.7700904140904172
40.036929;1.09360350732377;0.8331428639109226;0.7616402609081884;0.12253449917633792;0.11204869422393801;1.0963828688156383;10.001278242866185;0.8336053665188131;1.0970855104413162;1.0970669690532404;0.7600476601560969;-0.1249469345981749;0.7700903153912109
40.046929;1.0936061256995424;0.8331470217709721;0.7616424501177615;0.12253632789934575;0.11204997894820004;1.0963820925314718;10.001277811424785;0.8336042058311477;1.09708512130835;1.0970659372321523;0.760047589799474;-0.12494893372228899;0.7700901756576537
40.056929;1.093608973019453;0.8331511566219101;0.7616447197702212;0.12253890823947632;0.112051927699723;1.0963823555039323;10.001276871381378;0.8336029757643268;1.0970847559974444;1.0970649447659402;0.7600484058697913;-0.1249509328570628;0.7700909830779763
40.066929;1.0936117679092636;0.8331551563909073;0.7616471600218435;0.12254147628088279;0.11205387277284862;1.096382665033746;10.001275449024192;0.833601670559536;1.097084410244136;1.0970639954601922;0.7600481113051339;-0.12495293200431616;0.7700907683192141
40.076929;1.0936145129965298;0.8331590169209206;0.7616497638455779;0.12254403088623678;0.1120558147896824;1.0963830287612573;10.001273542725382;0.8336002838936305;1.0970840781020923;1.0970630940168773;0.7600487102097467;-0.1249549311661013;0.7700915087342899
40.086929;1.0936162514788488;0.833161970761094;0.7616524968886706;0.12254667914681111;0.11205795123306705;1.0963834551372766;10.001271121875817;0.8335988091127025;1.0970837537344582;1.0970622453472827;0.7600482074265061;-0.12495693034455738;0.77009123300605
40.096929;1.093618902291963;0.8331655374667035;0.761655412250403;0.122549204018508;0.11205988783482385;1.0963839523500236;10.001268149258067;0.8335972397633826;1.0970834323290195;1.097061454793163;0.7600476080149086;-0.12495892954203046;0.7700909282796269
40.106929;1.0936215063056716;0.8331689487860979;0.7616584753510545;0.1225517131105484;0.11206182139570263;1.09638452614797;10.001264592077849;0.8335955697744342;1.097083108987633;1.09706072876022;0.7600479160811489;-0.12495992876123871;0.7700914179467262
40.116929;1.0936240646385516;0.8331721997885965;0.7616616794670333;0.12255420615323671;0.1120637512303425;1.0963851787864063;10.001260416581808;0.8335937932430193;1.0970827774757819;1.0970600744094574;0.7600471341963977;-0.12496192800509555;0.7700910517700041
40.126929;1.0936265790166215;0.8331752863110251;0.7616650168133885;0.12255668284236604;0.11206567633865797;1.096384909684796;10.001255591956815;0.8335919044677804;1.097082430742628;1.0970594982181754;0.760047264170195;-0.12496392727653516;0.7700916415922076
40.136929;1.0936290507056845;0.8331782057677259;0.7616684791944552;0.12255914262533008;0.1120675955761915;1.0963857170665323;10.001250101322924;0.8335898978041757;1.0970820633161267;1.0970590046102098;0.7600463075890312;-0.12496592657875276;0.7700912166144388
40.146929;1.0936314803648823;0.8331809588520547;0.7616720591298758;0.12256158461601727;0.11206950782662142;1.0963865999199094;10.001243939781263;0.8335877667279824;1.0970816736565006;1.097058594923271;0.7600452654152073;-0.12496792591534576;0.7700907674065798
40.156929;1.0936338672855244;0.8331835505918619;0.7616757504424769;0.12256400764683757;0.11207141206684865;1.0963875595813175;10.001237098446866;0.833585503703031;1.0970812641296868;1.097058267222082;0.7600451374543484;-0.1249699252897198;0.7700912854175348
40.166929;1.0936359256480763;0.8331858816101967;0.7616796459204033;0.12256564776647517;0.11207263902762013;1.0963885997234986;10.001229549324108;0.8335831017930967;1.0970808390484994;1.0970580181230163;0.7600439218690169;-0.12497192470437671;0.770090803691426
40.176929;1.0936372578902862;0.833187415950464;0.7616835144469486;0.12256813679422256;0.11207472185432313;1.096389724888519;10.00122124293109;0.8335805561537145;1.0970804029799395;1.0970578445169854;0.7600436155390501;-0.1249729241609651;0.7700911422217208
40.186929;1.0936394948111092;0.833189580657349;0.7616875071915163;0.12257049436129791;0.11207659744667928;1.0963909397222338;10.001212117454259;0.833577864312031;1.097079960165094;1.0970577427012491;0.7600422161056356;-0.12497492366093195;0.7700906621538862
40.196929;1.093641671736079;0.8331916204955181;0.761691591253709;0.12257282721865523;0.11207846268788686;1.0963922494908358;10.001202107150265;0.8335750260095874;1.0970795146639591;1.0970577068347778;0.760040723787552;-0.12497692320590695;0.7700901988995517
40.206929;1.0936437824178957;0.8331935393819806;0.7616957640457048;0.12257513456187073;0.11208031755014533;1.0963926601985001;10.001191149865306;0.8335720432421957;1.0970790712102958;1.0970577291037722;0.7600401412620741;-0.12497892279740949;0.7700907511830252
40.216929;1.0936458209631439;0.8331953381957188;0.7617000248254187;0.12257741609367347;0.11208216233747177;1.096394177886068;10.001179200666611;0.8335689198762681;1.0970786363060767;1.0970578006384957;0.760038472579446;-0.12498092243636781;0.7700903581803096
40.226929;1.0936477828550646;0.8331970162907684;0.7617043751933823;0.12257967178945994;0.11208399777566329;1.0963958080996057;10.001166231182356;0.8335656601218989;1.0970782178041767;1.0970579114850203;0.7600377223514976;-0.124982922123148;0.7700910044484809
40.236929;1.093649666099942;0.8331985728385615;0.7617088181673336;0.12258190175584237;0.11208582496514492;1.0963975554190861;10.001152206318286;0.8335622673221746;1.0970778231572937;1.0970580506997456;0.760035895765187;-0.12498392185800353;0.7700905614357786
40.246929;1.0936505121770606;0.8331992445596836;0.7617133275974992;0.12258421428773653;0.11208784233053395;1.0963994227348195;10.00113707793041;0.8335587446157693;1.097077459071389;1.0970582083106517;0.7600339989779982;-0.12498592164109776;0.7700903437949285
40.256929;1.093652241707768;0.8332009008384341;0.7617182779249474;0.12258522806558315;0.11208859113827652;1.0964014114137173;10.001120809453932;0.8335550964373667;1.097077132977933;1.0970583771718185;0.7600330392083461;-0.12498792147196848;0.7700911767745539
40.266929;1.0936538991177687;0.8332020944964027;0.7617230133716016;0.12258738239350216;0.11209040101634728;1.0964025226425766;10.001103391438521;0.8335513292712422;1.0970768534333613;1.0970585522732081;0.7600310247159447;-0.12498992134923259;0.7700910864496002
40.276929;1.0936554883129552;0.833203173702829;0.7617278501265743;0.1225895122210664;0.1120922070907828;1.096404757996092;10.001084833070886;0.8335474510682176;1.0970766287760576;1.097058728998463;0.7600299648281736;-0.12499192127079713;0.7700920462705095
40.286929;1.0936567287424594;0.8332040334113228;0.7617328882217611;0.12259085549686627;0.11209334166543956;1.0964071186163407;10.001065151885447;0.8335434693879984;1.097076466304582;1.097058902346171;0.7600278699874261;-0.12499292123424184;0.7700919215648491
40.296929;1.0936581863264383;0.8332048900688059;0.7617379325328788;0.12259293813207418;0.11209514204373498;1.096409605063577;10.001044369294831;0.8335393896041448;1.097076372175623;1.0970590670188127;0.7600257513603208;-0.12499492123720697;0.7700920252536317
40.306929;1.0936595769966708;0.8332056344075168;0.7617430823808715;0.12259499824703296;0.11209694057609029;1.0964122187788183;10.001022509929644;0.8335352150830508;1.0970763513896622;1.0970592173160039;0.7600246198712485;-0.12499692127778543;0.7700931827514567
40.316929;1.093659939705067;0.8332055029740622;0.7617483086518188;0.12259714461967981;0.11209893522996874;1.096414963443658;10.000999606300935;0.833530949237977;1.0970764084384932;1.0970593460770666;0.7600224859834712;-0.12499892135458822;0.7700934199707768
40.326929;1.0936611898930786;0.8332060218382961;0.7617536672822913;0.12259916180470659;0.11210073258170693;1.0964168446694915;10.000975702709196;0.8335265971418541;1.0970765477016997;1.097059444270958;0.7600213603563143;-0.1250009214662674;0.7700947079542608
40.336929;1.0936623643981593;0.8332064313357294;0.7617591254372067;0.12260115845500041;0.11210253041514985;1.0964198683007604;10.000950847507333;0.8335221648932262;1.0970767731642945;1.0970595031729227;0.7600192539862544;-0.12500192161132326;0.7700949063905725
40.346929;1.0936634582637226;0.8332067358497024;0.7617646786215054;0.12260313507523841;0.11210432925121822;1.0964230386907696;10.000925073365437;0.8335176580794748;1.0970770887577497;1.0970595168292554;0.7600181778426045;-0.12500392178861117;0.7700963064200776
40.356929;1.0936644654318544;0.8332069403778335;0.7617703218231608;0.12260509211795333;0.1121061295307298;1.096426358725836;10.000898378998269;0.8335130819464763;1.0970774981093585;1.0970594819707562;0.7600161423845008;-0.12500592199733368;0.7700967630118003
40.366929;1.0936653780783476;0.833207394230018;0.7617763626449431;0.12260586458322974;0.11210686583807397;1.0964298311654055;10.000870725240137;0.833508442700595;1.097078002755178;1.0970593965826196;0.7600141569286031;-0.12500792223607343;0.770097252015514
40.376929;1.0936652272035081;0.8332066534373114;0.7617821340832868;0.12260789213486384;0.11210886686737273;1.096433458566171;10.000842048451942;0.8335037479986102;1.09707860135864;1.0970592589156718;0.7600132295439397;-0.12500892250250564;0.7700985866032951
40.386929;1.0936659202468486;0.8332065931283876;0.7617879964496603;0.12260979426037287;0.11211067260355857;1.0964362418468139;10.000812282656266;0.8334990064624411;1.0970792903136464;1.0970590667614568;0.7600113675297945;-0.1250109227943667;0.7700991075814012
40.396929;1.0936664882517824;0.8332064566272663;0.761793906978128;0.12261168032328058;0.11211247998243372;1.0964401795364722;10.000781375539008;0.8334942270419945;1.097080063976469;1.09705881708739;0.760010577528344;-0.1250129231101874;0.7701006180285753
40.406929;1.0936669242556638;0.8332062496199928;0.7617998514047861;0.12261355172716691;0.11211428877334868;1.0964442670360022;10.000749292424244;0.8334894190613704;1.097080914787016;1.0970585074655046;0.7600088649179442;-0.12501492344914109;0.7701011394582081
40.416929;1.0936669412162392;0.8332058689579562;0.761805914105327;0.12261464732902502;0.11211543049440147;1.0964484951414077;10.000716017153367;0.8334845923103397;1.0970818341600312;1.0970581383610627;0.7600082330880539;-0.12501592381070784;0.770102480328373
40.426929;1.09366710132585;0.8332055342068942;0.7618118850592565;0.12261649391356287;0.11211724186860769;1.0964528497503312;10.000681558936352;0.8334797564595704;1.0970828137722028;1.0970577133871837;0.7600066829846406;-0.12501792419444913;0.7701029892269641
40.436929;1.093666157323242;0.8332047211686762;0.7618181345978967;0.1226172730402773;0.11211818610436035;1.0964573135298645;10.000645961348713;0.8334749211262674;1.0970838460011534;1.097057238239469;0.7600052131492412;-0.1250199245997518;0.770103486836364
40.446929;1.093666021308279;0.8332042710408749;0.7618240781127078;0.12261910123011309;0.112120000519496;1.0964608690103645;10.000609301139395;0.833470096925536;1.097084923836519;1.0970567196548242;0.7600048207282529;-0.12502192502559742;0.7701049551956965
40.456929;1.0936657293785124;0.8332037693563652;0.761829987199273;0.12262092271548475;0.11212181644860873;1.0964655020379792;10.00057167418901;0.8334652955569404;1.0970860413414998;1.0970561637138012;0.7600035024508254;-0.12502292547049135;0.7701052545500617
40.466929;1.0936652800934792;0.8332032198966427;0.7618358498436463;0.122622739081946;0.1121236338179424;1.0964702026410562;10.000533182319732;0.8334605287470808;1.0970871939350848;1.0970555748141448;0.760003254540089;-0.12502492593268671;0.7701066815063383
40.476929;1.0936646761965012;0.8332026246419133;0.7618416559180607;0.12262455174702713;0.11212545272099197;1.0964749627098196;10.000493922097878;0.8334558079968146;1.097088378018759;1.0970549559499128;0.7600020727330595;-0.12502692641079702;0.7701071005508768
40.486929;1.0936639241726223;0.833201983842192;0.761847397013564;0.12262636207550258;0.11212727345352164;1.0964797734270857;10.000453971874869;0.8334511448791818;1.0970895907790044;1.0970543091090574;0.7600019527277917;-0.12502892690422368;0.770108484922583
40.496929;1.0936620734956313;0.8332005337368624;0.76185303746446;0.12262827945745555;0.11212929364210611;1.0964836248052836;10.00041339766662;0.8334465503503407;1.0970908307543448;1.0970536365748444;0.7600008900479801;-0.12502992741296595;0.7701086972434097
40.506929;1.09366105185537;0.8332001415105127;0.7618589442130863;0.12262892357035929;0.11213005406333967;1.0964885071633887;10.000372278180002;0.8334420335003053;1.097092097586673;1.0970529425318682;0.7599998798079932;-0.12503192793739992;0.7701090472041019
40.516929;1.0936599094360475;0.8331993559575064;0.7618644544746138;0.12263073425491199;0.11213188411915939;1.0964934120131935;10.000330713777005;0.8334376008334891;1.0970933887979581;1.097052232539786;0.759999917144945;-0.12503392847821765;0.7701103588654811
40.526929;1.093658655306947;0.8331985212910401;0.7618698766158779;0.1226325465352345;0.11213371882605244;1.0964983311318133;10.000288809299184;0.8334332569202286;1.0970946965380846;1.097051511806319;0.7599989981277139;-0.1250349290361944;0.7701104983246777
40.536929;1.0936572988513276;0.8331976402390062;0.7618752040022289;0.12263436070620246;0.11213555877966733;1.0965032561075965;10.000246653648647;0.8334290059840677;1.0970960092029736;1.0970507845004678;0.7599991207073731;-0.12503692961185983;0.7701117678339213
40.546929;1.0936546082818634;0.8331958477287832;0.7618804999437357;0.12263552247749179;0.11213693337012651;1.0965071798010477;10.000204319612642;0.8334248520699772;1.0970973161655941;1.0970500536518617;0.7599982848351631;-0.12503893020509937;0.7701120366508795
40.556929;1.0936530790205345;0.8331952368282395;0.7618859354747473;0.12263617606722102;0.11213772009373595;1.0965120974883091;10.000161889254489;0.8334207977450234;1.0970986099889029;1.0970493205488094;0.7599984916582102;-0.12503993081468381;0.7701131205510158
40.566929;1.0936514817056249;0.8331942591366788;0.7618909480202898;0.12263799849610788;0.11213958017649878;1.0965170057542544;10.000119472532083;0.8334168435013792;1.0970998855551253;1.0970485841159356;0.7599977429495348;-0.12504193143809383;0.770113374332042
40.576929;1.0936498299265134;0.833193268792824;0.7618958493153711;0.12263982496368621;0.11214144900321793;1.0965219006410474;10.000077195387243;0.833412988405657;1.0971011395823904;1.0970478411482896;0.7599980406387327;-0.12504393207192593;0.7701146114092949
40.586929;1.093648137338395;0.8331922759084021;0.7619006362426781;0.12264165622290021;0.11214332757455786;1.0965257772065402;10.000035185674793;0.8334092314465233;1.0971023707278598;1.0970470871926916;0.7599973858503403;-0.12504593271263564;0.7701148598797246
40.596929;1.0936454583998594;0.8331905272674567;0.7619052752093414;0.12264360108649952;0.11214541361798468;1.0965306295700854;9.999993571265614;0.8334055721930699;1.0971035784908392;1.0970463170333289;0.7599977786680484;-0.12504693335695974;0.7701159331520305
40.606929;1.0936437247673907;0.8331899009935755;0.7619101336615944;0.12264427878032498;0.11214624735311539;1.0965354496943105;9.999952471996282;0.8334020101008552;1.097104762097397;1.0970455248659783;0.7599972186977546;-0.12504893400175424;0.7701161858457757
40.616929;1.0936419893521963;0.8331889566939498;0.7619145509568711;0.1226461288400895;0.11214815735002205;1.096540226811752;9.999911987282637;0.8333985443061432;1.0971059210437142;1.0970447050793437;0.7599967048730935;-0.12505093464381775;0.7701164448194182
40.626929;1.0936402624151522;0.8331880486571046;0.7619188402806185;0.12264798625475715;0.11215007808477465;1.0965449492230452;9.999872191966043;0.8333951744067988;1.0971070561326204;1.0970438533448994;0.7599972348316882;-0.12505193528008976;0.7701175342099773
40.636929;1.0936385525073617;0.8331871874242929;0.7619230009532465;0.12264985158959543;0.11215200997523794;1.0965486065454626;9.999833141896605;0.8333919003214852;1.0971081695904754;1.0970429672749387;0.7599968046392546;-0.12505393590774;0.770117803226742
40.646929;1.0936359067517412;0.8331859636106176;0.7619273181382712;0.12265066800710223;0.11215308482772611;1.0965531910994786;9.999794888428566;0.8333887215918592;1.0971092648182987;1.0970420464011144;0.7599974084122209;-0.12505593652401328;0.7701190609782901
40.656929;1.0936342466040212;0.8331852236116829;0.7619312221643062;0.12265255102633393;0.11215504020368938;1.0965576987716943;9.999757496542982;0.8333856381001734;1.0971103460987228;1.097041091762703;0.7599970380915011;-0.12505693712643226;0.770119169591794
40.666929;1.0936326136546108;0.8331845567088255;0.7619349997589957;0.12265444338494433;0.11215700772595737;1.0965621293795742;9.99972104879788;0.8333826512017884;1.0971114173603038;1.0970401052431626;0.7599976841703687;-0.1250589377133203;0.7701204235663589
40.676929;1.0936307257713958;0.833183862923512;0.7619387508284989;0.12265558266982544;0.11215831933788138;1.096565486070395;9.999685628269992;0.8333797633660969;1.0971124800559593;1.0970390883171681;0.7599973372559902;-0.12505993828383186;0.7701205190300726
40.686929;1.0936281925980729;0.8331826045642602;0.761942251681278;0.12265760252666219;0.11216050912458599;1.0965697738580213;9.999651305143354;0.8333769776649496;1.0971135320349188;1.0970380408200757;0.7599979897607132;-0.12506193883750447;0.770121748084943
40.696929;1.093626655489737;0.8331825517884903;0.7619459756013174;0.12265835958781762;0.11216144905248668;1.0965739985790546;9.999618143773322;0.8333742990339457;1.0971145686547852;1.0970369601890133;0.7599976368880687;-0.12506393937417076;0.7701219697515025
40.706929;1.0936251623140194;0.8331822614915462;0.7619492675620425;0.122660293773847;0.11216346768519872;1.0965781662739542;9.999586218298619;0.8333717354347023;1.0971155853320906;1.097035840946264;0.7599982764211799;-0.12506493989413126;0.7701229908264703
40.716929;1.0936237184048705;0.8331820819056963;0.7619524439114707;0.12266224069668644;0.11216549924969543;1.0965822822553732;9.999555620637663;0.8333692964463029;1.0971165797376956;1.0970346751333606;0.759997908041059;-0.12506694039794317;0.7701231586018841
40.726929;1.0936223264283436;0.8331820160454588;0.7619555056826675;0.12266420145603912;0.11216754375328751;1.0965853512111738;9.99952645246834;0.833366991096929;1.0971175519523957;1.097033453989748;0.759998532726992;-0.1250689408859745;0.7701242801648079
40.736929;1.0936200287472015;0.833181646069147;0.7619587383346874;0.12266511937018314;0.1121687324925247;1.0965893782554035;9.999498809128562;0.8333648273023636;1.0971185030801653;1.0970321697914431;0.7599981519886272;-0.12506994135810132;0.7701242157137036
40.746929;1.0936187461961713;0.8331818081768795;0.7619615715037845;0.12266710984803579;0.11217080240965913;1.096593368351794;9.999472768124242;0.8333628118866241;1.0971194344192834;1.0970308168953928;0.7599977674441003;-0.12507194181356937;0.7701242733635546
40.756929;1.093617523464678;0.8331820798868441;0.761964291561587;0.12266911514821031;0.11217288427069613;1.0965973243196816;9.999448381026982;0.8333609505120098;1.0971203475571019;1.0970293919592742;0.7599983808837627;-0.12507294225114632;0.7701251127236703
40.766929;1.0936163639151624;0.8331827998590099;0.7619672139116255;0.1226699691754473;0.11217391139986697;1.096600246037383;9.999425666785578;0.8333592482065083;1.0971212443547704;1.0970278938931826;0.7599979938869447;-0.12507494266986208;0.7701250831449368
40.776929;1.0936143096794562;0.8331825121565037;0.7619696804947151;0.1226721102153368;0.11217621111385323;1.0966041317815156;9.999404614149668;0.8333577098441501;1.097122126509755;1.0970263238182907;0.7599986070674244;-0.12507694306987574;0.770125993563619
40.786929;1.0936132785437893;0.8331830802472497;0.7619720614821152;0.12267415619495356;0.1121783219474831;1.0966079797671933;9.999385194011092;0.8333563399449609;1.097122995443109;1.097024684707364;0.7599982198252023;-0.12507794345233264;0.7701257067198728
40.796929;1.0936123103371518;0.8331837368597311;0.7619743252988553;0.12267621459063721;0.11218043919278091;1.0966117878522523;9.99936736952604;0.8333551417535748;1.097123852846415;1.097022980564346;0.759998830681953;-0.12507994381843748;0.7701265206081198
40.806929;1.0936114038791072;0.833184821279858;0.7619767848693274;0.12267711957127869;0.1121814951914343;1.09661455316453;9.999351097490347;0.8333541161330736;1.0971247011612402;1.0970212158634307;0.7599984379377295;-0.12508194416902782;0.7701262987222921
40.816929;1.0936093145873325;0.8331847704982072;0.7619788807768338;0.12267854737955076;0.1121831482744002;1.0966182734697707;9.999336319672425;0.8333532616394432;1.097125544020091;1.0970193958095544;0.7599990403279745;-0.1250829445047933;0.7701268497284801
40.826929;1.093608521594597;0.8331856639672732;0.7619807884071598;0.12268064203339017;0.11218527315772862;1.0966219482261135;9.999322948576184;0.8333525757004189;1.0971263868311185;1.097017526831727;0.7599986370757535;-0.12508494482641025;0.7701265218213126
40.836929;1.0936077758336444;0.8331869695008265;0.7619828908677616;0.1226815839447968;0.11218633083027753;1.0966255782023064;9.99931086862622;0.8333520557015854;1.0971272366367772;1.0970156168630167;0.7599992275833787;-0.1250859451343788;0.7701269615691189
40.846929;1.0936070690982325;0.833187995033661;0.7619845589928558;0.12268370478234604;0.11218845067482898;1.0966281654496404;9.999299959325858;0.8333516992509121;1.097128100585377;1.097013675092082;0.7599988113922944;-0.12508794542866905;0.7701265200120856
40.856929;1.093605433185062;0.8331894842333712;0.7619871428042687;0.12268629112586076;0.1121910764226743;1.0966317132674113;9.999290116781701;0.8333515037642367;1.0971289838169718;1.0970117109436726;0.7599993879006847;-0.12508894570842163;0.7701268461284394
40.866929;1.0936047756940206;0.833190974000237;0.7619888815376452;0.12268727414772505;0.11219211779337883;1.0966352237205137;9.999281257755385;0.8333514667203844;1.0971298891432706;1.0970097336925353;0.7599989556712986;-0.12509094597213752;0.770126290528708
40.876929;1.093604124322488;0.8331921797571957;0.761990182188995;0.12268943640006093;0.11219421611809673;1.0966376945847904;9.9992733100838;0.8333515868222904;1.0971308185358106;1.0970077539165684;0.7599995120999444;-0.12509294621823674;0.7701266616557663
40.886929;1.0936034648241817;0.8331934451422703;0.7619913597539374;0.12269161215068906;0.1121963042666737;1.0966411199009625;9.999266200123536;0.8333518639581413;1.0971317733536572;1.0970057853111213;0.7599990533897611;-0.12509394644554986;0.7701258203845242
40.896929;1.0936018254877677;0.8331943504758873;0.7619927024628007;0.12269274370317676;0.11219751239540623;1.0966444931913757;9.999259850872807;0.8333522973626728;1.0971327526207129;1.0970038445909767;0.759999574867351;-0.12509594665347126;0.7701260632415504
40.906929;1.0936011146740638;0.8331957324293808;0.7619936447378777;0.12269494628548336;0.11219957692805985;1.0966478097160215;9.999254191722928;0.8333528842755705;1.0971337519056796;1.0970019497308074;0.7599990719550269;-0.12509694684180528;0.7701250922768
40.916929;1.0936003643448733;0.8331971722344218;0.7619944779409284;0.12269716270476289;0.11220162888375987;1.09665006700258;9.99924916674258;0.8333536204762017;1.0971347646200582;1.0970001187361815;0.7599995407040683;-0.12509894701060315;0.7701252068999894
40.926929;1.0935995657331326;0.833199014993868;0.7619955222395816;0.1226982281268054;0.11220260257767621;1.0966532641943334;9.999244734993907;0.8333545014226218;1.0971357838799058;1.0969983689697043;0.7599989773858887;-0.1250999471600567;0.7701241102141999
40.936929;1.0935977515435162;0.8331998110996252;0.7619961248487302;0.12270058239405898;0.11220482675671728;1.096656400321757;9.999240868496218;0.8333555224699193;1.0971368029245148;1.096996715187001;0.7599993784196512;-0.12510194729033364;0.7701241028203611
40.946929;1.0935968332969361;0.8332014281728962;0.7619966622466579;0.12270284489416332;0.11220684164078135;1.0966594727266514;9.999237549907562;0.8333566786978163;1.0971378159673646;1.0969951673710687;0.7599987410199451;-0.12510394740137462;0.7701230526726928
40.956929;1.0935955643397095;0.8332033377109949;0.7619975225263704;0.12270319591166653;0.112207110358406;1.0966614775900616;9.99923475899256;0.8333579650108088;1.0971388201505343;1.0969937311433744;0.7599990636041645;-0.12510494749270024;0.7701227765176641
40.966929;1.0935945083570178;0.8332050670269251;0.7619978850792481;0.12270549186176735;0.11220910096996214;1.0966644122231817;9.999232453246913;0.8333593759885788;1.0971398161284827;1.096992410395234;0.7599983456909604;-0.1251069475632444;0.7701216338472341
40.976929;1.093592423153775;0.8332060882785748;0.7619981382571662;0.12270791233886255;0.11221127648536304;1.0966672763590362;9.999230564253015;0.8333609057407153;1.09714080697696;1.0969912093075027;0.7599985879119511;-0.12510794761131544;0.7701212829708642
40.986929;1.0935912281818425;0.8332082692361065;0.7619986585440218;0.12270907537330489;0.1122121769691185;1.0966690716453955;9.999229007700693;0.8333625482515333;1.097141796559893;1.096990131872966;0.7599977921360672;-0.12510994763495353;0.7701200847246333
40.996929;1.093589966911849;0.8332101590920453;0.7619987910565263;0.12271141911960613;0.11221413117278163;1.0966718013288994;9.999227696691673;0.8333642983028781;1.0971427869901718;1.0969891798041613;0.7599979608955181;-0.12511094763250233;0.7701196953808656
41.006929;1.093588644150876;0.8332121017353145;0.7619988507861889;0.1227137772582867;0.11221607383458995;1.0966744705268299;9.999226556432935;0.8333661525686642;1.0971437761668525;1.096988351447357;0.7599970958889475;-0.12511294760273658;0.7701184725589235
41.016929;1.0935863083206026;0.8332136793869419;0.7619991223618146;0.12271509144432224;0.11221713704995478;1.096677084836786;9.999225537302305;0.8333681095646192;1.09714475832756;1.0969876431457113;0.7599971970528058;-0.1251139475445464;0.7701180700474489
41.026929;1.093584887872437;0.8332157317525453;0.761999034453834;0.12271747608275987;0.11221905911607923;1.0966786474310197;9.99922462369529;0.8333701683447985;1.097145727353789;1.0969870516628082;0.7599962637460116;-0.12511594745673033;0.7701168435450247
41.036929;1.093583435798541;0.8332181857846327;0.7619991859728411;0.12271870725076449;0.11221990691606476;1.0966811580501405;9.999223827254383;0.8333723273753374;1.0971466790064766;1.096986576076684;0.7599962961834441;-0.125116947338139;0.7701164446486023
41.046929;1.0935810066314238;0.8332195927636303;0.7619989180619562;0.12272122326878915;0.11222201027593602;1.0966836145605463;9.999223162792926;0.8333745838599715;1.0971476106691926;1.0969862191661521;0.7599952948185896;-0.12511894718807354;0.7701152267972927
41.056929;1.0935795326239277;0.8332218215903665;0.7619986008730408;0.12272364228096926;0.11222391033054267;1.0966850149737593;9.999222630443974;0.8333769327253205;1.0971485202537985;1.096985987185442;0.7599952594858511;-0.12511994700658838;0.7701148400926611
41.066929;1.0935780674349014;0.8332244506151996;0.7619985168899495;0.12272490623547744;0.11222473919195648;1.0966873579048095;9.999222215782973;0.8333793663080449;1.0971494056224116;1.0969858875103964;0.7599941898382737;-0.12512194679446348;0.7701136373530967
41.076929;1.0935766230071573;0.8332267861403312;0.761998035442375;0.1227273456888832;0.11222662899605987;1.096689640832328;9.999221896610024;0.8333818760690501;1.0971502651138496;1.096985926729049;0.7599940857702097;-0.12512294655274198;0.770113267615875
41.086929;1.0935742524488632;0.8332284010688223;0.7619974417906643;0.122729902408012;0.1122287119367175;1.0966918588215815;9.999221647352538;0.8333844544904588;1.0971510983541097;1.0969861105841603;0.7599929477330134;-0.12512494628197324;0.7701120813971251
41.096929;1.0935728871348818;0.8332311558809079;0.7619971107137923;0.12273119433785298;0.11222952899033807;1.0966930057430346;9.999221445158454;0.8333870951382132;1.0971519061368342;1.096986444134235;0.7599927778849654;-0.12512594598184182;0.7701117246525894
41.106929;1.0935712981418733;0.8332334837745112;0.7619964873994155;0.12273289711527488;0.11223074104480374;1.0966950766085508;9.999221278953291;0.8333897918159279;1.0971526901101905;1.0969869312276865;0.7599915810341327;-0.12512794565157626;0.7701105447591612
41.116929;1.0935691041545534;0.8332355158271819;0.7619959798880167;0.12273431211457267;0.11223175054928722;1.0966970690060884;9.999221149948262;0.8333925377995919;1.0971534529118798;1.0969875743111743;0.7599913635807714;-0.12512894529063176;0.7701101849116452
41.126929;1.0935679512113372;0.8332379718702259;0.7619951218378439;0.12273679126292161;0.1122336265262534;1.096697982784523;9.999221063115332;0.8333953254181791;1.0971541984180828;1.0969883743380262;0.7599901310130754;-0.125130944898942;0.770108990367497
41.136929;1.0935668886220389;0.8332404228607839;0.7619942056726993;0.12273927612516196;0.11223550027806518;1.0966998187716417;9.999221020660356;0.8333981471490034;1.0971549324357528;1.0969893297451978;0.7599898864994178;-0.12513194447683776;0.7701086025886708
41.146929;1.093565921741273;0.8332432020612593;0.761993555052569;0.12274060027999571;0.11223630598902323;1.0967015774250728;9.999221018489049;0.8334009971943767;1.0971556632762147;1.0969904361135425;0.7599886319393421;-0.12513394402517553;0.7701073655445427
41.156929;1.093564093402046;0.833244848477671;0.7619925237145294;0.12274320185183513;0.11223837210597243;1.0967022580168846;9.999221049812176;0.8334038709207838;1.0971564011580208;1.0969916880750947;0.759988370227057;-0.12513494354561844;0.7701069202299078
41.166929;1.0935633213257205;0.8332475638426142;0.761991810938323;0.12274453331204835;0.11223917286547344;1.0967038590105425;9.999221120805675;0.8334067632731272;1.0971571572525003;1.096993080868479;0.7599871063580668;-0.1251369430407131;0.770105610904497
41.176929;1.0935626438627122;0.8332498884388198;0.7619907724222278;0.12274703308518825;0.11224103671207289;1.0967053788677419;9.999221257647301;0.833409668706048;1.097157942360436;1.0969946090478766;0.7599868466233443;-0.12513794251354735;0.7701050789696834
41.186929;1.0935610973690035;0.8332517409317659;0.7619900213007423;0.12274847716170316;0.11224202923651111;1.0967058163425942;9.999221488227786;0.8334125823039827;1.0971587646352932;1.0969962650409593;0.7599855972045474;-0.12513994196712402;0.7701036688347871
41.196929;1.0935605940263478;0.833253957728869;0.7619889997499952;0.12275097934733342;0.11224388767607309;1.0967071708487393;9.999221817378112;0.8334155003900157;1.0971596282673755;1.0969980402933963;0.7599853632988838;-0.12514094140398552;0.770103021229783
41.206929;1.093560168314902;0.8332561229142911;0.7619880035793296;0.12275347986521556;0.11224574325106872;1.0967084433531902;9.999222217085993;0.8334184205161744;1.0971605338236388;1.0969999268877912;0.7599841488203862;-0.12514294082634972;0.7701014786171959
41.216929;1.0935588547287665;0.8332578230416736;0.76198732595418;0.12275491849593735;0.11224672725787982;1.0967096366766729;9.999222636030632;0.8334213419107851;1.097161479202543;1.0970019177196997;0.7599839562938774;-0.12514394023624428;0.7701006798370071
41.226929;1.0935585630628044;0.8332599018692586;0.761986402362823;0.12275740774180312;0.11224857711652315;1.0967097546255744;9.999223023267874;0.833424265465291;1.0971624614175763;1.0970040057882935;0.7599827863754157;-0.12514593963525492;0.7700989686048579
41.236929;1.0935583219431377;0.8332622897987543;0.7619858380467449;0.12275872148024004;0.11224935861317403;1.0967108013252944;9.999223351785972;0.8334271923095896;1.0971634783162785;1.0970061832620521;0.7599826365253949;-0.12514693902429475;0.7700979895007819
41.246929;1.0935571580596892;0.8332635416906087;0.7619849820118055;0.12276129565941747;0.11225140031538115;1.0967117812591034;9.99922362566377;0.8334301228215478;1.097164528835303;1.0970084417615418;0.7599825001205606;-0.12514793840369193;0.7700969190335226
41.256929;1.0935566932907772;0.8332657659563926;0.7619846272924284;0.12276181791627304;0.11225150818318058;1.096711699727991;9.999223864783252;0.8334330566829573;1.097165612217763;1.097010774139424;0.7599813681042126;-0.12514993777344477;0.7700949379295817
41.266929;1.0935565214145555;0.833267729256285;0.7619839274541463;0.12276424999811593;0.11225334715052124;1.0967125641596025;9.999224084461781;0.8334359926173572;1.0971667274559156;1.0970131759530892;0.7599812319049584;-0.12515093713347214;0.7700937026896382
41.276929;1.0935563462342106;0.8332700096317014;0.7619836156975818;0.12276549628110575;0.11225411740517144;1.0967133852764872;9.999224295404794;0.833438927870451;1.0971678745741118;1.0970156456950888;0.7599800843619277;-0.1251529364838128;0.7700915744702755
41.286929;1.0935551938221983;0.833271153843659;0.7619830378985111;0.12276799418240558;0.1122561475401175;1.0967131765504672;9.999224517918677;0.8334418585016189;1.0971690571203072;1.0970181836752253;0.7599799187154456;-0.1251539358247198;0.7700902114194578
41.296929;1.0935549670850189;0.8332733706388964;0.7619828831854301;0.12276919561399995;0.11225691205647546;1.0967139525313956;9.999224783406035;0.8334447803560782;1.0971702823850584;1.0970207904599807;0.7599787286826327;-0.12515593515654116;0.7700879742717565
41.306929;1.0935546939351999;0.8332752068838749;0.7619824980875165;0.12277153857722461;0.1122587397094776;1.0967147271601376;9.999225123058816;0.8334476892710309;1.0971715588147328;1.0970234661507459;0.7599785102536771;-0.12515693447958282;0.7700865205596343
41.316929;1.0935534072418396;0.8332765864263415;0.7619824897428212;0.12277279900547095;0.11225969637403864;1.0967145121201392;9.999225560990652;0.8334505805343663;1.0971728939655148;1.0970262097355956;0.7599772625604388;-0.1251579337942537;0.7700840492312409
41.326929;1.0935530216035203;0.8332783476437724;0.7619822980178754;0.12277509126967448;0.1122615195639474;1.0967153162536174;9.999226110667621;0.8334534489356249;1.0971742941738736;1.097029017942033;0.7599769864516358;-0.12515993310128448;0.7700827072520128
41.336929;1.0935525769267174;0.8332804175392531;0.7619825334155205;0.12277619097892338;0.11226227503745838;1.0967161468575954;9.999226777599421;0.8334562892027302;1.097175764434199;1.0970318855569205;0.7599756820208513;-0.12516093240168866;0.770080208545966
41.346929;1.0935511153413102;0.8332813496696887;0.7619825479340784;0.12277853605267007;0.11226429151385219;1.0967160106615597;9.999227578889744;0.8334590958540229;1.0971773082610508;1.0970348075236263;0.7599753473198484;-0.12516293169658294;0.7700788647077148
41.356929;1.0935505574437336;0.8332830174161081;0.7619827218084945;0.12278074453612496;0.11226610939310086;1.0967169131588974;9.999228559579107;0.8334618628611948;1.0971789278048307;1.0970377800993585;0.7599739794323515;-0.12516393098723552;0.7700763903184166
41.366929;1.093549945310953;0.8332850070734825;0.7619833466290123;0.12278175841029515;0.11226686043019025;1.0967178577117795;9.999229783322377;0.8334645844410113;1.0971806233914334;1.0970408001960708;0.7599735758240543;-0.12516593027534823;0.770075095575366
41.376929;1.0935483194558948;0.8332858743067632;0.7619837697736099;0.12278401643688867;0.11226887369228598;1.0967178447335548;9.99923131210936;0.8334672558444995;1.0971823927491302;1.0970438638172513;0.759972133956694;-0.12516692956329237;0.7700726918345273
41.386929;1.093547597784533;0.8332878370503958;0.7619846823546031;0.12278497151729476;0.11226962425935885;1.096718871027461;9.999233190681425;0.8334698720127505;1.0971842313970945;1.097046964839348;0.7599716509003341;-0.12516792885424452;0.7700713229356055
41.396929;1.0935468218926212;0.8332894498015069;0.7619854318204267;0.12278706234066752;0.11227144147823008;1.0967199308503586;9.999235438273557;0.8334724263813625;1.0971861340733537;1.0970500954376876;0.7599711241688475;-0.125169928152124;0.7700701710191578
41.406929;1.0935450344199;0.8332906423791733;0.7619866237494133;0.12278806560733783;0.11227239156019339;1.0967200185253803;9.999238054077052;0.8334749122814621;1.097188095976299;1.0970532474879469;0.7599695518472923;-0.12517092746109276;0.7700679286237363
41.416929;1.0935438728384594;0.8332924950796113;0.7619881064700637;0.12278816874499805;0.11227247804656551;1.096721130354071;9.999241029069685;0.8334773248658525;1.097190113144556;1.0970564143081758;0.7599689314979756;-0.1251729267849367;0.7700668955593268
41.426929;1.0935429451607797;0.8332941263491669;0.7619893447484276;0.12279017069660302;0.1122743002642973;1.0967222649516768;9.999244352383634;0.8334796615788642;1.0971921816767896;1.0970595920213493;0.7599672597970265;-0.12517392612695505;0.7700647716958595
41.436929;1.093541010082673;0.8332953633265648;0.761991039827364;0.12279108602483023;0.1122752554829571;1.0967224229447414;9.99924801377049;0.8334819215241488;1.097194295809647;1.0970627786345304;0.7599665332321445;-0.12517492549006262;0.770063689418689
41.446929;1.0935399867807938;0.8332970522295242;0.7619926223424939;0.12279303082641341;0.1122770808912844;1.0967236067974917;9.999252006822392;0.8334841047039879;1.0971964458162746;1.0970659720914766;0.7599647486724691;-0.12517692487659277;0.7700618342441365
41.456929;1.0935389182790793;0.8332991238339313;0.7619946907600434;0.12279378269200421;0.11227784185892052;1.0967238203139362;9.999256331625123;0.8334862114436496;1.097198617912595;1.097069169828138;0.7599639034359251;-0.12517792428839267;0.7700608521221552
41.466929;1.0935368497124553;0.8333001328395263;0.7619965836347627;0.12279578154913497;0.11227986652952662;1.096725067774722;9.999260989847835;0.8334882416623705;1.097200796720711;1.0970723691829736;0.7599619951777741;-0.12517992372732756;0.7700590938236979
41.476929;1.0935357059270572;0.833302296477011;0.7619989807228756;0.12279648194654616;0.11228062869932895;1.096726354008884;9.999265978179;0.8334901945920791;1.0972029678178052;1.0970755672960526;0.7599610221302451;-0.12518092319541896;0.7700582082740072
41.486929;1.0935345353428225;0.8333041681502109;0.7620012155013542;0.12279832483272256;0.1122824562601227;1.0967266846188755;9.999271289310338;0.8334920697565329;1.09720511868516;1.0970787602647427;0.7599589834621042;-0.12518192269472098;0.7700563865911719
41.496929;1.0935323850891483;0.8333056735277589;0.7620038783506906;0.12279908929704965;0.11228341437734159;1.0967280645825892;9.999276915755333;0.8334938683118551;1.097207238728705;1.0970819424940115;0.7599578791960548;-0.12518392222731808;0.7700557680920528
41.506929;1.0935311764471147;0.8333076478747229;0.7620063900616775;0.12280089313463528;0.11228524018566444;1.0967294970431247;9.999282852819693;0.8334955930171691;1.0972093190593741;1.0970851074078944;0.7599567103869319;-0.12518492179531784;0.7700550448411514
41.516929;1.093528990475055;0.833309248411543;0.7620093126821104;0.12280162302695147;0.11228619618291501;1.0967299843083642;9.99928910230266;0.833497246749156;1.0972113519998534;1.0970882481352977;0.7599544798644128;-0.12518592140092985;0.7700533953670211
41.526929;1.0935277424748495;0.8333113065891581;0.7620120665055953;0.12280339622811733;0.11228801930085028;1.0967315300162268;9.999295675885781;0.8334988313446148;1.0972133305271334;1.0970913564818783;0.7599531923744326;-0.1251879210466048;0.7700529565966097
41.536929;1.093526469068816;0.8333137408566778;0.762015239891854;0.12280399085508122;0.11228877459617789;1.0967331401335139;9.999302591668446;0.8335003475507454;1.0972152480469626;1.0970944217663048;0.7599508535318437;-0.1251889207348237;0.7700514301005382
41.546929;1.0935242069852564;0.8333150952150438;0.7620181626553433;0.12280584682832574;0.11229079006504267;1.0967338213928466;9.99930986783348;0.833501795160847;1.0972170988081797;1.0970974309209536;0.7599494683891389;-0.12518992046755448;0.7700509517795485
41.556929;1.0935228715847753;0.8333175762275558;0.7620215097213111;0.12280641783048254;0.1122915396107564;1.0967355792982694;9.99931752332548;0.8335031730661331;1.097218879088686;1.0971003693369148;0.759947040699265;-0.12519192024592024;0.7700497105303917
41.566929;1.0935215013013797;0.8333200705804165;0.7620249273501227;0.12280697728353471;0.11229228559261394;1.0967364180043;9.999325577240402;0.8335044795565602;1.097220587680625;1.0971032217519798;0.7599455732325193;-0.12519292007036903;0.7700493533732309
41.576929;1.0935188509983502;0.8333213569327191;0.7620281599125981;0.12280803582780062;0.11229362222630801;1.0967383405046824;9.999334044434162;0.8335057128538086;1.097222223880689;1.0971059721508303;0.7599430683187995;-0.1251939199411488;0.7700480673376207
41.586929;1.093517401163079;0.8333238570755221;0.7620316846277255;0.12280857194857034;0.11229436029877875;1.096740347777867;9.999342939271298;0.8335068719639924;1.097223785060856;1.0971086030877846;0.7599415273259177;-0.12519591985870598;0.7700479874410205
41.596929;1.0935159071717864;0.8333260065048192;0.7620349282420742;0.1228102622959809;0.11229616026427577;1.0967414385321652;9.99935227837454;0.8335079573580756;1.0972252666020477;1.0971110958135548;0.7599399498075986;-0.12519691982374778;0.7700478032097353
41.606929;1.0935134088824066;0.8333277218518302;0.7620384753398483;0.12281088395000564;0.11229708816568068;1.0967436107853554;9.999362073543836;0.8335089708702045;1.0972266630427003;1.0971134310558375;0.7599373340168036;-0.12519791983696069;0.7700466924558962
41.616929;1.0935118254887095;0.8333298311498659;0.7620417407822777;0.12281255275569966;0.112298882018409;1.09674586365422;9.999372334309417;0.833509914941901;1.0972279692707716;1.0971155906880357;0.7599356778934278;-0.12519991989853874;0.770046791756514
41.626929;1.0935102016941078;0.8333322501705639;0.762045311274415;0.12281304564879238;0.11229960822390703;1.0967471975584628;9.999383076546419;0.8335107913910405;1.0972291816080333;1.097117560159303;0.7599329791538276;-0.125200920008024;0.770045801936467
41.636929;1.0935075861783776;0.8333338655254032;0.7620488333229106;0.1228136361939224;0.11230053037820005;1.0967496134105372;9.999394310788178;0.8335116003518637;1.0972302974590056;1.0971193290517856;0.7599312351421097;-0.12520192016459106;0.770045858198314
41.646929;1.093505907694601;0.8333358531039373;0.7620520422836308;0.12281527453515266;0.11230232089804024;1.0967511119820652;9.999406025097866;0.8335123403722505;1.0972313140021803;1.0971208893373292;0.7599284429670471;-0.1252039203670613;0.7700451496534
41.656929;1.0935032588192437;0.8333373697012766;0.7620555001948592;0.12281584549028701;0.11230324339904384;1.0967536933233768;9.999418191733831;0.8335130098129996;1.0972322279990558;1.0971222343818199;0.7599265996546142;-0.12520492061353394;0.7700453253446339
41.666929;1.0935015697731583;0.8333392467680046;0.7620586279873678;0.12281746500912698;0.1123050363407048;1.0967563558677182;9.999430782051085;0.8335136081889496;1.0972330362416085;1.0971233591850014;0.7599247024156962;-0.12520592090144575;0.7700455622912862
41.676929;1.093499895646294;0.8333414021589831;0.7620620178685572;0.12281791017031865;0.11230576664987352;1.0967580959739571;9.99944376572845;0.8335141363369245;1.0972337354015156;1.097124260136145;0.759921749095566;-0.1252079212282219;0.7700450369533941
41.686929;1.0934972932297407;0.8333427237032394;0.7620653208678946;0.12281845455209013;0.11230669859447041;1.0967609085671672;9.999457110424556;0.833514596196011;1.0972343221417054;1.0971249348062126;0.7599197386752551;-0.12520892159177469;0.7700453966978802
41.696929;1.0934956974819876;0.8333443897495801;0.7620682755818345;0.12282004795949975;0.11230850518878048;1.0967637880969834;9.999470792201276;0.8335149907530719;1.0972347934722213;1.097125383353916;0.7599166714066595;-0.1252099219905231;0.7700448278108324
41.706929;1.0934941659017587;0.8333463239745367;0.7620714757490716;0.12282046653100322;0.11230925331700212;1.0967657288042016;9.999484795060388;0.8335153240674047;1.0972351459422154;1.0971256109468976;0.7599145478664272;-0.1252119224232406;0.7700454609909612
41.716929;1.0934917546125091;0.8333470753288564;0.7620742578866398;0.12282214843224158;0.11231127280711978;1.0967687246880453;9.999499102556097;0.8335156015150503;1.0972353743678855;1.097125628167472;0.7599113679209298;-0.12521292288883132;0.7700449901468838
41.726929;1.0934903952347832;0.8333488552646584;0.7620773037707859;0.12282254601556122;0.1123120393734723;1.0967707696385918;9.999513704659353;0.8335158298435095;1.0972354717835402;1.0971254490360693;0.75990913134862;-0.12521392338615342;0.7700455424315162
41.736929;1.0934881824232814;0.8333497940568009;0.7620802372188846;0.12282303963574007;0.11231301404084217;1.0967738572745842;9.99952860804309;0.8335160167515101;1.0972354309450991;1.097125090012569;0.7599068393218069;-0.12521592391407077;0.7700462848319161
41.746929;1.093486765962101;0.8333509654761306;0.7620828968135668;0.12282381603393489;0.11231420111781373;1.0967769807509526;9.999543829360272;0.8335161701046203;1.0972352466283093;1.0971245693386928;0.7599034950626801;-0.12521692447150787;0.7700458970170033
41.756929;1.093485767417519;0.8333525111067127;0.7620856805777715;0.12282417681073757;0.11231500353406071;1.0967791328392118;9.999559388458248;0.8335162969191114;1.0972349168612276;1.097123904215509;0.7599011036461553;-0.12521792505736284;0.7700465069394621
41.766929;1.0934839592566088;0.8333528754981618;0.7620880247576246;0.12282579841528417;0.1123170823020721;1.096782306075006;9.999575320796557;0.8335164028932261;1.097234442029057;1.097123108853153;0.7598976719587263;-0.12521892567035747;0.7700461341428012
41.776929;1.0934832742267981;0.8333542743496929;0.7620906130257629;0.12282613461875343;0.11231791221301167;1.0967844931482964;9.999591691503214;0.8335164931092082;1.097233823108541;1.0971221960552378;0.7598952093774402;-0.12522092630885237;0.7700469096512508
41.786929;1.093481809151204;0.8333548410829921;0.7620930726670262;0.12282656752509655;0.1123189531606586;1.0967876871296223;9.999608588104245;0.8335165732137125;1.0972330607183458;1.0971211796175073;0.7598927281746654;-0.12522192697085416;0.7700475196485629
41.796929;1.0934814968365207;0.8333557586975793;0.7620951493109579;0.12282804823675124;0.11232087656016745;1.0967908811973959;9.99962609867597;0.8335166499546371;1.0972321559061804;1.0971200745494523;0.7598892427529121;-0.12522292765430837;0.77004714040524
41.806929;1.0934813889715236;0.8333569533621346;0.7620974452452494;0.12282835435220198;0.11232174769859364;1.09679306770699;9.999644296705315;0.8335167308587224;1.0972311119622016;1.0971188954568765;0.7598867681498715;-0.12522492835734156;0.7700479095387764
41.816929;1.0934805325833916;0.8333573202818098;0.7620996192741145;0.12282875988717928;0.11232282905544394;1.0967962364121253;9.999663240009362;0.8335168233709195;1.097229935165066;1.0971176555314486;0.7598833184690349;-0.1252259290783605;0.7700475318663077
41.826929;1.0934808493742625;0.8333580429543902;0.7621014155091225;0.12283021533541344;0.11232479200350132;1.0967983738058489;9.999682971450785;0.8335169335379566;1.0972286335979144;1.0971163673635882;0.7598809064231221;-0.1252269298161609;0.7700481488617567
41.836929;1.093480423023182;0.8333582866507906;0.7621034036200013;0.12283060578038554;0.11232589901281624;1.0968014648569657;9.999703507646732;0.8335170651502215;1.097227215165012;1.097115044556134;0.7598775443963529;-0.12522793056984893;0.7700477927597547
41.846929;1.093481171961631;0.8333592370329876;0.762105327088864;0.12283088220450697;0.11232682148780203;1.0968044948847202;9.999724828089233;0.8335172201787904;1.097225687434644;1.0971137031306113;0.7598752454454609;-0.12522993133849666;0.7700486029611028
41.856929;1.0934821344133183;0.8333597919627054;0.7621068425828541;0.12283231918434157;0.11232882196086488;1.0968064502964328;9.999746890893645;0.8335173994933086;1.0972240597244836;1.0971123618081713;0.759873022648889;-0.125230932120876;0.7700492685879994
41.866929;1.093482346099457;0.8333598786780972;0.7621085489036141;0.12283269472535457;0.11232996562780223;1.096809319105879;9.999769661799988;0.8335176032355175;1.0972223432024122;1.0971110398360975;0.7598698865832515;-0.12523193291566703;0.77004896492434
41.876929;1.093483718572343;0.8333606776183435;0.7621101888053656;0.12283296042406994;0.11233092349461275;1.0968110913774753;9.999793117255658;0.8335178310404839;1.0972205476205914;1.097109753110531;0.759867843185749;-0.1252329337219975;0.7700496635596257
41.886929;1.0934843249782982;0.8333603147769371;0.7621113900085156;0.12283449908849693;0.11233315459290179;1.0968137591870126;9.999817220899207;0.8335180817557337;1.097218678611192;1.097108511797331;0.759864894526518;-0.12523493453953344;0.7700495515100134
41.896929;1.093486072520364;0.8333609944690872;0.7621128417761804;0.12283476557268405;0.11233413230368669;1.0968153162824323;9.999841902929415;0.8335183530821758;1.097216738121804;1.097107321026589;0.7598630412862127;-0.12523593536785263;0.7700502754680889
41.906929;1.0934879890430507;0.8333612572072954;0.7621138922667693;0.12283620030626276;0.11233618394682385;1.0968177586147374;9.99986705882859;0.8335186421646898;1.0972147276160185;1.0971061832703095;0.7598612838904677;-0.12523693620596804;0.7700510103861459
41.916929;1.0934891027118403;0.8333610210819969;0.7621151491478207;0.12283658123579289;0.11233737382937262;1.0968200855801438;9.999892566617396;0.8335189468644663;1.097212651727486;1.097105100501179;0.7598586218498532;-0.12523793705262293;0.7700507676917684
41.926929;1.0934910369593642;0.8333613579183821;0.7621164629749374;0.12283609692423307;0.11233770414551095;1.096821299903372;9.999918308922108;0.8335192663103024;1.0972105194256843;1.0971040747257645;0.759857053514718;-0.1252399379065769;0.7700516804160444
41.936929;1.093492425981516;0.8333609595171326;0.762117585254938;0.12283648907544549;0.1123389043887776;1.0968234064769995;9.999944185523828;0.8335196003971795;1.0972083424238912;1.0971031069499118;0.7598545768156671;-0.12524093876623155;0.770051447730192
41.946929;1.0934948911510889;0.8333609017783277;0.7621183638232375;0.12283794609189722;0.11234097697600319;1.096824411506745;9.999970122803262;0.8335199492492089;1.0972061337942867;1.0971021967653494;0.7598531891726327;-0.12524193962935792;0.77005220548026
41.956929;1.0934974605999335;0.833361111714531;0.7621194033911123;0.12283824572238583;0.11234198667171372;1.0968263213479121;9.999996081326398;0.8335203127277662;1.0972039083779659;1.097101343955508;0.7598518865342447;-0.12524294049355397;0.770052968361317
41.966929;1.0934991644865608;0.833360485924268;0.7621203646485301;0.12283866256354381;0.11234319558759924;1.0968281413430767;10.000022043476315;0.8335206898750993;1.0972016826870452;1.0971005499097881;0.7598496634803369;-0.12524494135683212;0.7700529132980521
41.976929;1.093501911235127;0.8333602099432588;0.7621209925319175;0.1228401478976495;0.11234527470334717;1.0968288757338083;10.000047985643967;0.8335210793653951;1.0971994737872133;1.0970998168803598;0.759848514711267;-0.12524594221777105;0.7700536872445404
41.986929;1.093503772111578;0.8333606163668034;0.7621229209258966;0.12284093108590051;0.11234680028439639;1.0968305276378432;10.000073862514846;0.8335214804488307;1.0971972991083392;1.0970991469888505;0.7598464363682541;-0.1252469430754618;0.7700534755212508
41.996929;1.0935066541984082;0.8333605613244635;0.7621237575228078;0.12284127617974551;0.11234781483632746;1.0968310982057208;10.000099615985613;0.8335218924004636;1.0971951760470011;1.0970985419610944;0.7598454260773765;-0.12524794392951474;0.7700542453309834
42.006929;1.0935095869394054;0.8333601120486394;0.762124220045033;0.12284280179926123;0.11234989522029216;1.096832586505642;10.000125191383798;0.8335223128691909;1.0971931206012084;1.0970980020525443;0.7598444820619086;-0.1252499447798971;0.7700551649072337
42.016929;1.0935115999123588;0.8333592031461288;0.7621249059097529;0.12284328599632084;0.11235110724302041;1.0968329907430463;10.000150538655895;0.833522737580501;1.0971911470313116;1.0970975247839503;0.7598426027489046;-0.12525094562641337;0.7700549140273144
42.026929;1.0935145995162672;0.8333590251698811;0.7621255600518378;0.12284368026270821;0.11235212303245606;1.0968343090139954;10.000175606329517;0.8335231620069818;1.0971892678418083;1.0970971052423928;0.7598417874774877;-0.12525194646828502;0.7700556203344019
42.036929;1.0935166540806582;0.83335771572668;0.7621258122777473;0.12284536694390795;0.11235440301247607;1.0968355393285179;10.00020034564885;0.8335235828212881;1.0971874925719836;1.0970967374514793;0.7598400368878128;-0.12525294730420822;0.7700553020260295
42.046929;1.093519667390122;0.83335749199163;0.7621263508424648;0.1228458001981354;0.11235542213727745;1.0968356802602983;10.000224719469468;0.8335239982649932;1.0971858276759516;1.0970964157520597;0.7598393521509879;-0.12525394813246998;0.7700559244513141
42.056929;1.0935217066233571;0.8333564882218301;0.762126805374949;0.12284636171572036;0.11235664069102791;1.0968367314610254;10.00024870944641;0.8335244084014588;1.09718427838382;1.0970961357722886;0.7598387343706192;-0.12525594895103234;0.7700566567937235
42.066929;1.0935246771487426;0.8333562317508368;0.762127237841435;0.12284683647707709;0.11235766490938782;1.0968366928456659;10.000272319961814;0.8335248145844663;1.0971828492009148;1.097095894023669;0.7598371847710598;-0.1252569497579978;0.770056181651724
42.076929;1.0935276091017092;0.8333556176322167;0.7621273103405362;0.12284849836793245;0.11235975795356822;1.0968375636885683;10.000295564597659;0.8335252181650574;1.0971815422772118;1.0970956862306152;0.7598367046541712;-0.1252579505521511;0.7700566303164758
42.086929;1.0935295348996095;0.833354572071371;0.7621276287742219;0.12284912452009858;0.11236098573835332;1.096837342336957;10.000318442985478;0.8335256199874364;1.0971803565247047;1.0970955066208627;0.759835294630669;-0.12525895133302645;0.7700560253598765
42.096929;1.0935323663931373;0.8333542780139768;0.7621279438430929;0.12284966551571186;0.1123620198810062;1.0968380262069974;10.000340936204667;0.8335260205463524;1.0971792885702312;1.0970953488843342;0.7598349535808526;-0.12525995210062033;0.7700563371088934
42.106929;1.0935338971605548;0.8333527599854651;0.7621279885963561;0.12285074000310972;0.11236365159353119;1.0968376128810475;10.00036301658124;0.8335264204320603;1.0971783349426465;1.0970952068086097;0.759834678586333;-0.12526195285509745;0.7700567399046693
42.116929;1.0935366065470364;0.8333524469897972;0.7621282598451035;0.12285132636199267;0.11236469135134491;1.0968381017193123;10.000384660668429;0.8335268212300274;1.09717749350523;1.0970950741371972;0.7598334664252036;-0.12526295359672882;0.7700559217131048
42.126929;1.0935382890001486;0.8333513629089947;0.7621284914739812;0.12285204289048096;0.11236593080660555;1.096838494113356;10.000405867906776;0.8335272261312274;1.0971767615240617;1.0970949449804115;0.7598333149978354;-0.12526395432613743;0.7700560195879766
42.136929;1.093540859401418;0.8333510336756705;0.7621287496194359;0.12285267406580384;0.11236697633628615;1.0968377929924917;10.000426667963586;0.8335276398703164;1.0971761331268963;1.0970948147387103;0.7598322233110104;-0.12526495504446378;0.7700550619227182
42.146929;1.093542397912828;0.8333495909130123;0.7621286700501418;0.12285460099709017;0.11236928872050714;1.0968380031883207;10.000447104303708;0.8335280680846415;1.097175600714126;1.0970946810451612;0.759832190918433;-0.12526595575308425;0.7700550242797101
42.156929;1.0935448231633937;0.8333492473265266;0.76212894710937;0.12285527683932175;0.1123703437187208;1.0968371321184467;10.000467213117933;0.833528515703263;1.0971751582200135;1.0970945440843656;0.7598322179974238;-0.12526795645308034;0.7700550849251658
42.166929;1.0935471777322958;0.8333488960338359;0.7621292435340086;0.12285597446250159;0.11237140557281534;1.0968371890120456;10.000487016101847;0.8335289851818367;1.0971748020749237;1.0970944056156693;0.7598313057841418;-0.1252689571449242;0.7700539341672505
42.176929;1.093548506238968;0.8333477726360323;0.7621295344707667;0.12285680082464175;0.11237267249943765;1.0968361827418787;10.000506524240116;0.8335294763527518;1.097174529686011;1.097094267710056;0.7598314565011541;-0.12526995782865039;0.7700537097499803
42.186929;1.0935507326811886;0.8333470539759977;0.7621295665984564;0.1228587051956324;0.11237481675246948;1.0968361206336323;10.000525737005788;0.8335299879395055;1.0971743383059456;1.097094132180691;0.7598316729645626;-0.12527095850420267;0.7700534252802622
42.196929;1.0935519449055744;0.8333458941768298;0.7621299122207825;0.12285957118138893;0.11237610106793322;1.0968350090062726;10.000544629819219;0.8335305191475132;1.0971742261979962;1.0970940006042902;0.7598309584639081;-0.12527195917133546;0.770052093323245
42.206929;1.0935540668678079;0.8333454651020585;0.7621303160519296;0.12286034865861604;0.11237719696385398;1.096834853448252;10.00056314702323;0.8335310702539799;1.0971741937983266;1.0970938750095942;0.7598313162684465;-0.12527295982916548;0.7700516874087799
42.216929;1.0935551852954388;0.8333442331722306;0.7621307194956279;0.12286125321745028;0.11237849842247566;1.096834657969337;10.00058121514278;0.8335316425460021;1.09717424307676;1.0970937593037262;0.7598307488319321;-0.12527496047610073;0.770050399352974
42.226929;1.0935572241025007;0.8333433740604976;0.7621308644719937;0.12286323531158143;0.1123806770127729;1.0968334242041895;10.00059876239102;0.8335322379347277;1.0971743764493405;1.0970936607862325;0.7598312578002933;-0.12527596111044945;0.7700498815934314
42.236929;1.093559231415948;0.8333428087426257;0.7621313479305856;0.12286407166802657;0.11238179822853689;1.0968331514201601;10.000615732443253;0.83353285829881;1.0971745959582178;1.0970935903232988;0.759831844074566;-0.1252769617311258;0.7700493149739054
42.246929;1.0935602569453124;0.8333414279104883;0.762131824518113;0.12286503558818519;0.1123831246442465;1.0968318372831674;10.000632096383256;0.8335335053508944;1.0971749024363098;1.097093560374381;0.7598315071305071;-0.12527796233767424;0.7700477173339833
42.256929;1.0935622282579467;0.8333407541907111;0.7621323507360145;0.12286591149790935;0.11238426163854164;1.0968314787357385;10.000647853334046;0.8335341811533216;1.0971752942932382;1.0970935823845933;0.7598322449259592;-0.1252789629299032;0.7700470655587022
42.266929;1.0935632347941575;0.8333389166705362;0.7621325520281467;0.12286808057662649;0.11238666818393458;1.0968300724338018;10.000663016440681;0.8335348881241859;1.0971757660774775;1.0970936657388712;0.7598320551034813;-0.12527996350797146;0.7700453884233802
42.276929;1.0935651995385904;0.8333381269861105;0.7621331124880332;0.12286899660460383;0.11238781775091328;1.0968296152192802;10.000677606952758;0.8335356283161371;1.0971763084710466;1.0970938178282594;0.7598329362844816;-0.12528196407273445;0.770044823141428
42.286929;1.0935662057235822;0.8333365159095096;0.7621336575862313;0.12287004128116705;0.11238916939332941;1.0968281041397907;10.00069166057989;0.8335364030496766;1.0971769109096017;1.09709404347236;0.7598338886723265;-0.1252829646259931;0.7700440588099138
42.296929;1.0935678887594849;0.8333355019571637;0.7621343424122774;0.12287023720734311;0.11238966025089847;1.096827535515718;10.000705230473406;0.8335372132067693;1.0971775647162523;1.097094344533845;0.7598339135992105;-0.1252839651707058;0.7700422731533249
42.306929;1.093568895655631;0.8333337782241989;0.7621349097456309;0.12287132577402832;0.11239102041359723;1.0968259043902784;10.000718384827074;0.8335380593402704;1.0971782635657212;1.0970947211784723;0.7598350116354259;-0.12528496571084888;0.7700414418886821
42.316929;1.0935708621059155;0.833332422686213;0.7621351989946958;0.12287349537992431;0.11239325301672892;1.096825204795783;10.000731197213751;0.8335389409510106;1.0971790017730239;1.097095173044974;0.7598361808350007;-0.12528596625085334;0.7700405804853989
42.326929;1.0935718713744942;0.8333306027520725;0.7621357766968969;0.12287463111408942;0.11239462050426864;1.0968234301706694;10.000743723524952;0.833539855693022;1.0971797731650457;1.097095698988348;0.7598364169614163;-0.12528696679523454;0.7700387034647503
42.336929;1.093573845369122;0.8333295066102163;0.7621363818522664;0.12287568394674596;0.11239579449973577;1.0968225735600972;10.000755976812838;0.8335407997557583;1.09718057155343;1.0970962969274987;0.7598377150901122;-0.12528796734864767;0.7700377841837805
42.346929;1.0935748709269892;0.8333276167938306;0.7621369505131917;0.1228768699162615;0.11239716926985162;1.0968216275573608;10.00076792539513;0.8335417692408378;1.097181392311215;1.0970969641696362;0.7598390710753974;-0.12528996791579927;0.7700369970895549
42.356929;1.0935768712855805;0.8333261227092692;0.7621372207724202;0.12287913957912497;0.11239941679409689;1.0968195844494855;10.000779516905387;0.833542761357241;1.0971822338016357;1.0970976974936597;0.759839481837195;-0.1252909685010559;0.7700350267004478
42.366929;1.0935788897911438;0.8333249575622611;0.762137787530972;0.12288026947252752;0.11240060298515794;1.0968184366361005;10.00079069325737;0.8335437747899762;1.0971830965117242;1.0970984936531945;0.759840944330263;-0.1252919691083518;0.7700340043700153
42.376929;1.0935799673641657;0.8333230240791768;0.7621383042554081;0.12288153258914745;0.11240199091052352;1.0968161767198252;10.00080137744895;0.8335448098317985;1.0971839797197487;1.0970993502250317;0.7598414547758008;-0.12529296974132464;0.770031952079568
42.386929;1.0935820219433652;0.8333218556222299;0.7621388268470464;0.12288271278648796;0.11240318671594601;1.0968147971580684;10.000811461452763;0.8335458685100602;1.0971848795053754;1.0971002650507495;0.7598430095899424;-0.12529397040307647;0.7700308386867841
42.396929;1.093583135822281;0.8333199324871713;0.7621392955452636;0.12288402437008115;0.11240458463499853;1.0968122901016588;10.000820818571095;0.8335469537928619;1.0971857904672269;1.0971012343476263;0.7598446072839401;-0.12529497109590912;0.770029672624936
42.406929;1.0935852294666681;0.8333184396673806;0.7621394532957718;0.12288641600865605;0.11240685619180107;1.0968106476323118;10.00082932847003;0.8335480684845409;1.0971867083882236;1.0971022513730355;0.759845249599078;-0.12529597182154784;0.770027461681918
42.416929;1.0935863883023742;0.8333165425623582;0.7621398706703917;0.12288777008264631;0.11240826347350771;1.096807862399306;10.000836895506099;0.8335492149515007;1.097187631096454;1.0971033066684968;0.7598469410917947;-0.12529697258144482;0.7700261728415323
42.426929;1.0935885355089092;0.8333154261700697;0.7621402929744651;0.12288903506615283;0.11240947729520394;1.0968059287262157;10.000843454513374;0.8335503946687411;1.0971885577673552;1.097104389661975;0.7598486880280363;-0.1252989733766322;0.7700249748943908
42.436929;1.0935897576404119;0.833313568415896;0.7621406642627861;0.1228904248465166;0.11241089066194604;1.0968028440818964;10.000848972999034;0.8335516073609109;1.09718948794246;1.0971054895518906;0.7598494971887244;-0.12529997420740832;0.7700225482242059
42.446929;1.093591977228007;0.833312496324591;0.7621410441939087;0.12289172276522534;0.11241210808056729;1.0968006112117847;10.000853451419397;0.8335528509830058;1.097190421189944;1.0971065945220608;0.7598513740990887;-0.12530097507336746;0.7700210217840102
42.456929;1.093593278806407;0.833310684312646;0.7621413752160865;0.12289314334904874;0.11241352186267375;1.0967972399132224;10.000856910324517;0.8335541221289064;1.097191356765491;1.0971076909338329;0.7598533212793983;-0.125301975973658;0.7700194029384606
42.466929;1.093595581206911;0.8333093115812644;0.7621414018304506;0.12289563631715571;0.11241580172539653;1.096794746430695;10.000859364322269;0.8335554159242149;1.0971922920238162;1.0971087636820591;0.7598543379783044;-0.12530297690715894;0.7700167005262493
42.476929;1.0935969642622863;0.8333075375428781;0.762141694527343;0.12289708546145138;0.11241720844810713;1.0967911506120949;10.000860806675352;0.833556725734039;1.097193220410099;1.0971097981335705;0.7598564215745464;-0.12530397787259;0.7700148854643852
42.486929;1.0935993436321803;0.8333065412606673;0.7621419949952516;0.12289844062734293;0.11241841205661093;1.0967884723626116;10.0008612241535;0.8335580432832149;1.0971941310943;1.097110782449828;0.7598575692196227;-0.1253049788685799;0.7700119843655364
42.496929;1.0936005158004554;0.8333046871577515;0.7621423392263973;0.12289915420889456;0.11241913694025503;1.0967847295491846;10.00086062055524;0.8335593590040954;1.0971950111026858;1.0971117084388025;0.759859777992263;-0.12530597989366854;0.7700099718388254
42.506929;1.0936029623298602;0.8333037123965252;0.7621425827783701;0.12290053565293693;0.1124203240232977;1.0967819384896755;10.000859017790768;0.8335606625650933;1.0971958487705389;1.0971125707950267;0.7598620437729174;-0.12530698094613235;0.7700078618634855
42.516929;1.093604477614606;0.8333019796602829;0.7621427610075071;0.12290203724076852;0.11242169803138696;1.0967781148279487;10.00085644708014;0.8335619444582035;1.0971966359663374;1.0971133656552687;0.7598633607296481;-0.12530798202359342;0.7700046673390795
42.526929;1.0936069722788873;0.8333006650588528;0.7621426140605677;0.1229046086266561;0.11242392980132591;1.096775273387659;10.000852951796595;0.8335631977595402;1.097197368490492;1.0971140903764303;0.7598657216573675;-0.12530898312285638;0.7700023611784673
42.536929;1.093608517739825;0.8332989252497081;0.7621427103577014;0.1229061333401579;0.11242528144253924;1.0967714274210334;10.00084858804251;0.8335644179890896;1.0971980459285922;1.0971147443426923;0.7598681185471988;-0.12531098424037457;0.770000119375206
42.546929;1.0936110213223982;0.833297937919443;0.7621427930737729;0.12290756105747194;0.11242642430209983;1.0967685871910189;10.000843421909641;0.8335656021712659;1.0971986706705634;1.0971153277464336;0.7598695440114536;-0.1253119853729141;0.7699966295043759
42.556929;1.093612554351887;0.8332961771156845;0.7621428036052728;0.12290910654367534;0.1124277521368228;1.0967647588333516;10.000837538005323;0.8335667488606471;1.0971992459561146;1.0971158392445;0.7598719925168964;-0.12531298651776135;0.7699940273450968
42.566929;1.0936150260349091;0.8332951699937549;0.7621427990468176;0.12291055366417959;0.11242887049368874;1.0967619448073307;10.00083104067991;0.8335678581121726;1.0971997741501573;1.0971162758559423;0.7598744596383623;-0.12531398767253676;0.769991327723375
42.576929;1.0936174694919885;0.833294157280005;0.7621427484043809;0.12291200921585557;0.11242997600101678;1.0967581457687985;10.000824043716555;0.8335689306306584;1.0972002561619982;1.0971166340419647;0.7598759404791651;-0.1253149888349009;0.7699875476256504
42.586929;1.0936189194809454;0.8332920366939284;0.7621423055405332;0.12291474572115992;0.1124323309616014;1.0967553615964458;10.000816669605367;0.8335699670180824;1.0972006925635134;1.097116910023357;0.7598784289349507;-0.12531599000202134;0.7699846650677804
42.596929;1.093621289550934;0.833291025359644;0.7621421538864268;0.12291621606280807;0.11243340930734204;1.0967515906633338;10.000809049066893;0.8335709677702383;1.0972010853054077;1.0971171002734452;0.7598809180597809;-0.12531699116993603;0.7699816986199404
42.606929;1.0936226573179757;0.8332892589779299;0.7621419173912132;0.12291780089345201;0.11243467041916032;1.0967488298006913;10.000801311169425;0.8335719329097874;1.0972014377187818;1.097117202682162;0.7598824011823269;-0.12531799233351318;0.7699776678443506
42.616929;1.0936249376189475;0.8332882679903687;0.7621416496729694;0.12291928435616939;0.11243571991023817;1.0967450748462166;10.000793574246098;0.8335728603610565;1.097201753187143;1.0971172170208092;0.7598848727552152;-0.12531899348716263;0.7699745534557956
42.626929;1.0936262089145898;0.8332865328873843;0.7621412876361575;0.12292088116282042;0.11243695161114597;1.0967423202898015;10.000785937192626;0.8335737449536689;1.097202034148609;1.0971171439549532;0.7598873281726874;-0.1253199946256847;0.7699713776179882
42.636929;1.0936283866093308;0.833285583872144;0.7621408854742086;0.12292237530974616;0.112437971258109;1.0967385601235888;10.0007784762885;0.833574579530717;1.097202281599529;1.0971169838578256;0.759888763328734;-0.12532099574485392;0.769967164373354
42.646929;1.0936295509467084;0.8332838989008036;0.7621403826396281;0.12292398150138163;0.1124391729045345;1.0967357901788615;10.000771256591284;0.833575356781583;1.0972024958063806;1.0971167364748013;0.7598911750796505;-0.12532199684157236;0.7699638994121543
42.656929;1.093631621917933;0.8332826611608339;0.7621395214255311;0.12292664924910317;0.11244122853143439;1.0967320088956143;10.000764344967765;0.8335760703509647;1.0972026779446806;1.0971164014142885;0.7598925617497793;-0.12532299791369636;0.7699596227242115
42.666929;1.093632685708388;0.8332810342253808;0.7621388706571233;0.12292826161317022;0.11244240142979142;1.0967292165592115;10.000757812203995;0.8335767151197816;1.0972028310474655;1.0971159792646936;0.75989492210251;-0.12532399895989632;0.7699563206736544
42.676929;1.0936346655204492;0.8332802019236468;0.7621381722343505;0.12292976765118979;0.11244336412371535;1.096725415677232;10.000751726606266;0.8335772863593929;1.0972029604842122;1.097115472126206;0.7598972536327827;-0.12532599997935412;0.7699531805720926
42.686929;1.0936356454541338;0.8332786429643286;0.7621373656116336;0.12293138150673044;0.11244451140347077;1.0967226133234864;10.000746140361247;0.8335777777520069;1.0972030738694774;1.097114883068552;0.759898551652442;-0.1253270009712981;0.7699489000915004
42.696929;1.093637544041936;0.8332778882941401;0.762136506385361;0.12293288690256475;0.11244544972402838;1.0967188224071245;10.000741070142327;0.8335781799882676;1.0972031797031896;1.0971142159433187;0.7599008092233404;-0.12532800193512425;0.7699456251907736
42.706929;1.0936381608036632;0.8332763126086945;0.7621356322473484;0.12293373597109034;0.11244590541680921;1.0967160591378633;10.000736485640292;0.833578481319073;1.0972032871359005;1.0971134756976966;0.7599030181781415;-0.12532900287084026;0.7699423799282575
42.716929;1.09363998177659;0.8332756648346364;0.7621346013235679;0.12293523828189204;0.11244682117784069;1.0967123406174193;10.000732318600868;0.833578669169041;1.0972034084069444;1.0971126679384837;0.7599041705222314;-0.12533000377885442;0.7699381884286968
42.726929;1.0936408076179374;0.8332743192999874;0.7621334517110145;0.12293684627196459;0.11244792322704772;1.096709686006772;10.00072848482744;0.8335787314359027;1.0972035599748708;1.0971117983485126;0.7599062583983193;-0.12533100465941263;0.7699350335894063
42.736929;1.093642557584874;0.833273806597779;0.7621322392282889;0.1229383441741878;0.11244881784258322;1.0967061175288446;10.000724906522406;0.8335786573235873;1.0972037596194282;1.097110872820135;0.7599082735759644;-0.12533200551249096;0.7699319366632197
42.746929;1.0936433143572668;0.833272261434928;0.7621305880124827;0.12294111248014032;0.11245096528164562;1.0967036585478815;10.000721525894132;0.8335784377000237;1.0972040229643183;1.0971098971271254;0.7599092085035634;-0.12533300633791694;0.7699279176833275
42.756929;1.0936449984800385;0.8332718985567976;0.762129180120729;0.12294260433795837;0.11245184050359162;1.0967003310616776;10.000718303787014;0.833578064613813;1.0972043627978831;1.0971088766100894;0.7599110577004203;-0.1253340071354221;0.7699249553523769
42.766929;1.093645694166801;0.833270850156476;0.7621276382822061;0.12294420069252504;0.11245290376555053;1.0966981547889763;10.000715214160074;0.8335775306957038;1.0972047902106878;1.097107816839708;0.7599128176920201;-0.12533500790506527;0.7699220668195351
42.776929;1.0936463616051744;0.8332698800738193;0.7621259874610348;0.1229457937234283;0.11245395838235345;1.096695147341054;10.000712240680333;0.8335768297584454;1.097205315104648;1.0971067232498821;0.7599134864314038;-0.12533600864771866;0.7699182680099834
42.786929;1.0936479599301805;0.8332697521450206;0.7621242538141068;0.12294727526491228;0.11245480767334497;1.0966933241615535;10.00070936746081;0.8335759581844782;1.0972059455247272;1.097105599973797;0.7599150634327129;-0.12533700936485245;0.7699155342740605
42.796929;1.093648571736267;0.8332689415391901;0.7621223779173917;0.1229488600322488;0.11245584617509137;1.0966906975457837;10.000706571482212;0.8335749153763574;1.0972066872708928;1.0971044507814216;0.759916549971598;-0.1253380100582584;0.7699128814738209
42.806929;1.093650117545381;0.8332689729319727;0.7621204194957636;0.12295033235870101;0.11245668047355512;1.0966892752010688;10.000703827899796;0.8335737029402076;1.0972075447623042;1.09710328113656;0.7599169483610526;-0.12533901073027326;0.7699093263279393
42.816929;1.0936506821343612;0.8332683194015557;0.7621183256260494;0.12295190750593907;0.11245770546661474;1.0966870599307874;10.00070111820577;0.8335723235999898;1.0972085223254868;1.0971020983551518;0.7599182608408019;-0.12534001138365536;0.7699068451273469
42.826929;1.0936521884022505;0.8332685025351275;0.7621161626263094;0.12295337035897555;0.11245852798216376;1.096686051042011;10.000698427414177;0.8335707802935542;1.097209624661344;1.0971009104108533;0.7599194896957862;-0.12534101202108044;0.7699044522748086
42.836929;1.0936527239461253;0.8332679919891565;0.7621138821168683;0.12295493668035005;0.11245954284767012;1.0966842464082807;10.000695741176918;0.8335690759568519;1.097210856417042;1.0970997257086361;0.759919638220302;-0.12534201264516054;0.7699011599533023
42.846929;1.0936542137742566;0.8332683078907701;0.7621115528652612;0.12295639178506902;0.11246035650174438;1.096683644394177;10.00069305467747;0.8335672143071329;1.097212221986658;1.0970985534792939;0.7599207106757248;-0.12534301325865854;0.7698989387945208
42.856929;1.0936547467205067;0.8332675765961285;0.7621088133314374;0.12295911716812848;0.11246242890692619;1.096682245268379;10.000690374831338;0.8335652005378257;1.0972137254312577;1.0970974032292327;0.7599217116641942;-0.12534401386409086;0.7698967989228254
42.866929;1.0936562483522114;0.8332680065557937;0.7621063602961893;0.12296056656789621;0.11246323429811053;1.0966810516584857;10.000687707416349;0.8335630411549277;1.0972153692492834;1.097096284134884;0.7599216457519821;-0.12534501446319332;0.7698937508264216
42.876929;1.0936568069305646;0.8332677257737386;0.762103829945211;0.12296212109618564;0.11246423195390767;1.0966810684305826;10.000685049292038;0.8335607435231867;1.0972171532000496;1.0970952051395357;0.7599225171155193;-0.12534601505701498;0.7698917658332018
42.886929;1.0936583465777716;0.8332682578492383;0.7621012878006316;0.12296356549297553;0.11246502712076789;1.0966803024035452;10.000682393004668;0.8335583161152006;1.0972190749998518;1.097094174788909;0.7599233298739211;-0.12534701564646486;0.7698898563729202
42.896929;1.09365895457011;0.8332680768933924;0.7620986821428833;0.12296511486422856;0.11246601312947742;1.0966807615691803;10.000679736938466;0.8335557696855977;1.0972211318367946;1.0970932009722953;0.7599230887553391;-0.12534801623277944;0.7698870360937158
42.906929;1.0936605553586054;0.8332687089572851;0.7620960767535659;0.12296655358382484;0.11246679525190771;1.0966804540142367;10.00067710029519;0.8335531180515359;1.0972233209193545;1.0970922907459681;0.759923798727207;-0.12534901681752453;0.7698852796356119
42.916929;1.0936612370469136;0.833268631638975;0.762093418847277;0.12296809669760099;0.11246776687643706;1.0966813872188748;10.000674531598053;0.8335503775709184;1.0972256383409322;1.097091450035966;0.7599244641094354;-0.12535001740212287;0.7698836020720244
42.926929;1.0936626412807984;0.8332692654398784;0.7620908705767694;0.12296876632167401;0.11246786485708628;1.0966815679600297;10.000672094587449;0.8335475661817034;1.09722807676426;1.0970906836524772;0.7599240881133505;-0.12535101798746368;0.7698810184881952
42.936929;1.0936634213087058;0.8332693013169642;0.762088181573427;0.12297030321464768;0.11246881841643828;1.0966830020406755;10.000669847732276;0.8335447032889738;1.097230623942762;1.0970899952596835;0.7599246725734365;-0.12535201857409853;0.7698795044507935
42.946929;1.0936652188170166;0.8332701562585171;0.7620855133860439;0.12297172978881428;0.11246956426969268;1.0966836932690625;10.000667840780125;0.8335418104911692;1.0972332630182908;1.0970893866577094;0.7599252179743717;-0.12535301916267066;0.7698780768955921
42.956929;1.0936661217034873;0.8332703040484628;0.7620828127672226;0.12297326153854067;0.11247049584875869;1.0966856427660687;10.00066611707174;0.8335389110735391;1.0972359732560075;1.0970888563794048;0.7599247244239271;-0.12535401975395255;0.7698757538600998
42.966929;1.0936680533525014;0.8332712684301173;0.762080142755668;0.12297468322712128;0.1124712188078896;1.0966868487264396;10.00066470990216;0.8335360274483105;1.0972387311912692;1.0970883987475564;0.7599251930343139;-0.12535502034870663;0.7698745135238636
42.976929;1.0936690983224764;0.8332715214006622;0.7620774495726353;0.12297620986363322;0.11247212708216586;1.0966893057221831;10.000663643056937;0.833533179222924;1.0972415129443034;1.097088004817488;0.7599256265317682;-0.12535602094772463;0.7698733742104285
42.986929;1.0936711768445773;0.8332725836756362;0.7620747949093114;0.122977625546229;0.11247282661882241;1.0966910050216028;10.000662936567494;0.8335303838782304;1.0972442958958726;1.0970876645440524;0.7599260291867642;-0.12535702155178294;0.7698723414086592
42.996929;1.093672374578028;0.833272924458963;0.7620721236974467;0.12297914475906747;0.11247371156318962;1.0966929370061202;10.000662606706257;0.8335276584928873;1.0972470589031866;1.0970873685553129;0.7599254063869585;-0.12535802216148956;0.769870433844191
43.006929;1.0936736588375902;0.833273301031145;0.7620694681816588;0.12298065919937794;0.1124745850488239;1.0966960932681766;10.000662665181222;0.8335250201044886;1.0972497823991887;1.0970871085968312;0.7599257638693446;-0.12535902277731795;0.7698696292042795
43.016929;1.0936760000477554;0.8332744718771641;0.7620668597268636;0.12298206078892818;0.11247525032876173;1.096698466978924;10.000663128220086;0.833522485038489;1.0972524478347365;1.0970868765049244;0.759926107300492;-0.12536002339972654;0.7698689437731289
43.026929;1.0936774917511862;0.8332745650420631;0.762063926232639;0.12298473011506729;0.11247716771460493;1.0967020525519116;10.00066401960893;0.8335200689779672;1.0972550364355849;1.0970866631380296;0.7599254423735312;-0.12536102402897972;0.7698673923900352
43.036929;1.0936800639706326;0.8332757902890552;0.7620613541292003;0.12298612017221904;0.11247781251020375;1.0967048443672207;10.000665355579569;0.8335177870674748;1.0972575289726623;1.0970864589134315;0.7599257749810316;-0.12536202466462604;0.7698669487138726
43.046929;1.0936818106381805;0.8332762758446122;0.7620587728121743;0.12298761120666858;0.11247864570227623;1.0967088347790217;10.000667131548607;0.833515652647779;1.0972599063631552;1.0970862548527114;0.7599261110202515;-0.12536302530517954;0.7698666256340105
43.056929;1.093684662401359;0.8332775453310802;0.7620562453500086;0.12298898715491732;0.11247927479575126;1.096712013373877;10.000669323901048;0.8335136757750153;1.097262149803616;1.097086042345423;0.7599254555016469;-0.12536402594837623;0.7698654354169153
43.066929;1.0936867112781785;0.8332780730704293;0.762053720779883;0.12299046248718366;0.11248009571505771;1.0967163675675224;10.000671896695815;0.8335118629755197;1.0972642402301234;1.0970858129145469;0.7599258125696169;-0.12536502659174026;0.7698653501946762
43.076929;1.0936898830496262;0.8332793838070087;0.762051265840012;0.12299182133258826;0.11248071646838365;1.0967198833138592;10.00067480094106;0.8335102180133719;1.0972661587661459;1.097085558905582;0.7599261876601894;-0.12536602723317591;0.7698653830139061
43.086929;1.0936922645368221;0.8332799511618304;0.7620488316991364;0.12299327854131305;0.11248153319102794;1.0967245461038164;10.00067797286909;0.8335087430734566;1.0972678892817473;1.097085273870185;0.7599255888313412;-0.12536702787131707;0.7698645482025417
43.096929;1.0936957780822218;0.8332812988371306;0.762046485882247;0.12299461863180458;0.11248215381025982;1.0967283424031433;10.000681352205461;0.8335074397083612;1.0972694209197666;1.0970849524805975;0.7599260249298898;-0.12536802850531967;0.7698648205442564
43.106929;1.0936985090635112;0.833281900201979;0.7620441797974878;0.12299605662776794;0.11248297421006309;1.096732260468182;10.000684906265356;0.8335063085696613;1.0972707480797073;1.0970845897001307;0.7599265035868007;-0.125369029134303;0.7698652144199122
43.116929;1.0937014201285937;0.8332825167314444;0.7620419536478615;0.1229974847163856;0.1124837990100398;1.096737289867464;10.000688625567765;0.8335053482409828;1.0972718680876474;1.097084179065573;0.7599260312876543;-0.12537002975717465;0.7698647433738672
43.126929;1.0937054730240758;0.8332839100192436;0.7620398490693497;0.12299879532051386;0.11248443246995683;1.0967414200251526;10.000692503603824;0.8335045549265514;1.097272779497843;1.0970837122477148;0.7599266132821962;-0.1253710303731271;0.7698653799799409
43.136929;1.0937087499561957;0.8332845538146251;0.7620378196347267;0.12300020403629335;0.11248526953243515;1.0967466396237644;10.000696525136453;0.8335039235289459;1.0972734825766948;1.0970831809459616;0.7599272527989234;-0.12537103098210342;0.7698659734997146
43.146929;1.093713166513148;0.8332859724902073;0.7620359324792976;0.12300149607086791;0.11248591688382979;1.096750938006616;10.00070066362905;0.8335034489046919;1.0972739794253128;1.097082579336592;0.7599279517215141;-0.12537203158458324;0.7698668477098675
43.156929;1.0937165154673536;0.8332865330866484;0.76203423398002;0.12300212421847259;0.11248610106688019;1.0967563062545675;10.000704889394024;0.8335031258045564;1.097274272745741;1.0970819051522507;0.7599277121688588;-0.12537303218104828;0.769866849737716
43.166929;1.093721273569416;0.8332879770621515;0.7620325885948557;0.12300339833923486;0.11248676475162135;1.096760737818993;10.00070917525251;0.8335029472844669;1.097274365442814;1.097081158996659;0.7599285366907736;-0.1253740327716562;0.7698679469615937
43.176929;1.093725233470131;0.8332886730402714;0.7620310384298874;0.12300477076643285;0.112487633941928;1.0967662303047905;10.000713485997537;0.8335029033049018;1.097274261752022;1.0970803428190843;0.7599294275090019;-0.12537503335618574;0.7698691453254557
43.186929;1.0937303078819558;0.8332901469375391;0.762029641619743;0.12300602590444303;0.11248831467378739;1.0967707856718742;10.000717766776706;0.8335029809260319;1.097273968289635;1.0970794580731078;0.7599293865658143;-0.12537603393398525;0.7698694514937409
43.196929;1.0937345709744644;0.833290872982887;0.7620283389216556;0.12300737855126231;0.112489201076793;1.0967754078462622;10.000721940273907;0.8335031657494063;1.0972734932149608;1.0970785048777985;0.7599304158231072;-0.12537703450370755;0.7698708340625166
43.206929;1.093738971952801;0.833291612457974;0.7620271576778069;0.1230087208067367;0.11249009596742413;1.0967811004254953;10.000725912823054;0.8335034433341748;1.097272843947202;1.09707748381025;0.7599315161904794;-0.125378035063321;0.7698723034604731
43.216929;1.0937444592046872;0.8332931259909094;0.762026124395317;0.12300994507544076;0.11249080175453353;1.096785865454767;10.000729593106046;0.8335037994375002;1.0972720253157142;1.0970763978590221;0.7599316861510831;-0.12537903561091204;0.7698728709619269
43.226929;1.0937491045913459;0.8332938854861907;0.7620251774702577;0.12301126688289421;0.11249171158417855;1.096791703493139;10.000732914616249;0.8335042197342456;1.0972710387921976;1.0970752522000768;0.7599329226662019;-0.12538003614574034;0.769874507665647
43.236929;1.093754818775987;0.8332954124614135;0.7620243705773275;0.12301247148998623;0.11249243029424212;1.0967966140578376;10.000735848633571;0.8335046902021573;1.0972698828085212;1.0970740536402115;0.7599342229634273;-0.12538103666851166;0.7698762244001789
43.246929;1.0937596782320098;0.8332961776521938;0.7620236391740028;0.12301377456594975;0.11249335067986883;1.0968025947113995;10.000738400507338;0.8335051977031919;1.0972685545408822;1.0970728099101608;0.7599345843716491;-0.1253820371808517;0.7698770316785546
43.256929;1.0937655977685798;0.8332977031342019;0.7620230325869732;0.12301496131845738;0.11249407750285734;1.0968076397249138;10.000740589251397;0.8335057305176009;1.097267052424131;1.0970715273627918;0.7599360038499282;-0.12538303768471767;0.7698788989928788
43.266929;1.0937706555416842;0.8332984624267227;0.7620224819874047;0.12301624757823582;0.11249500380042661;1.0968127396091265;10.000742427868138;0.8335062789924256;1.0972653769169194;1.0970702090631597;0.7599374784221576;-0.12538403818198168;0.7698808347297263
43.276929;1.0937767652233328;0.8332999807035764;0.7620220346493275;0.12301741908450503;0.11249573468184787;1.096818881416983;10.000743919645133;0.8335068359864038;1.0972635286032832;1.0970688557210444;0.7599390049059567;-0.12538503867427536;0.7698828336118706
43.286929;1.0937820020825266;0.8333007319123052;0.7620216218256163;0.12301869201060676;0.11249666332813354;1.0968240496860813;10.000745061904468;0.8335073968521012;1.0972615062253448;1.0970674681706594;0.7599395799978228;-0.12538503916297733;0.7698837408493651
43.296929;1.0937873165848067;0.833301476086531;0.7620212618024316;0.12301995943708516;0.11249759184754222;1.0968302272084574;10.000745850447784;0.8335079586971114;1.097259307833798;1.0970660486792547;0.759941202089125;-0.12538603964901593;0.7698858494374671
43.306929;1.0937936566064503;0.8333029724206017;0.7620209723023417;0.12302111424272164;0.11249832248031764;1.0968353955117578;10.000746289643137;0.8335085197494739;1.0972569341477696;1.0970646006226392;0.759942872455949;-0.12538704013283034;0.7698880038441271
43.316929;1.093799090554474;0.8333036929702964;0.7620206828859935;0.12302237216326979;0.11249924860476776;1.0968415358633945;10.000746400369593;0.8335090793896939;1.097254390084979;1.0970631277511664;0.7599435940491359;-0.12538804061470396;0.7698892130999953
43.326929;1.0938055227024217;0.8333051616244296;0.7620204388030011;0.12302351870071518;0.1124999754173018;1.096846629657349;10.000746215298932;0.8335096380559994;1.097251684142357;1.0970616340623809;0.7599453692268473;-0.12538904109489016;0.769891448943743
43.336929;1.0938110203146028;0.8333058523192202;0.7620201703073959;0.12302476985715026;0.11250089603665955;1.0968516572026945;10.000745775091636;0.8335101973740457;1.0972488279254249;1.0970601242593412;0.7599471983765745;-0.12539004157343106;0.7698937249220267
43.346929;1.0938174866455512;0.8333072882258507;0.7620199274325072;0.12302591138196074;0.11250161542255473;1.0968575969607695;10.000745138624382;0.8335107606703804;1.0972458352310308;1.0970586033171157;0.759948080202596;-0.12539104205024973;0.769895055425789
43.356929;1.0938229872729124;0.8333079402561916;0.7620196467551005;0.1230271595563572;0.11250252664244753;1.0968624273204775;10.000744384112329;0.8335113323002293;1.097242720194693;1.0970570749785937;0.7599500127781719;-0.1253920425255758;0.7698974158565771
43.366929;1.0938284642048268;0.8333089102890144;0.7620196668515534;0.12302724227401751;0.11250236613850682;1.0968681300220722;10.000743582895803;0.8335119157051019;1.097239496410571;1.0970555410914489;0.7599519940232052;-0.12539304300028817;0.7698998230980846
43.376929;1.0938348589044737;0.8333102696177372;0.7620193826654628;0.12302838442824234;0.11250306791468602;1.0968726920997849;10.000742777803687;0.8335125121543451;1.0972361776531439;1.097054002658077;0.7599540214572686;-0.12539404347603708;0.7699022820114005
43.386929;1.0938402363227144;0.8333108333989222;0.7620190442239733;0.12302963668746793;0.11250396020359578;1.096878104977712;10.00074198979755;0.833513120986697;1.0972327785415812;1.0970524617872734;0.7599550920617771;-0.12539404395497628;0.7699036486686583
43.396929;1.0938464998951272;0.8333121239038735;0.7620187042184676;0.12303078510666582;0.11250464920673392;1.0968823628423723;10.00074122513446;0.8335137408763206;1.0972293139484397;1.0970509223935088;0.7599572027901499;-0.12539504443896307;0.7699062270603902
43.406929;1.0938514340451488;0.83331250637358;0.7620183988155659;0.1230312835897569;0.1125048611858161;1.0968864618510095;10.000740469207654;0.8335143716763922;1.0972257981349893;1.0970493888280732;0.7599593511043924;-0.12539604492873585;0.7699088707226832
43.416929;1.0938575078646748;0.8333137206615524;0.762017985366336;0.12303244353576251;0.11250553889203177;1.0968913999147807;10.000739691862435;0.8335150151958618;1.0972222446512947;1.097047865024692;0.7599605349691939;-0.1253970454237314;0.7699105931404936
43.426929;1.093862506253686;0.8333141345084971;0.7620175009236418;0.12303371871387352;0.11250640887340431;1.0968951765014103;10.000738866283193;0.8335156738603872;1.0972186662118437;1.0970463547267235;0.7599627527726484;-0.1253980459224916;0.7699133655394421
43.436929;1.0938673773142351;0.8333145120204372;0.7620169711948469;0.12303500262964562;0.11250727501655035;1.096899791789007;10.000737974579797;0.8335163491056882;1.097215074020902;1.097044860772259;0.7599650034163759;-0.12539904642312236;0.7699161978998841
43.446929;1.0938730716740472;0.8333156176074162;0.7620164215656766;0.12303618875890983;0.11250794139679843;1.0969032457913492;10.000736995763184;0.833517040923008;1.0972114776442317;1.0970433842276393;0.7599672860551725;-0.12540004692352444;0.769919085516365
43.456929;1.0938776625021727;0.833315927149744;0.7620157890773379;0.12303749318251184;0.11250880313425271;1.0969065380741376;10.000735903117876;0.833517748518171;1.0972078858039576;1.097041924957221;0.7599685996796425;-0.12540104742153332;0.7699210355763468
43.466929;1.0938830568124427;0.8333169661292943;0.7620151263193903;0.1230387013031925;0.11250946711752327;1.0969106674468665;10.00073467711112;0.8335184717535636;1.097204306222083;1.0970404830490073;0.759970943466673;-0.12540204791505596;0.7699240147110377
43.476929;1.0938873209913387;0.8333172088333157;0.762014370247831;0.12304002850476907;0.11251032816475853;1.0969136320521975;10.000733306747433;0.8335192123482411;1.0972007438581917;1.0970390593492834;0.7599733173118804;-0.1254020484020813;0.7699268669783735
43.486929;1.0938923559549678;0.8333181793435385;0.7620135759992968;0.1230412596853837;0.11251099304622739;1.0969174298180258;10.000731779895878;0.8335199739318395;1.0971972000531969;1.0970376543287093;0.7599747215154117;-0.12540304888059642;0.769928925091488
43.496929;1.0938962268112955;0.8333195171859173;0.7620137489026848;0.12304295371689764;0.11251217094055982;1.0969200577055203;10.000730078433564;0.8335207606788154;1.0971936733467569;1.0970362672128027;0.7599771564223247;-0.12540404934841518;0.7699319938258369
43.506929;1.093899878849032;0.8333196537698123;0.7620127831666094;0.12304431540980426;0.11251303735411959;1.0969235100672914;10.000728167506475;0.8335215756225685;1.0971901598903981;1.097034896802877;0.7599796225914335;-0.12540504980300152;0.7699350822312042
43.516929;1.0939042598732671;0.8333205182384082;0.7620117686272059;0.1230455805016292;0.11251371064413052;1.0969257781125643;10.0007259857922;0.8335224199387468;1.0971866538715422;1.0970335429402858;0.7599821205161782;-0.1254060502415788;0.7699381874992405
43.526929;1.0939074417720602;0.8333205860913877;0.7620106416939764;0.12304696355432322;0.11251458582084418;1.096927851470759;10.00072345580638;0.8335232928906519;1.097183149818538;1.0970322068396308;0.7599836497459996;-0.1254070506614784;0.7699403211412429
43.536929;1.0939113350403586;0.8333213826964546;0.7620094558681919;0.12304824876110317;0.11251526944112422;1.096930721411183;10.00072050450742;0.8335241926727714;1.097179645377992;1.0970308893778644;0.7599862088246231;-0.12540805106047226;0.7699434552330496
43.546929;1.093914016930608;0.8333217260612062;0.7620084637588732;0.12304848492590666;0.11251508991301738;1.0969323834651077;10.00071708654878;0.8335251183313795;1.0971761421518011;1.0970295894673878;0.7599887962408151;-0.1254090514371612;0.7699466017942783
43.556929;1.0939164465028743;0.8333216907231992;0.7620070639412396;0.12304989521449089;0.11251598155579272;1.0969348374196204;10.000713203457844;0.8335260710847057;1.0971726448902694;1.0970283045022822;0.759990410771351;-0.12540905179146924;0.7699486093633031
43.566929;1.0939195860278237;0.8333223829897655;0.7620055991228651;0.12305120585808624;0.11251668138894902;1.0969360863002078;10.000708901445632;0.8335270541416727;1.097169160503924;1.097027031319308;0.7599930506693238;-0.12541005212488307;0.7699517748738174
43.576929;1.0939215205486792;0.8333222791032483;0.7620040118782984;0.12305263155417467;0.11251758318880882;1.0969371362678164;10.000704251212387;0.8335280717035572;1.0971656971315866;1.0970257665765348;0.759995713100392;-0.12541105244013312;0.7699549474636886
43.586929;1.093924170406976;0.8333229074648031;0.7620023630122394;0.12305395671052552;0.11251829255381338;1.0969389965895648;10.000699323389703;0.8335291279994164;1.0971622628016895;1.0970245073470246;0.7599983949250685;-0.1254120527406351;0.7699581262009585
43.596929;1.0939256193179077;0.8333227465494263;0.7620005989612018;0.12305539596294378;0.11251920302722053;1.09693967937087;10.000694172419085;0.8335302269726584;1.0971588639015282;1.0970232519147833;0.7600000934259795;-0.12541305303004913;0.7699603233108497
43.606929;1.0939268297085283;0.8333225622839817;0.76199875479275;0.12305684116864374;0.11252011725209164;1.096941199235712;10.000688839578482;0.8335313720084634;1.0971555048668926;1.0970219998579942;0.7600028054168084;-0.12541405331187122;0.7699635103940068
43.616929;1.0939287646514548;0.8333231206674918;0.7619968659931087;0.12305818412488077;0.11252083826859198;1.0969415721137192;10.00068336419194;0.8335325653140202;1.0971521900545351;1.0970207514726522;0.7600055262906092;-0.12541505358893712;0.7699666983037793
43.626929;1.0939295109303453;0.8333229007314582;0.7619948808627334;0.12305963928380181;0.11252176056384726;1.096941813210181;10.00067779207287;0.8335338087547702;1.0971489257298224;1.0970195075389881;0.7600072502543325;-0.12541505386313045;0.7699687344370099
43.636929;1.0939309948430733;0.833323433063595;0.7619928642582506;0.12306099082291669;0.112522490806619;1.0969429357777924;10.000672183283916;0.8335351059769005;1.0971457198101016;1.0970182693783932;0.7600099708178805;-0.12541605413555906;0.7699719145829202
43.646929;1.0939313091177003;0.8333231979976069;0.761990764174487;0.12306245313433595;0.11252342373454292;1.0969429519079439;10.000666612773157;0.8335364625637713;1.0971425804728776;1.0970170387614377;0.7600126812939949;-0.12541705440669873;0.7699750862001902
43.656929;1.0939314260624504;0.8333233063331144;0.7619889286083299;0.12306275208161425;0.11252329721606677;1.0969438735359813;10.000661163185592;0.8335378843311848;1.097139515000258;1.0970158177184461;0.7600153749210659;-0.12541805467611514;0.7699782464027315
43.666929;1.0939320359500808;0.8333237293465273;0.7619868595956888;0.1230633477756063;0.11252337818720548;1.0969437112070501;10.00065592197827;0.8335393766222632;1.0971365284258674;1.0970146078063303;0.7600170442945317;-0.12541905494224118;0.7699804060882067
43.676929;1.0939317992422177;0.8333235051431336;0.7619846170200703;0.12306481366475376;0.11252433183034566;1.0969434728024636;10.000650982037527;0.8335409444088029;1.0971336226207116;1.0970134092022115;0.7600196815050712;-0.12542005520253782;0.7699835371261933
43.686929;1.0939323617816228;0.8333240575224556;0.7619823577479604;0.12306617069001807;0.11252509665258101;1.096944164583113;10.000646436043995;0.8335425918388976;1.097130796751932;1.0970122209207707;0.7600222794757275;-0.1254200554539309;0.7699864901820158
43.696929;1.0939318123137711;0.833323868160232;0.7619800229936072;0.12306763261466123;0.11252606739956734;1.0969437922285545;10.000642367279665;0.8335443217583377;1.0971280483840176;1.0970110421229253;0.7600248330965473;-0.1254210556933585;0.7699895929555912
43.706929;1.0939311163167418;0.8333237050425845;0.7619776411005414;0.12306909059357929;0.11252704777272884;1.096943360877141;10.00063884607942;0.8335461356202533;1.097125375139271;1.0970098732379883;0.7600263391244677;-0.12542205591815184;0.769991699830743
43.716929;1.0939312405738038;0.8333243326500728;0.7619752404652558;0.12307043584633492;0.11252784131854744;1.0969438758595278;10.000635932789496;0.8335480333169923;1.0971227765796143;1.0970087160309627;0.7600287951274487;-0.1254230561261779;0.7699947895146957
43.726929;1.0939302751134188;0.8333242247303354;0.7619727624523236;0.12307188223383388;0.11252884244203956;1.0969433442384706;10.000633681903095;0.8335500126818051;1.0971202539124707;1.097007572996331;0.7600311985516065;-0.12542405631580078;0.7699978810081957
43.736929;1.0939301464334799;0.833324904367297;0.761970265296217;0.12307321339759195;0.11252965738359103;1.0969437760617162;10.00063214096003;0.8335520692108306;1.0971178077924;1.097006446640861;0.7600325467361464;-0.12542505648556906;0.7699999924494768
43.746929;1.0939289439419924;0.8333251868519811;0.7619680055567117;0.1230734776803202;0.11252961449278229;1.096943184613459;10.000631345509852;0.8335541966892852;1.0971154367670788;1.0970053389773529;0.7600348376808483;-0.12542505663398545;0.7700029379531039
43.756929;1.0939276331648162;0.833325142186767;0.7619653842681323;0.12307489808742861;0.11253064807947592;1.0969425852836052;10.000631319440231;0.8335563879341382;1.0971131361955684;1.0970042524228232;0.7600370704320079;-0.12542605675965704;0.7700060590317303
43.766929;1.0939271776153747;0.8333258691629515;0.7619627447450031;0.12307620074071378;0.11253149500082345;1.0969429927550811;10.000632080353045;0.8335586349092494;1.097110897740868;1.0970031914578011;0.7600392446041572;-0.12542705686131841;0.7700091943936077
43.776929;1.09392566315675;0.8333258327315681;0.7619600288572319;0.12307760028564046;0.11253254871177193;1.0969424180790777;10.000633647305662;0.83356092851161;1.0971087112163218;1.097002162349299;0.7600403603474387;-0.12542805693753487;0.7700113586507088
43.786929;1.0939250142483194;0.8333265466601392;0.7619572957147034;0.12307888140614472;0.11253341446259928;1.0969428680761568;10.000636052256539;0.8335632579787532;1.0971065672534916;1.097001171588021;0.7600424190343393;-0.12542905698654425;0.7700145263331386
43.796929;1.0939233209402197;0.8333264733774769;0.761954488874535;0.12308025914390994;0.11253448543177874;1.0969423466155122;10.000639342858697;0.8335656108666265;1.0971044573475506;1.0970002253345887;0.760044422984975;-0.12543005700644083;0.7700177124083096
43.806929;1.0939215524871277;0.8333263628399016;0.7619516396649175;0.12308162589028275;0.11253556376089299;1.0969418559708788;10.000643568054576;0.8335679749451468;1.0971023718794883;1.0969993294579787;0.7600463742018061;-0.12543005699570703;0.7700207558620161
43.816929;1.093920678413367;0.8333269653544219;0.7619487796854509;0.12308287395863395;0.11253645159374837;1.0969423974059198;10.00064876881544;0.833570340524992;1.0971002996389192;1.0969984895079825;0.7600472736843874;-0.12543105695378853;0.7700229965036776
43.826929;1.0939187895122737;0.8333270877044818;0.7619461681721943;0.12308305254268934;0.11253647634092968;1.0969419708482195;10.000654992054045;0.8335727006973341;1.0970982296740601;1.0969977113365097;0.7600491216857864;-0.1254320568811774;0.7700262439260026
43.836929;1.093917811680418;0.8333275569442999;0.761943239743229;0.1230842776777672;0.11253737467718503;1.096941574610714;10.000662302237902;0.8335750495737297;1.0970961533633536;1.0969970021864957;0.7600509180432428;-0.1254330567790558;0.7700295103954459
43.846929;1.0939158331915102;0.83332718332834;0.7619402573118742;0.12308559844130743;0.11253847415170617;1.0969422064166863;10.000670766507948;0.8335773809316385;1.097094065118309;1.0969963706503272;0.760052662234337;-0.12543405664879498;0.7700327956785004
43.856929;1.0939138195144975;0.833326724842983;0.7619372573408453;0.12308690691476515;0.11253957697939435;1.0969418653041085;10.000680435532438;0.8335796892159991;1.0970919612671133;1.0969958248310792;0.7600533537414341;-0.12543405649138806;0.7700349507532442
43.866929;1.0939127354929743;0.8333269426187969;0.7619342748722724;0.12308809512307338;0.11254048518575668;1.096942552777074;10.000691342439573;0.8335819716504288;1.0970898386461334;1.0969953702210757;0.7600549922350611;-0.1254350563073733;0.7700382754093937
43.876929;1.0939106670075518;0.833326311787174;0.7619312552107811;0.12308937769834466;0.11254159170483682;1.0969422724312334;10.000703510305732;0.833584229047862;1.097087695032357;1.0969950088524736;0.7600565767325832;-0.12543605609735878;0.7700416211409297
43.886929;1.0939085756436104;0.8333255955280756;0.7619282289770256;0.12309064672478404;0.11254269845319012;1.0969420290762315;10.00071695548726;0.8335864655750944;1.097085530114551;1.0969947392146175;0.7600571054727101;-0.12543705586213091;0.7700440027127582
43.896929;1.0939074213400293;0.8333258999881648;0.761925539927728;0.12309062872251929;0.11254254157623991;1.096942828872846;10.000731681480318;0.8335886879417961;1.0970833449734962;1.096994555951253;0.7600585775477339;-0.12543805560212956;0.7700473945773406
43.906929;1.0939052850180428;0.8333250122942517;0.7619225011790675;0.12309187014912937;0.11254364546579995;1.0969426799459296;10.000747668717182;0.8335909034289825;1.0970811405911252;1.0969944504555882;0.7600599940135534;-0.12543805531701088;0.7700506468458863
43.916929;1.0939040831992526;0.8333248028674805;0.7619194851779718;0.12309299057644311;0.11254454941304488;1.0969425924423508;10.000764875295683;0.8335931182177297;1.0970789165458534;1.0969944133653575;0.7600613574572608;-0.12543905500558125;0.7700540826494812
43.926929;1.0939018956480464;0.8333237505818937;0.7619164344156398;0.1230942057142465;0.1125456467870332;1.0969435783101449;10.000783251940089;0.8335953374128372;1.0970766709756914;1.0969944371909681;0.7600616709554088;-0.1254400546660867;0.77005654790157
43.936929;1.0938993973114002;0.8333225168364216;0.7619134776381263;0.1230946462338512;0.11254607209728246;1.0969436508315697;10.000802754247877;0.8335975650799053;1.0970744018659369;1.0969945174843205;0.760062937153849;-0.1254410542964457;0.7700600106338452
43.946929;1.093898111879351;0.8333220866855029;0.7619104472089029;0.12309573086056068;0.11254696435213106;1.0969448242188562;10.000823334873703;0.8335998030349903;1.0970721079675936;1.0969946522803102;0.7600641585039581;-0.12544205389416263;0.7700634798181185
43.956929;1.0938958369048808;0.8333208344616608;0.7619073839657714;0.1230969133249223;0.11254804909139646;1.096945113262278;10.0008449291883;0.8336020502192958;1.0970697890323422;1.096994840155945;0.7600653383068567;-0.12544205345635;0.770066789565596
43.966929;1.093893529506599;0.8333198723726569;0.7619046320651458;0.12309692185975081;0.1125480629981042;1.0969455318381138;10.000867457920387;0.8336043036727072;1.0970674465251593;1.0969950789375686;0.7600654808398241;-0.12544305298003672;0.7700692763049661
43.976929;1.0938921465879055;0.8333192797997783;0.7619015945798675;0.12309798181012839;0.11254893982417744;1.0969470909158545;10.000890840180785;0.8336065588885497;1.0970650836429952;1.096995366575739;0.7600665905043693;-0.12544405246240958;0.7700727467245959
43.986929;1.093889769316378;0.8333178773866992;0.7618985324310472;0.12309914390967353;0.11255000702232912;1.096947798636315;10.000915006038385;0.833608808810324;1.0970627030336464;1.0969957027569732;0.7600676713652389;-0.12544505190075741;0.770076208977081
43.996929;1.0938883178511933;0.8333171907842091;0.7618955103682219;0.12310019431647065;0.11255086969097101;1.096948662142329;10.000939902850774;0.8336110438048683;1.097060304434567;1.0969960891985153;0.7600687274245045;-0.12544605129245032;0.7700796568879895
44.006929;1.0938858765381065;0.83331569497364;0.7618924765982402;0.12310134916530942;0.11255192077529733;1.0969506880977644;10.000965482725402;0.8336132532874589;1.0970578848901935;1.0969965281765266;0.760068762828324;-0.12544605063515485;0.7700819347631419
44.016929;1.093883406786357;0.8333141546713945;0.7618894655595858;0.12310250188848834;0.11255296210060582;1.0969518819023094;10.000991684360862;0.833615427284542;1.0970554398580972;1.0969970198050556;0.7600697818588065;-0.12544704992702158;0.7700853368200252
44.026929;1.0938818694485934;0.8333136821154187;0.7618868248868832;0.12310238016587692;0.11255272982890716;1.0969542477441552;10.00101843120891;0.8336175568729403;1.0970529627904928;1.0969975603649476;0.7600707886580201;-0.12544804916684704;0.7700887105903175
44.036929;1.0938793486073282;0.8333120745583781;0.76188387066884;0.12310353138303842;0.11255374865001479;1.0969557889954629;10.001045640867307;0.8336196339171376;1.097050444958088;1.096998143799269;0.7600717863521019;-0.1254490483541012;0.7700920541216402
44.046929;1.093876807303157;0.8333104501266231;0.7618809473212838;0.12310468333316898;0.11255475548932245;1.096957508050133;10.001073238693527;0.8336216508279785;1.0970478776853945;1.0969987641290468;0.7600717762907692;-0.1254490474887989;0.7700942158676988
44.056929;1.0938752091354869;0.8333095829799321;0.7618780839906607;0.12310572957423062;0.11255555360926148;1.096960406700132;10.001101174704708;0.8336236001966643;1.097045254884529;1.0969994159637004;0.7600727580807752;-0.12545004657157435;0.7700974926242763
44.066929;1.093872641057016;0.8333079589758127;0.7618752224911879;0.12310688615561521;0.11255653768646397;1.096962486971033;10.001129434312228;0.8336254742716598;1.0970425734222713;1.0970000941289733;0.7600737304261717;-0.1254510456038181;0.7701007322353871
44.076929;1.0938710292981353;0.8333071142522321;0.7618724218798215;0.12310793886158097;0.11255731456960123;1.0969647511206875;10.001158031699457;0.8336272652041372;1.097039832097739;1.0970007941750175;0.7600746922257331;-0.12545204458762876;0.770103930713388
44.086929;1.0938684664939626;0.8333058771745318;0.7618699396436436;0.12310793771262724;0.1125572135447694;1.096968201526482;10.001186987392535;0.8336289661186788;1.0970370307558108;1.0970015130239774;0.760074642841677;-0.1254530435257436;0.7701060944973769
44.096929;1.0938659250897569;0.8333043307834158;0.7618671777318643;0.12310910713026817;0.11255817032277753;1.0969708409598926;10.001216309486288;0.8336305717669793;1.0970341698379258;1.097002248380198;0.7600755816169654;-0.12545304242142766;0.7701090241094896
44.106929;1.093864378550599;0.8333035874664119;0.761864481283401;0.1231101743165287;0.11255892344731652;1.0969736714212814;10.001245995447427;0.8336320782738879;1.0970312496716512;1.0970029969608486;0.7600765073209296;-0.12545404127817297;0.7701120482777596
44.116929;1.0938619226983923;0.8333021273016212;0.7618617951805403;0.12311135472963759;0.11255986817855888;1.0969776923076935;10.001276041543534;0.8336334829860105;1.0970282694608515;1.097003752545713;0.7600774175982933;-0.12545504009938066;0.7701149957421602
44.126929;1.0938595304274248;0.8333007184396327;0.7618591527038103;0.12311254124828191;0.11256080869910509;1.0969809008277895;10.001306440229952;0.833634785166583;1.0970252273267;1.097004505213229;0.7600773088970869;-0.12545603888827433;0.7701168741670786
44.136929;1.0938581744799296;0.8333004729422601;0.7618569017594783;0.12311246086816424;0.1125604834118082;1.0969842928991431;10.001337168787943;0.833635986245369;1.0970221214196627;1.0970052423906826;0.7600781768126641;-0.12545603764795604;0.7701194898404211
44.146929;1.0938559504391983;0.8332991832294112;0.761854359722119;0.12311365998735202;0.11256141893392654;1.0969888624452793;10.001368186124495;0.8336370882434317;1.0970189506360069;1.0970059509023646;0.760079015778334;-0.1254570363812682;0.7701221781052064
44.156929;1.0938538315210748;0.8332979594923782;0.7618518724663497;0.1231148651380819;0.11256235346220966;1.096992601415146;10.001399452799879;0.8336380916959019;1.0970157151042386;1.09700661889161;0.7600798187233776;-0.12545803509047404;0.7701247722816291
44.166929;1.0938527896036299;0.8332975668057718;0.7618494697246672;0.12311596846850559;0.11256309071667345;1.096997500482591;10.001430955614632;0.83363899524066;1.0970124170978561;1.097007237179164;0.7600795778241931;-0.12545903377728979;0.7701262822909691
44.176929;1.093850916641764;0.8332964810003023;0.7618470929642603;0.1231171846135158;0.11256402534754041;1.0970015483432165;10.001462702883227;0.8336397968974473;1.0970090612891534;1.097007799387644;0.7600802850885859;-0.12545903244333556;0.770128515958472
44.186929;1.0938491791191767;0.833295808093671;0.7618450850293986;0.12311723978254535;0.11256389526630375;1.0970057303965375;10.001494701253392;0.8336404953764736;1.0970056538579722;1.0970083007099105;0.7600809321706274;-0.12546003109052978;0.7701308119077094
44.196929;1.0938485397762459;0.8332956215302503;0.7618428452572559;0.12311835701688176;0.11256463562109346;1.0970110284757544;10.001526939004398;0.8336410903910494;1.0970022018891228;1.0970087369179313;0.7600815107769237;-0.1254610297212709;0.7701330089022965
44.206929;1.0938470806874145;0.8332947370132286;0.7618406269053569;0.12311958461430404;0.1125655753567693;1.0970154221794188;10.001559377134214;0.8336415825320237;1.0969987139108535;1.097009104061697;0.7600810135661877;-0.12546202833835204;0.77013412259733
44.216929;1.0938467189419576;0.8332946773077633;0.7618384843211313;0.12312070660074403;0.11256632121291867;1.0970198904995416;10.00159195350636;0.8336419733095966;1.096995200438027;1.097009398588118;0.7600814348008392;-0.12546202694470815;0.7701359654527149
44.226929;1.0938452507163194;0.833293808824728;0.7618364541503245;0.12312117452068001;0.11256659971705658;1.0970254122457366;10.001624604571612;0.8336422652037795;1.0969916727804023;1.0970096178548818;0.7600817712515082;-0.12546302554336805;0.7701378789790289
44.236929;1.0938441959923806;0.8332934531548695;0.7618346792007517;0.12312123950803167;0.11256648472065221;1.0970299657083378;10.001657285519359;0.8336424617214998;1.0969881406821878;1.0970097596671122;0.7600820228728856;-0.1254640241372306;0.7701397032572546
44.246929;1.0938442229243897;0.8332935778874502;0.7618326566117823;0.12312236196293977;0.11256724259785958;1.097034528677473;10.001689970487393;0.8336425675202626;1.0969846115430146;1.0970098217284394;0.7600811914803147;-0.12546502272843577;0.7701404553859965
44.256929;1.0938434008590037;0.8332930009936372;0.7618306412439688;0.12312359039889019;0.1125682012349424;1.0970400797733597;10.001722640912702;0.8336425883980121;1.096981091855973;1.0970098029945419;0.7600812776357515;-0.12546502131824538;0.770141949638529
44.266929;1.0938426731628492;0.8332924850092869;0.7618286617349097;0.12312481662644813;0.11256916313294467;1.0970446001699372;10.001755277900562;0.8336425311700201;1.096977588806613;1.0970097051003993;0.7600812788773692;-0.1254660199076954;0.7701435278519002
44.276929;1.0938429809263968;0.833292793095106;0.7618267470146779;0.1231259324327743;0.11256993094215234;1.0970490732409095;10.001787862444802;0.8336424034568242;1.0969741103333934;1.0970095316471795;0.7600811909861483;-0.12546701849799458;0.7701450279238078
44.286929;1.093842386894477;0.8332927443580295;0.7618251533667314;0.12312598628415833;0.11256983279596383;1.0970544829433733;10.001820375797575;0.8336422132374647;1.0969706633458975;1.097009285920189;0.7600800096480689;-0.12546801709006197;0.7701454630267256
44.296929;1.0938418320487708;0.8332924139430903;0.7618232818937686;0.12312720130532417;0.11257080321116054;1.0970588137249548;10.001852786253233;0.8336419683775459;1.0969672514162703;1.0970089698007572;0.7600797305112245;-0.12546801568395302;0.7701466438871576
44.306929;1.0938422585883931;0.8332929068303278;0.7618214764466424;0.12312830381866476;0.11257157944837641;1.097063051243682;10.001885033470412;0.8336416765884744;1.0969638740707977;1.097008585383901;0.7600793494299685;-0.1254690142791479;0.7701479116640562
44.316929;1.0938417321554612;0.8332926953469454;0.7618196802849468;0.1231295086749531;0.11257255542821032;1.0970681817563586;10.001917040274298;0.8336413458028153;1.0969605278851613;1.097008136218929;0.7600788636861711;-0.12547001287532683;0.7701491072069523
44.326929;1.0938411968331234;0.8332928831492727;0.7618182399277443;0.12312954254827656;0.11257246834743799;1.0970721909501084;10.001948736291295;0.8336409840611948;1.0969572080989478;1.0970076257834394;0.7600782728398763;-0.125470011472629;0.7701500731365623
44.336929;1.0938415971551312;0.8332935426367798;0.76181656040111;0.12313062918433607;0.11257325281931725;1.0970760642884163;10.001980059899601;0.8336405986708769;1.0969539104178225;1.0970070554002924;0.7600765789312165;-0.12547101007134376;0.7701501553532099
44.346929;1.0938409999024534;0.8332934893569482;0.761814902345657;0.12313181767492022;0.11257423737069826;1.0970807882325961;10.00201095345488;0.8336401956522784;1.09695063211055;1.0970064237842079;0.7600757860960123;-0.12547200867192096;0.7701511701328062
44.356929;1.0938403500609832;0.8332934836530091;0.7618132985798373;0.12313300037909962;0.11257522523770108;1.0970843500100724;10.002041367137592;0.8336397795752915;1.0969473716489626;1.0970057280091416;0.7600748995904992;-0.12547300727564753;0.7701521345654708
44.366929;1.0938405953922345;0.8332942874964439;0.7618117810616891;0.12313406973519575;0.11257601938678846;1.0970877360651947;10.002071253149593;0.8336393536827758;1.0969441285131096;1.0970049650254445;0.7600739250002495;-0.125473005885084;0.7701528881817374
44.376929;1.0938398094012092;0.8332947206308273;0.7618106086809904;0.12313407493794658;0.11257594778069356;1.0970919312499485;10.002100552475435;0.8336389204436213;1.0969409033541013;1.0970041330030813;0.7600718683175844;-0.1254740045035119;0.7701527729121252
44.386929;1.0938389453985042;0.8332948611458111;0.7618091845375768;0.12313523970867458;0.11257694458967928;1.0970949195449715;10.0021291949673;0.8336384819999246;1.0969376969242672;1.0970032318538003;0.7600707365781972;-0.12547500313399096;0.7701536028212168
44.396929;1.093838958866184;0.8332958195651246;0.7618078530477894;0.12313629040426083;0.11257774679748127;1.0970976852009253;10.002157109260825;0.8336380405197557;1.0969345088961064;1.097002263355843;0.7600695378471201;-0.12547600177908969;0.7701543961683482
44.406929;1.0938379296233023;0.8332960761906347;0.7618065558273414;0.1231374412788062;0.11257874819025482;1.0971012132534435;10.002184230244131;0.8336375982891518;1.0969313385097503;1.097001231868087;0.7600682803832924;-0.12547600044127558;0.7701549960420203
44.416929;1.0938368152467173;0.833296744298072;0.7618056356043558;0.12313741820503349;0.11257868593381896;1.0971034898971594;10.002210498865285;0.8336371575249633;1.0969281861375584;1.0970001447115836;0.7600659720336044;-0.12547699912299576;0.7701547481034015
44.426929;1.0938365731458755;0.8332979060334376;0.7618044922974603;0.12313844429006095;0.11257949459903516;1.0971055031745225;10.002235852188994;0.8336367209044883;1.096925053773852;1.096999011447496;0.7600646201973228;-0.12547799782637387;0.7701554688135667
44.436929;1.0938352844026331;0.8332983847708917;0.7618033812201983;0.12313956827320698;0.11258050255224203;1.097108243052991;10.002260208626305;0.8336362923972404;1.0969219442408322;1.0969978422802285;0.7600632318723918;-0.12547799655310865;0.7701560139437184
44.446929;1.0938339090005298;0.8332989455582706;0.7618023308332836;0.12314068252644417;0.11258151277251192;1.0971097007587536;10.002283462209546;0.8336358768378203;1.0969188609768286;1.096996644842641;0.760061813530174;-0.12547899530446244;0.7701567137924887
44.456929;1.0938334062475221;0.833300695961126;0.7618016841128966;0.12314051407238581;0.11258126221407952;1.0971108690140956;10.002305491940778;0.8336354785283328;1.0969158092174003;1.0969954215528344;0.7600603710942219;-0.12547999408122387;0.7701574090732431
44.466929;1.0938318559058426;0.8333014242933893;0.7618007546216371;0.12314160981334783;0.11258227583424082;1.0971127431344034;10.002326160273398;0.8336351009692043;1.0969127965500711;1.0969941710392788;0.7600579094867631;-0.12547999288369788;0.7701569530079416
44.476929;1.0938302142194924;0.8333022380169351;0.76179988680869;0.12314269711166016;0.11258329029243143;1.0971133208682213;10.002345295565076;0.8336347483628708;1.0969098314275718;1.096992891340865;0.7600564315087404;-0.12548099171170787;0.7701576463432022
44.486929;1.0938294369690573;0.8333039016468456;0.7617991117124827;0.12314366899453587;0.11258410799705104;1.097113600715784;10.002362702708268;0.8336344266229946;1.0969069209835214;1.0969915811900393;0.7600549375955241;-0.12548199056484435;0.770158339670255
44.496929;1.0938276017007995;0.8333052367412717;0.7617986882391783;0.1231435752609211;0.11258405653649264;1.0971145804094025;10.002378200768522;0.8336341419573264;1.0969040706871325;1.0969902401318519;0.7600534270614063;-0.1254829894428589;0.7701590316660071
44.506929;1.0938256638423585;0.833306322018253;0.7617980210230979;0.12314464059288176;0.11258506982379744;1.0971142568612167;10.002391641704124;0.833633898590927;1.0969012860232459;1.0969888690679934;0.760050899714188;-0.1254829883458147;0.7701585702681892
44.516929;1.0938245801587443;0.8333082665956729;0.7617974584280579;0.1231455926420249;0.11258588486337262;1.0971136276098077;10.00240290545077;0.8336336982130402;1.0968985732551069;1.096987470258243;0.7600493567470346;-0.12548398727406576;0.7701592517845499
44.526929;1.0938224307289681;0.8333095467227212;0.7617969476129562;0.12314664714051753;0.11258689570267058;1.0971136922547096;10.002411891182122;0.8336335408467804;1.0968959383113874;1.0969860459145317;0.7600478009683905;-0.12548498622828042;0.7701599240686657
44.536929;1.0938198905832779;0.8333111610737848;0.7617969353375735;0.12314576888738271;0.11258617149774719;1.097112452655254;10.002418515053964;0.8336334250724452;1.096893386495496;1.0969845974164045;0.7600462371981659;-0.12548498520944232;0.7701604214096176
44.546929;1.0938184829590145;0.8333133971232743;0.7617966278414203;0.12314670762439821;0.1125869826300578;1.0971109126316845;10.002422712376076;0.8336333473449796;1.0968909242651759;1.096983126014453;0.7600436723021303;-0.12548598421874052;0.7701600800112639
44.556929;1.0938160043460299;0.8333149600504682;0.7617963810986594;0.12314775047050358;0.11258798852303256;1.0971100776853875;10.002424434179263;0.8336333021462978;1.0968885607334513;1.0969816330973263;0.7600421141172898;-0.12548698325737645;0.7701607082542815
44.566929;1.0938134110818787;0.8333166030077328;0.7617962243859324;0.12314879043571329;0.11258899120331246;1.0971079542445228;10.00242364140307;0.8336332832108921;1.0968863068208585;1.0969801198906648;0.7600405702113434;-0.12548698232630168;0.7701611566690582
44.576929;1.0938116600753234;0.8333194191950848;0.7617965014040569;0.1231485549971774;0.11258872693738509;1.0971055492608641;10.002420309550828;0.833633283935671;1.096884172480842;1.096978587877702;0.7600390469085153;-0.12548798142586606;0.7701617529860467
44.586929;1.0938088324132764;0.8333211811733037;0.7617965261138236;0.12314959145518728;0.11258972043394788;1.0971038705530156;10.00241444256456;0.8336332966468364;1.0968821636211028;1.0969770397735812;0.7600375486086457;-0.1254889805555591;0.7701623370920936
44.596929;1.0938058885289184;0.8333229812667463;0.7617966418034439;0.1231506276012204;0.11259070837460855;1.0971009266221186;10.002406080070765;0.8336333123846853;1.096880281021995;1.0969754800757712;0.7600350783075106;-0.1254889797141424;0.7701617623480355
44.606929;1.0938037896202384;0.8333255685644985;0.7617968763051158;0.12315155697912787;0.11259149327975033;1.0970977260333237;10.002395291215986;0.833633322012621;1.0968785227715883;1.0969739151698847;0.7600336384697318;-0.12548997890010452;0.7701623303411316
44.616929;1.0938006197638857;0.8333277479794251;0.7617974837055852;0.12315142972380753;0.11259140300643006;1.0970952768134519;10.002382157474772;0.8336333179236456;1.096876887879726;1.0969723534197655;0.7600322304248668;-0.12549097811201032;0.7701628930926278
44.626929;1.093797342481585;0.8333295828697345;0.7617978630982097;0.12315247031545573;0.11259237184968827;1.0970915858698378;10.002366754191655;0.8336332945607496;1.0968753772848627;1.0969708051734797;0.7600308533952304;-0.12549197734862952;0.7701634503702217
44.636929;1.0937949254646213;0.8333321701057677;0.761798357281828;0.12315340566440723;0.112593137047518;1.0970876593836592;10.002349151649769;0.8336332467342801;1.0968739923014443;1.0969692820640347;0.7600285048723318;-0.1254919766091258;0.7701628495809839
44.646929;1.0937914633076287;0.833334318747439;0.7617992222061353;0.12315328509022588;0.11259302703701805;1.0970845038763952;10.00232942921979;0.8336331674310539;1.096872733235758;1.0969677948654015;0.7600271811542557;-0.1254929758931705;0.7701633845015733
44.656929;1.0937879296538142;0.833336093174069;0.7617998582142731;0.12315433295373146;0.11259397670438204;1.0970801265380707;10.00230767876241;0.8336330469191229;1.09687160000647;1.096966351355274;0.7600258773232316;-0.12549397520052458;0.7701638985300334
44.666929;1.0937852963850094;0.8333385886022272;0.7618006081471805;0.12315527657237174;0.11259472382005617;1.097075534741496;10.002284000055477;0.8336328730921567;1.0968705934818368;1.096964956358485;0.7600245878643659;-0.12549397453036967;0.7701642201542339
44.676929;1.0937816547786927;0.8333402690777646;0.7618014133618706;0.1231563311745579;0.11259566306525061;1.0970707358484293;10.00225849807161;0.8336326332632356;1.0968697149753956;1.09696361296997;0.7600233073838367;-0.12549497388119604;0.7701646651819792
44.686929;1.0937779703615094;0.8333422300352294;0.7618026166529369;0.12315622346649449;0.11259553253377301;1.0970667382106534;10.002231281002238;0.8336323169363651;1.096868965580135;1.0969623230591685;0.760021030888954;-0.12549597325139666;0.7701640729867291
44.696929;1.0937752054159338;0.833344535531642;0.7618036171560443;0.1231571769416643;0.11259626758224556;1.097061552397972;10.002202457212617;0.8336319170095006;1.0968683474414238;1.0969610878374352;0.7600197544382066;-0.12549597263987863;0.7701642434314349
44.706929;1.093771441907305;0.8333459932943124;0.7618046681307743;0.12315824000673817;0.11259719729105365;1.0970561909023542;10.002172132442647;0.8336314289841574;1.0968678641044485;1.0969599088248816;0.760018475317504;-0.1254969720460915;0.7701645077658769
44.716929;1.0937676377935188;0.8333476994898226;0.7618061095219282;0.12315813859078582;0.11259705973333584;1.097051666628735;10.002140410207522;0.8336308500070774;1.096867518860295;1.0969587874903397;0.7600171918783719;-0.1254979714695461;0.7701646978467693
44.726929;1.0937647511775699;0.8333497197350808;0.7618073383812644;0.12315909595389198;0.11259779008073567;1.0970459916641329;10.00210739736794;0.8336301772673429;1.0968673142862977;1.0969577239732986;0.7600149043444409;-0.1254979709094933;0.7701636607201805
44.736929;1.093760863569436;0.8333508639053965;0.761808606735214;0.12316016077865637;0.11259871697224456;1.0970401769030358;10.002073208738821;0.8336294061009165;1.0968672530715615;1.09695671669994;0.7600136150591438;-0.1254989703651087;0.7701636930546732
44.746929;1.0937569344440305;0.8333518875934985;0.7618099387878666;0.12316122538599195;0.1125996435006587;1.097035232471988;10.002037963431444;0.8336285308463283;1.0968673375214069;1.096955763051591;0.76001232669793;-0.12549996983552109;0.7701636426056626
44.756929;1.0937539229662006;0.8333538917918193;0.7618116714316865;0.12316101678768293;0.11259930676084144;1.0970291685003875;10.002001776094538;0.8336275474657902;1.0968675684454996;1.0969548604883894;0.7600110400766209;-0.12549996931939575;0.7701633429435434
44.766929;1.093749910507283;0.8333546597605894;0.7618131098921324;0.12316208181329089;0.11260023208710071;1.0970229958800566;10.001964745898057;0.8336264539315875;1.0968679453252057;1.096954007995028;0.7600097538399426;-0.12550096881472828;0.7701631166570218
44.776929;1.0937458563010414;0.8333552952039206;0.7618145890678186;0.12316314767942586;0.11260115681568952;1.0970177272652046;10.001926952343107;0.8336252488723073;1.0968684669686288;1.0969532072001502;0.7600074660212126;-0.12550196831898358;0.7701618124359733
44.786929;1.0937417609067732;0.8333561410105635;0.7618164156409188;0.12316304898395604;0.11260101537717865;1.0970113778572035;10.001888469267971;0.8336239310149129;1.0968691313395478;1.0969524612505488;0.76000617580657;-0.12550196782924658;0.7701612403424609
44.796929;1.0937385843999254;0.8333572727898099;0.7618179834361247;0.12316401009516928;0.11260174231201538;1.0970049652895573;10.001849378360294;0.8336224989771811;1.0968699352682307;1.0969517716760036;0.7600048844009613;-0.12550296734227623;0.7701607395499701
44.806929;1.0937344099654862;0.8333575100893519;0.7618195415117597;0.12316508071916828;0.11260266569702683;1.0969995095000176;10.001809757933602;0.8336209508604852;1.0968708755193357;1.0969511365668825;0.7600035944635555;-0.12550396685468507;0.7701601467557768
44.816929;1.0937301989668906;0.8333579610175886;0.7618214257585537;0.12316498834813007;0.11260252264587874;1.096993032678593;10.001769664241493;0.8336192843030812;1.0968719507231663;1.0969505522286074;0.7600023084173652;-0.1255039663635505;0.7701592999500564
44.826929;1.0937269128730367;0.8333587031651234;0.7618230291379817;0.12316595781599841;0.11260324767155035;1.0969865576671907;10.001729134511217;0.8336174968372057;1.0968731627219803;1.0969500168515396;0.7600000269713079;-0.12550496586704335;0.7701575422652402
44.836929;1.0937226364484147;0.8333585570978562;0.7618245999196945;0.1231670391531549;0.11260416923266238;1.0969801052612878;10.001688202499649;0.8336155864731365;1.0968745167046514;1.0969495327347971;0.7599987487003675;-0.1255049653643193;0.7701565280135905
44.846929;1.0937183341575045;0.8333582860886684;0.7618261584754182;0.12316812555771285;0.11260509069710306;1.0969746929148028;10.001646904587544;0.8336135523080059;1.0968760197437355;1.09694910569089;0.7599974706359991;-0.12550596485493684;0.7701556059261294
44.856929;1.093714972159656;0.8333589958478735;0.7618280373064954;0.12316794419944826;0.11260474949979937;1.0969683361673799;10.001605277297799;0.8336113941606065;1.0968776784819114;1.0969487426735318;0.7599961896434461;-0.12550696433853317;0.7701546239756348
44.866929;1.0937106395600604;0.8333584732178433;0.7618295369261195;0.12316904154246533;0.11260567097840626;1.096962050844348;10.001563355823528;0.8336091119668353;1.096879497829027;1.0969484491817947;0.7599949037835393;-0.12550696381473403;0.7701534314268856
44.876929;1.0937060202039457;0.833357717751579;0.7618310859825735;0.12316938169428082;0.1126059239483826;1.0969568526306583;10.001521176905582;0.8336067065339445;1.0968814812528234;1.0969482284532028;0.7599926125153885;-0.12550796328308136;0.7701513819827603
44.886929;1.0937026456242638;0.8333580519733698;0.7618328177074517;0.12316921644199923;0.11260558135020723;1.0969507544107528;10.001478785100089;0.8336041806138973;1.0968836310307513;1.0969480821672064;0.7599913162570165;-0.12550896274301876;0.7701503028451975
44.896929;1.093698319569921;0.8333571570625603;0.7618341329938699;0.12317032912774471;0.11260650007315988;1.0969447650987925;10.001436239392213;0.8336015387849308;1.0968859481494146;1.0969480104221154;0.7599900163602415;-0.12550896219378832;0.7701490627939744
44.906929;1.0936940041511254;0.833356141989943;0.7618353655037257;0.1231714460906421;0.11260741711827174;1.0969398913519905;10.00139361023188;0.8335987871109239;1.0968884333425135;1.0969480113292056;0.7599887148935655;-0.12550996163443737;0.7701480057108724
44.916929;1.0936897009103348;0.8333553558979214;0.7618368218350651;0.1231714011627585;0.11260726657263372;1.0969341393447039;10.001350966316227;0.83359593379432;1.0968910878091185;1.096948081137742;0.7599864140603467;-0.1255109610642275;0.7701459977938349
44.926929;1.0936863702379473;0.8333548816266934;0.7618378975183212;0.12317241805210531;0.11260798254949865;1.096928514354263;10.001308366953264;0.8335929896206794;1.096893912441951;1.0969482138011397;0.7599851162285085;-0.12551096048306293;0.7701448624621379
44.936929;1.0936820956649052;0.8333535459629503;0.761838845324192;0.12317354582476395;0.11260889261039442;1.0969230205746971;10.00126586035346;0.8335899665060431;1.0968969078147754;1.0969483995106315;0.7599838247003365;-0.12551195989141006;0.7701439493279731
44.946929;1.0936778384803694;0.8333524633782403;0.7618400064868002;0.12317351132646359;0.11260873346140074;1.0969186628927148;10.001223479076499;0.8335868758106555;1.0969000749696018;1.0969486240368602;0.7599825442554016;-0.125511959289703;0.7701429397752135
44.956929;1.0936745588739063;0.8333517174432569;0.7618407802977651;0.12317453860477118;0.11260943945888824;1.0969134472229878;10.001181237256663;0.8335837290862376;1.096903415077748;1.0969488713587667;0.7599812803330828;-0.12551295867801066;0.7701421648650253
44.966929;1.0936703388039322;0.8333501357891326;0.7618414216962404;0.12317567688604893;0.1126103389709756;1.0969083771585557;10.001139132759134;0.8335805394013566;1.0969069284927784;1.0969491277677261;0.7599790376322916;-0.12551395805653562;0.7701404789055936
44.976929;1.0936661401328052;0.8333488344527361;0.7618422731561821;0.12317565319927243;0.11261016947010415;1.0969044500777412;10.001097154304885;0.8335773201279919;1.0969106144614402;1.0969493828415886;0.7599778202513628;-0.12551395742619015;0.770139694978864
44.986929;1.0936629293142195;0.8333478982789676;0.7618427353449534;0.12317669177088261;0.11261086564735501;1.0968996567842348;10.00105529426698;0.8335740828019329;1.0969144715395576;1.0969496279999749;0.7599766327436184;-0.12551495678841312;0.7701391537467996
44.996929;1.0936587974079637;0.8333461547061821;0.7618430654734282;0.1231778416297671;0.11261175584717124;1.0968949849193599;10.001013559927284;0.8335708367177007;1.0969184981769973;1.0969498563037126;0.7599754798668047;-0.12551595614452837;0.7701386923180557
45.006929;1.0936547109102892;0.8333447177228425;0.7618436083843396;0.12317782913112274;0.1126115774193762;1.0968904228864653;10.00097197546346;0.8335675896703585;1.0969226930486509;1.0969500630756681;0.7599743654292213;-0.1255159554953379;0.7701381474398717
45.016929;1.0936506736896185;0.8333429063753587;0.7618437363219143;0.12317898530624831;0.11261246197514489;1.0968869614713566;10.000930576056941;0.8335643482939269;1.0969270550419523;1.0969502457345734;0.7599722918365827;-0.12551695484110156;0.7701368585480152
45.026929;1.0936476460481703;0.8333418336966449;0.7618437925890766;0.12318003683417436;0.11261314697072815;1.096882593882292;10.000889397488395;0.8335611181969156;1.0969315818430438;1.0969504032405857;0.7599712600551074;-0.12551695418162415;0.7701364731887428
45.036929;1.0936437096707339;0.8333403267237914;0.761844033305674;0.12318003303040861;0.11261296099024312;1.0968783168755734;10.000848463278015;0.8335579052294568;1.0969362673408383;1.096950534875084;0.7599702692000155;-0.12551795351636316;0.7701363306547568
45.046929;1.093639825472632;0.8333384711870139;0.7618438602352985;0.12318119831674869;0.11261383918151181;1.096875131595255;10.000807780251249;0.8335547170702968;1.0969411012871833;1.096950638653188;0.7599693165775518;-0.12551895284473558;0.7701362684125048
45.056929;1.093636957723058;0.8333373846874697;0.7618436191827557;0.12318226007516189;0.11261451961926358;1.0968710410850089;10.000767350519745;0.8335515631626889;1.0969460716452601;1.0969507113768202;0.7599683985545652;-0.12551895216644915;0.7701361252401616
45.066929;1.0936331950748754;0.8333358965116637;0.7618435696210965;0.12318226802887791;0.11261433141612345;1.0968670473450923;10.000727190233004;0.833548453239025;1.096951166186572;1.0969507498924809;0.759966511126483;-0.1255199514814493;0.7701352429710671
45.076929;1.093629502361039;0.8333340919219642;0.761843115989206;0.12318344660680484;0.11261521015404125;1.096863150783747;10.000687344351357;0.8335453958404946;1.0969563722656979;1.096950751484475;0.7599656501014967;-0.12552095078973485;0.7701354344319689
45.086929;1.0936258821603926;0.8333323244344175;0.7618425766684749;0.12318463020989612;0.11261609128912758;1.0968603504300865;10.000647890495726;0.8335423977118055;1.0969616760781118;1.0969507138145194;0.7599648113666422;-0.12552095009138914;0.7701355531006892
45.096929;1.0936232951701235;0.8333317101720602;0.7618423000888745;0.12318454560270069;0.11261571318419092;1.096856644645571;10.000608922347949;0.8335394642824893;1.096967062976329;1.09695063593803;0.7599639912332765;-0.12552194938649647;0.770135929267342
45.106929;1.0936198270136244;0.8333300458775459;0.7618416057739992;0.12318573891635831;0.11261660209191028;1.0968530323466887;10.000570514796145;0.8335366012532318;1.0969725187133206;1.0969505196625733;0.75996318680589;-0.12552194867486438;0.7701362426154376
45.116929;1.0936164446061902;0.8333284467634844;0.7618408441545571;0.12318693657348936;0.11261749569496808;1.096850514361317;10.000532696864747;0.8335338163343684;1.0969780292345321;1.0969503695862997;0.7599613955076183;-0.12552294795596353;0.770135839161492
45.126929;1.0936141184048318;0.8333280279316472;0.7618403655845363;0.12318686493423145;0.11261713132466795;1.0968470954947656;10.000495453530032;0.8335311192731718;1.096983579279492;1.0969501919715954;0.7599606142094003;-0.12552394722897656;0.770136536669237
45.136929;1.0936109449299176;0.8333265854466163;0.7618394893334536;0.12318807005354859;0.11261803429464454;1.09684378497666;10.000458740292316;0.8335285202330246;1.0969891528411124;1.0969499932531197;0.7599598394708178;-0.12552394649267865;0.7701371939465078
45.146929;1.093607900347883;0.8333252342351185;0.7618385633504507;0.1231892786943299;0.11261894171188667;1.0968405938097734;10.00042249033212;0.8335260287100231;1.0969947359064876;1.0969497783900046;0.7599590678826674;-0.1255249457454305;0.7701381459568145
45.156929;1.093605000351007;0.8333243264676817;0.7618379054109335;0.12318932506881826;0.11261878774752797;1.096838532658719;10.00038662054295;0.8335236542551389;1.097000318519028;1.096949549500223;0.7599582956028158;-0.12552494498538944;0.7701390753400991
45.166929;1.0936032160476112;0.8333239446799326;0.7618369195836688;0.1231904329604883;0.11261950680331917;1.096835612049245;10.000351041715682;0.8335214074030032;1.0970058934664353;1.0969493060466973;0.7599565183496503;-0.12552594421072621;0.7701393290714167
45.176929;1.0936006370966251;0.833323255811718;0.7618361801995633;0.12319048526825772;0.11261936102612133;1.0968328419126654;10.000315664914329;0.8335192988913723;1.0970114529508193;1.0969490466362286;0.7599557321325959;-0.1255269434198526;0.7701407231987448
45.186929;1.0935982284623589;0.8333223369823415;0.7618350923146925;0.12319170539781482;0.1126202845094927;1.0968312291395361;10.000280399499218;0.8335173379615526;1.0970169870253914;1.0969487697068494;0.7599549336033081;-0.125526942611812;0.7701421106364889
45.196929;1.0935969551778382;0.8333222947596155;0.7618340028263026;0.12319281938024285;0.11262101431710149;1.0968287753802832;10.000245150340449;0.8335155312603828;1.0970224843292489;1.0969484722828053;0.7599541198947393;-0.12552794178682347;0.7701438161122695
45.206929;1.093594905305837;0.833321947010842;0.7618331704755883;0.12319287540912024;0.11262087885475239;1.0968264768436982;10.00020982171901;0.8335138825252288;1.0970279328100643;1.096948149697593;0.7599532894816002;-0.12552794094654585;0.7701455090483965
45.216929;1.0935930432729961;0.8333213677203654;0.7618319989066196;0.12319409652914196;0.11262181295712431;1.0968243261779498;10.000174322408789;0.8335123927185548;1.097033319749283;1.0969477972003843;0.7599514439257041;-0.125528940093789;0.7701465218602973
45.226929;1.0935913726157516;0.8333208991650073;0.7618308059334316;0.1231953158916928;0.11262275088629241;1.0968233154589344;10.000138570732943;0.8335110606328838;1.0970386327596064;1.0969474113679671;0.7599505873865321;-0.12552993923207653;0.770148657720993
45.236929;1.093590574047593;0.833321538902505;0.7618300382086513;0.12319449649456077;0.11262176152464341;1.096821438142258;10.000102507975814;0.8335098837896824;1.0970438619071297;1.096946990261556;0.7599497238739288;-0.125529938365161;0.7701507619454978
45.246929;1.0935893023835872;0.8333212877833357;0.7618288172238287;0.12319570877866999;0.11262270625478384;1.0968196891074438;10.000066115143706;0.8335088586438402;1.0970490003999926;1.0969465332999666;0.7599488558948131;-0.1255309374963234;0.7701531573795569
45.256929;1.0935882439418791;0.8333211429656107;0.7618275907496866;0.1231969161353769;0.11262365437722964;1.0968190644199047;10.000029417019189;0.8335079797746354;1.0970540435013634;1.096946041548466;0.7599479853131367;-0.125530936627965;0.7701555150091386
45.266929;1.0935883670728166;0.833322208539735;0.7618267063489716;0.12319684488816733;0.1126233435790878;1.096817561282247;9.999992473737354;0.8335072392883809;1.0970589871942287;1.096945517617551;0.759946114293122;-0.12553193576173458;0.7701571699764167
45.276929;1.093587759448469;0.8333222688976396;0.7618254801797406;0.12319804107566205;0.11262429976423573;1.09681617706352;9.999955375311593;0.833506627546702;1.0970638269532467;1.0969449651042928;0.759945244832856;-0.12553293489857728;0.7701599274714768
45.286929;1.093587383671451;0.833322769575666;0.7618245719327298;0.1231980656684743;0.11262419469119808;1.0968149084380443;9.99991823877895;0.8335061349604932;1.0970685571406418;1.0969443881749363;0.7599443775290435;-0.12553293403860658;0.77016263329306
45.296929;1.0935872417680481;0.8333230169278835;0.7618233549217961;0.12319925033219366;0.11262515994483567;1.0968147517248599;9.999881200379528;0.8335057536793058;1.0970731712543633;1.0969437903865915;0.7599435111565503;-0.1255339331813496;0.770165609693203
45.306929;1.0935882931275436;0.833324110264779;0.7618221741557535;0.12320032240050442;0.11262593291323232;1.0968137033840188;9.999844410840034;0.833505477944567;1.097077662719016;1.0969431727883592;0.7599426431678593;-0.12553393232634227;0.7701685266959165
45.316929;1.0935886175767324;0.8333248612511418;0.7618212872869028;0.12320033165003416;0.11262584211652715;1.0968127604305917;9.999808031665214;0.8335053028138996;1.0970820254063363;1.0969425335170364;0.7599417702775504;-0.12553493147362427;0.7701717049703313
45.326929;1.093589171351228;0.8333253393764043;0.76182009732775;0.12320150279460886;0.11262682258293275;1.0968119209680551;9.999772218075002;0.8335052227476728;1.0970862528946912;1.0969418696292461;0.7599398886951632;-0.12553593062403356;0.7701739880404742
45.336929;1.0935909099921082;0.8333266463555978;0.7618189509407729;0.12320256330977296;0.11262761216865529;1.0968121840800824;9.99973709489053;0.8335052316229249;1.0970903379738672;1.0969411794081814;0.7599389939350347;-0.12553592977922473;0.7701771787080675
45.346929;1.0935919101263285;0.8333275958466803;0.7618181068107653;0.12320256308485338;0.11262753969439479;1.096811548811315;9.999702746664028;0.833505323751747;1.097094273700536;1.0969404628808006;0.7599380805278121;-0.12553692894129875;0.7701806088561072
45.356929;1.09359312414646;0.8333282568305308;0.7618169660830073;0.12320372706352814;0.11262854034837698;1.096811012770042;9.9996692343099;0.8335054943657497;1.0970980545993936;1.096939720136157;0.7599371423411186;-0.12553692811238445;0.7701839438198569
45.366929;1.0935945446130808;0.8333293085989566;0.7618161561298936;0.12320372448484543;0.11262848332313546;1.0968115707218218;9.999636624268406;0.8335057390127969;1.0971016779395475;1.0969389499124815;0.7599361737837859;-0.12553792729452543;0.7701874989564722
45.376929;1.0935971234542758;0.8333308157181517;0.7618150763368309;0.12320478005009736;0.11262930370197975;1.0968112140934498;9.999605000779447;0.8335060529138058;1.0971051450570548;1.0969381503881872;0.7599341709766714;-0.12553792648974646;0.7701899501372715
45.386929;1.0935989348225463;0.8333315831598352;0.7618139810821127;0.12320594349637191;0.11263032990337622;1.0968109329732134;9.999574458400726;0.8335064310817177;1.097108459934788;1.0969373211650715;0.759933131694017;-0.12553892569997832;0.7701935855983406
45.396929;1.0936009303030985;0.833332701742321;0.7618132109021596;0.1232059422241895;0.11263029914756743;1.0968107196439316;9.999545091302972;0.8335068688308036;1.0971116252469832;1.0969364647434763;0.7599320543791471;-0.12553992492693403;0.7701972452964458
45.406929;1.0936031026696336;0.8333334684788589;0.7618121339023487;0.12320710808111741;0.11263134294601669;1.096811570091772;9.999516985058781;0.8335073619852695;1.0971146402852623;1.0969355869544655;0.7599309375760579;-0.12553992417218077;0.7702007566717153
45.416929;1.0936064041897122;0.833335319134511;0.7618114057606805;0.12320700236750315;0.1126311329916075;1.0968114826328248;9.999490215777367;0.833507906363055;1.0971175022364739;1.0969346964809392;0.759929779763969;-0.12554092343718026;0.7702044380001756
45.426929;1.093608910812833;0.8333360282643448;0.7618103407686685;0.12320817170523765;0.11263219491266295;1.0968114564995561;9.999464856598358;0.8335084971297894;1.0971202082937794;1.0969338030155218;0.7599275791820266;-0.1255409227232846;0.7702069711859238
45.436929;1.0936115779610383;0.8333366907984414;0.7618092853572614;0.12320934344869634;0.11263326602604096;1.0968114922854981;9.999440980617274;0.8335091285266507;1.097122756554825;1.0969329149091176;0.7599263340364241;-0.12554192203192674;0.7702106515450596
45.446929;1.09361536074085;0.8333384037666367;0.7618085865030614;0.12320924523672092;0.11263308362584566;1.0968125930854153;9.999418655437363;0.8335097937168408;1.0971251459916924;1.0969320393452433;0.7599250425875225;-0.1255419213647552;0.7702141628737316
45.456929;1.0936183329137692;0.8333389485162912;0.7618075610735041;0.12321042439317957;0.11263417333822417;1.0968127643283345;9.999397932275278;0.8335104855541234;1.0971273770592072;1.0969311847546492;0.7599237027172572;-0.12554292072350234;0.7702178278960092
45.466929;1.0936214413265488;0.8333397719212486;0.7618068698623124;0.12321044296571951;0.11263420700475812;1.0968130127297233;9.999378836839966;0.8335111986393067;1.0971294527661215;1.0969303615771675;0.7599223114452476;-0.1255439201098333;0.7702214808819711
45.476929;1.0936246709381348;0.8333401841663074;0.7618058868543949;0.1232116331859879;0.11263531643621649;1.096813345730632;9.999361372442243;0.8335119308343092;1.0971313782009868;1.0969295805839583;0.7599208642871363;-0.12554391952543043;0.7702249564098247
45.486929;1.0936289637419399;0.8333412885862327;0.7618049574884662;0.12321272232722225;0.11263623910543503;1.096814769824575;9.99934553478707;0.8335126828692178;1.0971331588470765;1.0969288514258828;0.7599183551831288;-0.12554491897222167;0.7702275916530179
45.496929;1.0936323812331705;0.8333418995606345;0.7618043399135238;0.12321275966898884;0.112636303359318;1.096815287240537;9.9993313200728;0.8335134566512712;1.09713480001562;1.0969281824760466;0.7599167782247593;-0.12554491845229201;0.7702310318224685
45.506929;1.093635859284301;0.8333420866123421;0.7618034360882079;0.12321396941722713;0.11263744375247141;1.0968158949875664;9.999318717498406;0.8335142536845936;1.097136307380351;1.0969275805524232;0.7599151294105448;-0.12554591796735043;0.7702346138754187
45.516929;1.0936393728520373;0.833342530102533;0.7618028736693171;0.12321402021426925;0.1126375285681526;1.0968175872060844;9.999307702906064;0.8335150748308499;1.0971376871855785;1.096927050110661;0.7599134061965004;-0.12554591751835717;0.7702380088351377
45.526929;1.0936438572286766;0.8333432984551254;0.7618020508440719;0.12321513634715864;0.1126384919406154;1.0968183566743437;9.999298242175488;0.8335159213119151;1.0971389460518741;1.0969265933353298;0.7599116059002056;-0.1255469171056482;0.7702415402727959
45.536929;1.0936473734039835;0.8333432055588514;0.7618012209777806;0.12321636712010782;0.11263966170717919;1.0968191947265733;9.999290296333525;0.8335167954100706;1.0971400902468071;1.096926211259929;0.7599087249277434;-0.1255469167291279;0.7702438939645533
45.546929;1.0936508625688928;0.8333433555823011;0.7618007256303669;0.12321643971529263;0.11263977491694385;1.0968200920779765;9.999283824854524;0.833517699988722;1.0971411242972442;1.0969259048586952;0.7599067596758802;-0.12554791638831436;0.7702473687126236
45.556929;1.0936543084130304;0.8333430611747225;0.7617999351384815;0.12321768594532646;0.11264096296364216;1.0968220402881912;9.999278781098244;0.833518637750305;1.0971420502105862;1.0969256760063082;0.7599047084464661;-0.12554891608255125;0.7702508159179857
45.566929;1.0936586558219994;0.8333437749739991;0.761799505455317;0.12321766685265192;0.11264089736275779;1.096823032354808;9.999275101276055;0.8335196110671276;1.0971428681781372;1.096925527608737;0.7599025726697775;-0.12554891581136754;0.7702540749042305
45.576929;1.0936619751148502;0.8333432888899679;0.7617987471046519;0.1232189283087094;0.11264210362167924;1.096824062659781;9.999272702662573;0.8335206220285104;1.0971435779974106;1.096925462181438;0.7599003568346733;-0.1255499155744211;0.770257474241101
45.586929;1.0936652174159882;0.8333427140561385;0.761798000011483;0.12322019647442155;0.11264331885849171;1.0968251262291175;9.999271488924807;0.8335216726359578;1.0971441794474326;1.09692548087548;0.7598980676592187;-0.1255499153709773;0.7702606891850127
45.596929;1.0936683767769595;0.8333423976026949;0.7617975748809681;0.1232203048127511;0.1126434767274493;1.096827216422623;9.999271351133794;0.8335227650533924;1.0971446713535131;1.0969255845384722;0.759894712874928;-0.12555091519958542;0.770263058917399
45.606929;1.0936724073707476;0.8333424162599435;0.761796868509064;0.12322147661289823;0.11264451078948651;1.0968283227471767;9.999272171620612;0.8335239014171816;1.0971450513143541;1.0969257751541346;0.759892300105851;-0.1255509150581665;0.7702662294128783
45.616929;1.0936753871713834;0.8333419323634232;0.7617964467046479;0.12322159434191117;0.11264468238386681;1.0968294311373383;9.999273832740895;0.8335250836424428;1.0971453167695875;1.0969260567048287;0.759889836402284;-0.12555191494421053;0.7702695378684056
45.626929;1.0936782733040085;0.8333410206236909;0.7617957056051075;0.12322288118894656;0.11264592501192688;1.0968305254158763;9.999276217812385;0.8335263135757476;1.0971454666461897;1.0969264360505713;0.7598873283385744;-0.12555191485499906;0.7702726554726586
45.636929;1.093681741055366;0.8333410231666397;0.76179539769732;0.12322213466208422;0.11264524135706148;1.096832588474756;9.999279203193502;0.8335275929569836;1.0971455032184412;1.0969269227821565;0.7598847822620617;-0.12555291478794006;0.7702759060049099
45.646929;1.0936844375707804;0.8333399417412021;0.76179463589326;0.12322342556644833;0.11264649260151458;1.0968336036639528;9.9992826500664;0.833528923095228;1.09714543304784;1.0969275270676506;0.7598822045183725;-0.1255529147409486;0.7702789616340269
45.656929;1.0936870405473265;0.83333877554029;0.7617938602793933;0.12322471777628186;0.11264774786043005;1.0968345559065087;9.9992864026846;0.8335303047069776;1.097145265836797;1.096928256580093;0.7598786014793744;-0.12555391471260477;0.7702811604193746
45.666929;1.0936895525694923;0.8333378705620181;0.7617933839734621;0.1232248453771195;0.11264794146292895;1.0968354319104232;9.999290300170848;0.8335317379728648;1.0971450121463218;1.096929114093938;0.7598759790805282;-0.12555491470193783;0.7702843127573356
45.676929;1.0936929366658161;0.8333373072354037;0.7617926086470693;0.12322603218413768;0.11264900807771257;1.096837219687454;9.99929419805782;0.8335332228178395;1.0971446813840315;1.0969300968386988;0.7598733423258182;-0.12555491470818672;0.7702872721063043
45.686929;1.0936952796743045;0.8333362552869845;0.7617921087226381;0.12322616088599925;0.11264921042546215;1.0968379074296408;9.999297986453117;0.8335347593450334;1.0971442808921925;1.0969311970613045;0.7598706953863807;-0.12555591473088962;0.7702903707724952
45.696929;1.09369754604331;0.833334798140804;0.7617912925777875;0.12322745473483404;0.11265048357276371;1.096838482181185;9.999301594875334;0.8335363476950769;1.0971438171239314;1.096932402557037;0.7598680417285507;-0.12555591477014733;0.7702932910699233
45.706929;1.0936997393056895;0.833333630715723;0.7617907989122042;0.12322758128618824;0.11265069666024828;1.0968389291659857;9.999304977779758;0.8335379872166622;1.097143297746132;1.0969336978161797;0.7598643840822965;-0.12555691482670225;0.770295381294625
45.716929;1.0937028198295866;0.8333328333962612;0.7617900398754065;0.12322876402450918;0.1126517847283712;1.0968402329678117;9.99930809557604;0.8335396759169872;1.0971427321998812;1.0969350657704942;0.7598617247174498;-0.1255569149016006;0.770298296074648
45.726929;1.0937048683844017;0.8333312267520547;0.7617892837410658;0.12323005181685585;0.11265307629711278;1.0968403807563287;9.999310914089694;0.8335414105971171;1.097142131176902;1.0969364884500552;0.7598590656349593;-0.1255579149955469;0.7703013800085061
45.736929;1.0937068415301978;0.8333299172436703;0.7617888863956356;0.12323017156832478;0.11265330892311576;1.0968403644192013;9.99931341371778;0.8335431869062351;1.0971415062579466;1.0969379464629467;0.7598564085765458;-0.12555791510853714;0.7703043105505082
45.746929;1.0937087361143518;0.8333282174259646;0.7617882302779325;0.12323145473118086;0.11265461451307622;1.0968401790336277;9.999315587611697;0.8335449990152289;1.0971408693454823;1.0969394188790624;0.7598537554298571;-0.12555891524016544;0.7703074163077588
45.756929;1.093711509823559;0.8333275786069548;0.7617879808105362;0.1232314620318953;0.11265466514906987;1.0968408206170186;9.999317435319336;0.8335468399010286;1.0971402323167219;1.0969408847485238;0.7598511089951185;-0.12555891539027764;0.7703103731446513
45.766929;1.0937132460505625;0.8333257918090344;0.7617874563572187;0.12323273926156174;0.11265598688598653;1.0968402862994557;9.999318965637068;0.833548702631988;1.0971396067525734;1.0969423251423143;0.7598474735258748;-0.1255599155594263;0.770312522645178
45.776929;1.093714909003874;0.8333243130506908;0.7617873178844852;0.12323284705557078;0.11265625169350169;1.0968395749795594;9.999320197239962;0.8335505817017187;1.09713900277625;1.0969437236056403;0.759844854508371;-0.125559915748907;0.7703155150539952
45.786929;1.0937165055998115;0.8333224617722961;0.7617869395670513;0.12323411652259082;0.11265759121749125;1.0968386868959203;9.999321147683753;0.8335524735441743;1.0971384279324097;1.096945065399488;0.7598422574791713;-0.1255609159604622;0.7703186935434115
45.796929;1.093719001595291;0.8333213512176777;0.7617866669370037;0.12323527404220817;0.11265874261615932;1.0968386242609027;9.999321826573928;0.8335543762065588;1.0971378867876036;1.0969463366388117;0.7598396865411722;-0.12556091619581689;0.7703217355066199
45.806929;1.0937204832276606;0.8333198070856398;0.7617867573913546;0.12323536819142351;0.11265903392696071;1.0968373933060125;9.999322236870649;0.8335562888046263;1.0971373811737986;1.0969475230741266;0.7598371441693804;-0.12556191645627826;0.770324970234211
45.816929;1.0937219122184831;0.8333179119196638;0.7617866121071653;0.12323662277773592;0.11266039962665686;1.0968360046058514;9.999322371254578;0.8335582109214971;1.0971369114751086;1.0969486091494305;0.7598346327662028;-0.1255619167426205;0.7703280753935855
45.826929;1.0937232899794906;0.8333175254112002;0.7617879247852698;0.12323704984465986;0.1126610224472916;1.0968344710423132;9.99932220807126;0.8335601415913172;1.0971364779991162;1.0969495784543901;0.7598311561839247;-0.12556291705512992;0.7703303945928242
45.836929;1.0937255769318404;0.8333163962082618;0.7617879629331741;0.1232381862669426;0.1126622085184582;1.0968338060483682;9.999321710398291;0.8335620786039918;1.0971360809060657;1.096950414947957;0.7598287197190824;-0.125562917393679;0.770333578709456
45.846929;1.0937268570924634;0.8333148558409026;0.7617883604876874;0.1232382596292345;0.11266253465228299;1.0968320228571624;9.999320821349912;0.8335640190692514;1.0971357192995472;1.0969511038651287;0.7598263294531322;-0.12556391775788447;0.7703369696707638
45.856929;1.0937280943833285;0.8333129822961425;0.7617885166360493;0.12323949505779322;0.11266393553620105;1.0968301343243547;9.9993194676817;0.8335659603379297;1.0971353906458883;1.0969516325561357;0.7598239922156339;-0.12556491814717807;0.7703404050612697
45.866929;1.0937292950963433;0.8333114663295281;0.7617890578735375;0.12323956215843186;0.11266427954222345;1.0968281537697975;9.999317577227886;0.833567899879444;1.0971350901958452;1.0969519914685883;0.7598217151600576;-0.1255649185606515;0.7703437204465402
45.876929;1.0937314236804871;0.8333103881065784;0.7617893810118392;0.12324068612158484;0.11266550072404405;1.0968260960182328;9.999315091847302;0.8335698345558663;1.0971348112019639;1.0969521742761135;0.7598195041518675;-0.1255659189968655;0.7703472384888268
45.886929;1.0937325652052992;0.833308571613176;0.7617897366744176;0.12324191689664916;0.11266692650818123;1.0968249777628583;9.999311966853503;0.8335717604047378;1.0971345464534357;1.0969521776492506;0.7598163628488942;-0.12556591945380655;0.7703496413102843
45.896929;1.0937336824406552;0.833307127062819;0.7617904629738576;0.12324198219164376;0.11266729308936255;1.0968228177702197;9.999308158974207;0.8335736728887906;1.0971342889329556;1.09695200195338;0.7598142934486545;-0.12556691992907995;0.7703532220135382
45.906929;1.0937347806606792;0.833305369166517;0.7617909269150117;0.12324321427306352;0.11266873059849286;1.096820636258261;9.999303611632715;0.8335755675021705;1.0971340317310274;1.0969516516448858;0.7598122976435754;-0.1255669204203307;0.7703566612786021
45.916929;1.0937358656222518;0.8333039870373949;0.7617917526070197;0.12324328230380123;0.11266910605604923;1.0968184525903613;9.999298254359331;0.8335774411645545;1.0971337684526306;1.0969511340877232;0.7598103768035508;-0.12556792092554903;0.7703602787065315
45.926929;1.0937379011412083;0.8333030571465235;0.7617923362525101;0.12324441126599153;0.11267035270595069;1.0968172828724443;9.999292014121158;0.8335792937441832;1.0971334926181397;1.0969504578646638;0.7598085318601484;-0.125567921443038;0.7703637418394705
45.936929;1.0937389717496655;0.8333017414410561;0.7617932433094426;0.12324448535365243;0.1126707320303366;1.0968151393191212;9.99928482345056;0.8335811276111903;1.0971331966495976;1.0969496320012104;0.7598067636776277;-0.12556892197133626;0.7703673702454251
45.946929;1.0937400364670702;0.8333001133635304;0.7617938691530705;0.12324572946374085;0.11267217777554549;1.09681303090722;9.999276625501318;0.8335829451270267;1.097132872482498;1.0969486660833243;0.7598040736214415;-0.12556892250921894;0.770369845132373
45.956929;1.0937410908640133;0.8332988585207615;0.7617948362824434;0.12324581238698909;0.11267255753122365;1.0968109637172454;9.999267377169167;0.8335847468230659;1.0971325127443892;1.0969475702203568;0.7598024636198635;-0.12556992305544493;0.7703734607120555
45.966929;1.0937430861788124;0.8332980511408226;0.7617955388551191;0.12324695824492364;0.11267380479138688;1.0968099414174683;9.999257043457693;0.8335865313806248;1.097132111207806;1.096946353969549;0.7598009361598297;-0.12556992360850433;0.7703768990047606
45.976929;1.0937440940019219;0.8332968532130549;0.7617965395785912;0.12324705016944859;0.11267418100059363;1.0968079668203097;9.99924559022222;0.833588295916279;1.0971316630050785;1.096945024849153;0.7597994943018548;-0.12557092416684226;0.7703804793818977
45.986929;1.0937450618461573;0.8332953399989643;0.7617972301805704;0.12324831229062669;0.11267561987643966;1.0968060431795554;9.999232992514989;0.8335900359370313;1.097131164986209;1.0969435881942868;0.7597981409233768;-0.12557092472926154;0.7703838679898902
45.996929;1.093745976785936;0.8332941991896207;0.7617982288208882;0.12324841310427509;0.1126759892085754;1.0968041747337205;9.999219251244298;0.8335917458845236;1.0971306162573156;1.096942048470806;0.7597968778056242;-0.1255719252949651;0.7703873835265161
46.006929;1.0937477840434238;0.8332935070781959;0.7617989253838655;0.12324957679907896;0.11267722281522562;1.0968033671947282;9.999204387771885;0.8335934201618894;1.0971300186301614;1.0969404103792997;0.7597947058478908;-0.12557192586324115;0.7703897068586629
46.016929;1.0937485497849162;0.8332920840717513;0.7617995657025154;0.12325085244480304;0.11267864807620309;1.0968016275233898;9.999188416154126;0.8335950536455754;1.0971293763743093;1.0969386796939418;0.7597936257504274;-0.12557292643336565;0.7703931315035003
46.026929;1.0937492159081903;0.833291037990018;0.7618004846885108;0.12325096697274654;0.11267900138970036;1.096799962420116;9.99917133345589;0.8335966416131534;1.0971286952567476;1.0969368650303475;0.7597926378620371;-0.12557292700495754;0.7703963389059458
46.036929;1.093749764139133;0.8332896812461646;0.7618010482290016;0.12325225186238543;0.11268041333046314;1.096798376536899;9.999153141076205;0.8335981795627513;1.0971279813167243;1.0969349790527203;0.7597917414031626;-0.1255739275781694;0.7703996492084797
46.046929;1.0937511348804367;0.8332894612005466;0.7618019117420659;0.1232522679422283;0.1126805544295515;1.0967968718281358;9.99913386772035;0.8335996634751232;1.0971272401736007;1.0969330369457686;0.7597909341147165;-0.12557392815345;0.7704027304362969
46.056929;1.0937513900517615;0.8332881592318577;0.7618023887336589;0.1232535611476303;0.11268194923942289;1.096796448032274;9.999113576922149;0.8336010904872669;1.0971264773190328;1.0969310532457748;0.7597902132560311;-0.12557492873130574;0.7704059028959923
46.066929;1.0937511862249976;0.8332871095022194;0.7618032358454725;0.12325292972895496;0.1126816007406999;1.0967951032674845;9.999092358689936;0.8336024595026809;1.097125698282189;1.0969290393670095;0.7597885773856284;-0.1255749293123049;0.770407847816373
46.076929;1.093751071775191;0.8332858311050296;0.7618036258352404;0.1232542304371974;0.11268297659145132;1.0967938346375583;9.99907030963956;0.833603771550033;1.097124908349679;1.0969270028725486;0.7597880270828902;-0.12557592989712266;0.7704108583703659
46.086929;1.0937517106379546;0.8332856612656167;0.7618043121667117;0.12325426177997596;0.11268308061911236;1.096792639236504;9.999047516504069;0.8336050294748615;1.0971241124695332;1.096924948424277;0.7597875642389539;-0.12557593048643695;0.7704136164065566
46.096929;1.0937511770034696;0.8332843849222755;0.7618046036014219;0.12325557001538394;0.11268443870932453;1.0967925150518116;9.999024053107362;0.8336062367872406;1.0971233145456998;1.0969228792970762;0.7597871908706423;-0.12557693108065068;0.770416443901417
46.106929;1.093750425730835;0.8332834513287958;0.7618051524588123;0.12325571614093501;0.1126847227623999;1.0967914607317042;9.998999988323467;0.8336073963835008;1.0971225161186244;1.0969207982453701;0.7597869079900791;-0.12557693167946096;0.770419011202273
46.116929;1.0937494535204817;0.8332821724395185;0.7618053254769064;0.12325703151087389;0.11268606455520846;1.0967904743663452;9.998975400230043;0.8336085101900716;1.0971217156561777;1.0969187076622233;0.7597867150570539;-0.12557793228165612;0.7704216405753452
46.126929;1.093748257962409;0.8332812347245097;0.7618057474066189;0.12325718430209702;0.11268633285676642;1.096789553488815;9.998950391862595;0.8336095795632218;1.0971209092542908;1.0969166088783742;0.7597856102729483;-0.12557793288539587;0.7704230150037522
46.136929;1.0937477978995196;0.8332807122582547;0.7618058171568226;0.12325839823881893;0.11268746268925915;1.0967896970836888;9.998925096445415;0.833610605114836;1.0971200929062952;1.0969145012134334;0.7597855906881508;-0.125578933488654;0.7704254290034975
46.146929;1.0937461565487037;0.8332797667527295;0.7618061056090342;0.1232585557901637;0.11268771717963129;1.096788906980087;9.998899662168293;0.8336115864724499;1.0971192647503922;1.0969123828474439;0.7597856517221565;-0.12557893408945536;0.7704275638372308
46.156929;1.0937442948959208;0.8332784746025078;0.7618060155569306;0.123259880145186;0.11268903164033689;1.0967881875554732;9.998874233195476;0.8336125237061025;1.0971184259891713;1.0969102533335802;0.7597857875216375;-0.12557893468562403;0.7704295752803783
46.166929;1.0937422138414024;0.8332775258170901;0.7618061772406293;0.1232600387140195;0.11268927537622267;1.096787545244859;9.998848947393972;0.833613419018847;1.0971175810323304;1.0969081154624847;0.7597859926533262;-0.1255799352742708;0.7704316184944262
46.176929;1.093740873613939;0.8332769983065482;0.7618059922306614;0.12326125463231598;0.11269038379096213;1.0967869871808857;9.998823939778006;0.8336142759589957;1.0971167370522306;1.0969059751929262;0.7597862637564898;-0.12557993585181934;0.7704333597660945
46.186929;1.0937383599247195;0.8332760569700466;0.7618060312681192;0.12326141011399559;0.11269062013106759;1.0967875187251084;9.998799342952127;0.8336150977074627;1.097115902834257;1.096903840126589;0.7597865997925766;-0.12558093641463522;0.7704351187211086
46.196929;1.0937356408905594;0.8332747807639098;0.7618056957760898;0.12326272835996128;0.11269191959620277;1.0967871431026108;9.99877529460751;0.8336158872033645;1.0971150874234057;1.0969017182183387;0.7597860009718952;-0.12558093695960879;0.7704355773159168
46.206929;1.0937327300389854;0.833273862616902;0.7618056146777985;0.12326287684522091;0.11269215118361785;1.0967868634333748;9.998751939874177;0.8336166479441858;1.0971142995922867;1.0968996176566412;0.7597864679576255;-0.1255819374843468;0.7704370310101742
46.216929;1.0937296445777815;0.8332726221007665;0.7618051595992292;0.1232641862518457;0.11269344686378624;1.0967866836056412;9.998729414902934;0.8336173839305896;1.0971135483268322;1.096897547359067;0.7597870018517477;-0.1255819379869579;0.7704381657024265
46.226929;1.093727363146627;0.8332725172062809;0.7618049892566244;0.1232642170238801;0.11269347862877269;1.0967876067232212;9.998707834875463;0.8336180991691371;1.097112842746771;1.0968955170330148;0.7597876037792842;-0.12558293846588323;0.7704393093425664
46.236929;1.0937239869344293;0.8332713430294817;0.7618044204904335;0.12326551496580887;0.11269477239626065;1.0967876341910954;9.998687301707783;0.8336187972689804;1.097112190919216;1.0968935361626915;0.7597882743953239;-0.1255829389202174;0.7704401401994659
46.246929;1.0937204936568021;0.833270555516321;0.7618041160728346;0.12326564090820662;0.11269500026311545;1.0967877685577556;9.998667912565667;0.8336194813773707;1.0971115985995072;1.0968916129242412;0.7597890141145736;-0.12558393935008996;0.7704409907311639
46.256929;1.0937169014336374;0.8332694708830866;0.7618034522295477;0.12326692652159774;0.11269629438669668;1.0967880166059654;9.998649758122776;0.8336201539927716;1.0971110687511676;1.0968897546634242;0.759788823090632;-0.12558393975644772;0.7704405561939561
46.266929;1.0937141876139664;0.8332695415457485;0.7618030894402729;0.123266933569668;0.11269632678285722;1.0967883875063706;9.998632921006408;0.8336208163451961;1.0971106024418442;1.0968879694181632;0.7597897009328324;-0.12558494014058916;0.7704411452135346
46.276929;1.0937104515667055;0.8332685570179669;0.7618023426976626;0.12326820953067029;0.1126976231256886;1.0967898886444332;9.99861748139194;0.8336214677875424;1.097110200331459;1.0968862666617705;0.7597906474627797;-0.12558494050419333;0.7704414550979114
46.286929;1.093706668787688;0.8332679696236968;0.7618018711695006;0.12326831700946626;0.11269785509342341;1.0967905243594898;9.998603524621164;0.8336221055851029;1.0971098635422898;1.096884657458685;0.7597916639155352;-0.12558594084961483;0.7704418224810374
46.296929;1.093702853305315;0.8332670938765643;0.7618010482888282;0.12326958907103319;0.11269915433061599;1.0967912966987359;9.998591139854963;0.8336227258946413;1.0971095938530595;1.0968831551018445;0.7597927529436588;-0.12558594117976798;0.7704419316101722
46.306929;1.0936990168076186;0.8332666184701889;0.7618005050535965;0.12326969546168799;0.11269938933543906;1.096792204410746;9.998580405736371;0.8336233255429909;1.0971093930799498;1.0968817743642472;0.7597939173622323;-0.12558694149769295;0.7704421188593223
46.316929;1.0936961289459581;0.8332666197368785;0.7617996464936378;0.12327086144992305;0.11270049457830172;1.0967942410536293;9.99857137778301;0.8336239020473252;1.097109261956389;1.0968805280430853;0.7597951586501539;-0.12558694180645838;0.7704420684810499
46.326929;1.0936922820380417;0.8332662617102119;0.7617990492725639;0.1232709712125593;0.11270073248801966;1.0967953959765275;9.99856408948435;0.8336244518129721;1.097109199843651;1.096879424548044;0.7597954760995401;-0.12558794210936275;0.7704411296356397
46.336929;1.0936884463740286;0.8332656219998552;0.7617981211889233;0.12327224988802929;0.11270203771771137;1.09679665771235;9.9985585571606;0.8336249693896973;1.097109205483226;1.0968784693020037;0.7597968668991634;-0.12558794240975715;0.7704409571903477
46.346929;1.0936846326253675;0.8332653899758853;0.7617974968804753;0.1232723668617025;0.11270227897710992;1.0967980165264182;9.998554784471835;0.8336254484494151;1.0971092777580693;1.0968776675185283;0.7597983264360477;-0.12558794271056725;0.770440734145583
46.356929;1.093681809565375;0.8332656416425598;0.7617965819605518;0.12327354736862896;0.11270339113925767;1.0967994655947906;9.998552772027532;0.8336258833772408;1.0971094160531392;1.096877025589223;0.75979984842382;-0.12558894301407358;0.7704406297597616
46.366929;1.093678067423567;0.8332655387668522;0.761795950442886;0.12327367581239576;0.11270363700509423;1.096802001033874;9.998552520158455;0.8336262705868973;1.097109620240694;1.0968765508444716;0.7598014259747634;-0.12558894332185655;0.7704403237148597
46.376929;1.0936743734174237;0.8332651548811577;0.7617950061579192;0.12327497772869224;0.11270495153566056;1.0968036199567304;9.998554018889648;0.833626608522918;1.097109890289773;1.096876250998708;0.759803053369487;-0.12558994363477483;0.7704401477156037
46.386929;1.0936707349118895;0.8332651748456223;0.7617943805164212;0.12327512283370885;0.11270520370189104;1.0968053177351837;9.99855724240619;0.833626896656384;1.0971102254717433;1.0968761340848054;0.7598047264959148;-0.12558994395314;0.7704397811699998
46.396929;1.0936671573409802;0.8332649078545012;0.7617934480801208;0.12327644366145851;0.11270652546161347;1.0968070868863262;9.998562153596108;0.8336271345312877;1.0971106232083618;1.0968762081375802;0.7598054422225915;-0.1255909442769822;0.7704385694467343
46.406929;1.0936646024179222;0.8332657992740371;0.7617928690979414;0.12327650192978054;0.11270658864337953;1.096808918238421;9.998568705994288;0.8336273209990399;1.0971110785028462;1.096876480703952;0.7598071978587325;-0.1255909446063421;0.7704381662827149
46.416929;1.093661151576798;0.8332656308103034;0.7617919588047928;0.12327784429042939;0.11270791881101573;1.0968118028973954;9.998576837496419;0.8336274541225195;1.0971115850450976;1.0968769589613654;0.7598089905811511;-0.12559194494166875;0.7704379185510721
46.426929;1.0936577617171657;0.8332658473321511;0.7617913766710069;0.1232780320818658;0.11270818743446655;1.0968137326908434;9.998586466439415;0.8336275322146425;1.0971121373725077;1.0968776494648456;0.7598108175897679;-0.12559194528393156;0.7704375067223944
46.436929;1.0936544297383777;0.8332657581090446;0.7617904975825375;0.12327939693431463;0.11270952577684484;1.096815699355249;9.998597499172572;0.8336275548468322;1.0971127319645437;1.0968785567509045;0.7598126771567385;-0.1255929456341624;0.7704372621159666
46.446929;1.0936521121509626;0.8332668128196924;0.7617899845036651;0.12327949982917112;0.11270960499994086;1.0968176945293626;9.998609837526878;0.8336275224650623;1.0971133664076707;1.0968796816555975;0.7598145689206935;-0.12559294599300186;0.770436862838376
46.456929;1.0936488882943507;0.8332668017582116;0.7617891574097072;0.12328088683235429;0.11271095021673999;1.0968207096439482;9.998623377793315;0.8336274348697391;1.09711403832702;1.0968810202723958;0.7598154927515562;-0.12559294636074256;0.7704354889120961
46.466929;1.0936457146477423;0.8332671795635117;0.7617886810486977;0.12328111882980586;0.1127112328334336;1.0968227350035225;9.998638007602741;0.8336272900017031;1.0971147451576577;1.0968825641383568;0.7598174474053115;-0.1255939467374259;0.7704352789333935
46.476929;1.0936425879893974;0.833267261952884;0.7617879341060705;0.12328252716184637;0.1127125844754235;1.0968247601886698;9.998653601692602;0.8336270846115638;1.097115483111503;1.0968843012252296;0.7598194303174338;-0.1255939471227655;0.7704349205654686
46.486929;1.093639505150717;0.8332677363436569;0.7617875513949655;0.12328278008619716;0.11271287387702085;1.096826775344104;9.998670021648444;0.8336268165195314;1.0971162450707415;1.096886217034749;0.7598214381520442;-0.12559494751643055;0.7704347383652477
46.496929;1.093637422589354;0.8332686749271685;0.7617869383002843;0.12328410170197927;0.11271403590291909;1.0968287710263052;9.99868712265284;0.833626485576057;1.0971170199686686;1.0968882961357536;0.7598234669971891;-0.12559494791854506;0.7704344030682991
46.506929;1.0936344190221459;0.8332692341835434;0.7617866669987519;0.12328437501659331;0.11271433347696652;1.0968317375860228;9.998704752608457;0.8336260923137442;1.0971177943375952;1.0968905237347724;0.7598255121100248;-0.12559594832977203;0.7704342367355976
46.516929;1.093631450016472;0.833269481421441;0.7617861370110155;0.12328582382647489;0.11271570189174096;1.096833665824156;9.998722746961999;0.8336256373836559;1.0971185544600022;1.0968928863183989;0.7598275676792203;-0.12559594875108;0.7704339083595713
46.526929;1.0936285122189524;0.8332700955734967;0.761785973776216;0.12328611580059384;0.11271601044058015;1.096835547735329;9.998740943554276;0.8336251232284946;1.0971192883088579;1.0968953717197631;0.7598286269698408;-0.12559694918339778;0.7704327526038605
46.536929;1.0936256027195503;0.833270381907997;0.7617855461076267;0.12328758145244725;0.11271739129026133;1.0968373760985186;9.998759205799931;0.8336245554792143;1.0971199867542951;1.0968979688633067;0.7598306825009825;-0.12559694962710463;0.7704324117319905
46.546929;1.0936233942933902;0.8332716778844879;0.7617856079803128;0.12328701800423693;0.11271684848255291;1.096839143802751;9.998777422213847;0.8336239425652946;1.0971206426407207;1.0969006664574126;0.7598327259439204;-0.1255969500816688;0.7704320568686759
46.556929;1.0936205301177568;0.8332719821145151;0.7617852713254102;0.1232884954633093;0.11271824408385116;1.0968418443177137;9.998795494837832;0.8336232941819156;1.0971212482809813;1.09690345087005;0.7598347484278952;-0.1255979505459384;0.7704318450849778
46.566929;1.0936176822785542;0.8332726348974048;0.7617852867684627;0.12328881064839892;0.11271858198834167;1.096843473559202;9.998813341943936;0.8336226195521901;1.0971217949386982;1.096906305780577;0.7598367414459839;-0.12559795101864224;0.7704314437893246
46.576929;1.0936148447669762;0.8332732910481087;0.7617853328184769;0.12328912766768263;0.1127189281475176;1.0968450309966664;9.99883090540805;0.8336219262839538;1.09712227502415;1.0969092153935147;0.7598386974057805;-0.12559895149840375;0.7704311725263616
46.586929;1.0936120102800406;0.8332736069513885;0.7617850880028826;0.12329061076855666;0.11272034836459707;1.0968465175852233;9.998848151906124;0.8336212200871345;1.0971226837845867;1.0969121681802345;0.7598406091124118;-0.12559895198369864;0.7704306989941015
46.596929;1.0936101320477079;0.8332750345804669;0.7617852047415979;0.12329081969306821;0.11272051415800334;1.096847932403816;9.998865065010452;0.8336205055295719;1.0971230189394092;1.0969151577924205;0.7598414686816459;-0.1255999524731279;0.7704293579336462
46.606929;1.0936072876139749;0.833275364234945;0.7617849942620292;0.12329229942174191;0.11272195083475754;1.0968502719769049;9.998881622446703;0.8336197872089858;1.0971232793918981;1.0969181820973222;0.7598432672950565;-0.12559995296552615;0.7704287928501303
46.616929;1.0936044324395755;0.8332760482455308;0.7617851143133405;0.12329260970055352;0.11272232953610292;1.0968515318331853;9.998897777915536;0.8336190702886991;1.0971234641993406;1.0969212412615195;0.7598449963901569;-0.12560095345988662;0.7704283404790809
46.626929;1.0936015628770028;0.8332763996594351;0.7617849379303764;0.12329408067414839;0.11272378112792121;1.0968527078119321;9.998913467740143;0.8336183605936481;1.097123572308281;1.096924334908378;0.7598466488627641;-0.1256009539554429;0.7704276719514995
46.636929;1.0935996350606345;0.8332778683252267;0.7617851251678023;0.12329427215252367;0.1127239764750527;1.096853797453752;9.998928627523435;0.8336176642971616;1.0971236031703695;1.0969274605961483;0.7598482189803034;-0.12560095445170838;0.7704269468774234
46.646929;1.0935967290745519;0.8332782431323513;0.7617849921715691;0.12329572941005168;0.11272544056798106;1.096854801437228;9.99894320464373;0.8336169863411126;1.0971235574208067;1.0969306141280244;0.7598497014475483;-0.12560195494847015;0.7704263234754011
46.656929;1.093593805535382;0.8332789777645555;0.7617851989539898;0.12329601280708848;0.11272584470727452;1.096856724044162;9.99895716676532;0.8336163283030069;1.0971234367585228;1.0969337898195854;0.7598510907835202;-0.12560195544581756;0.7704254706347105
46.666929;1.093590869088603;0.8332793883900045;0.7617851184018678;0.12329745329412087;0.11272732025636165;1.0968575730556955;9.998970501021022;0.8336156882694061;1.0971232437219358;1.0969369815865002;0.7598513817666788;-0.12560295594386583;0.7704237251926821
46.676929;1.0935879263925812;0.8332801644877119;0.7617853786040611;0.12329771878810995;0.11272773552873394;1.0968583591547414;9.998983201631214;0.8336150633748043;1.0971229815731443;1.096940184610339;0.7598525699294526;-0.1256029564422338;0.7704227341732094
46.686929;1.0935859447527696;0.8332813827839033;0.7617853783488218;0.12329903310484316;0.11272902473514174;1.096859094622537;9.99899525609039;0.8336144526643351;1.0971226532486247;1.0969433953269223;0.7598536508106711;-0.12560395693976328;0.7704218389427603
46.696929;1.0935830155450335;0.8332822078173319;0.7617856855066223;0.12329927901993383;0.11272944970310017;1.0968597919236889;9.999006641724693;0.8336138579022572;1.0971222603526791;1.096946611488124;0.7598546190846818;-0.12560395743483604;0.7704207162007988
46.706929;1.0935801094662654;0.8332830614010002;0.7617860137818386;0.1232995146103998;0.11272987842172014;1.096861462870165;9.999017332827453;0.8336132824009124;1.097121803574911;1.0969498334116372;0.7598554691670328;-0.1256039579261161;0.7704195326142055
46.716929;1.0935772402252255;0.8332836022954792;0.7617860494021448;0.12330090522289731;0.11273137564856443;1.0968621187909815;9.999027307745862;0.8336127300947226;1.0971212832672985;1.096953063679515;0.7598561964591344;-0.1256049584130795;0.7704184554028609
46.726929;1.0935744236080551;0.8332845192921403;0.7617864223344704;0.12330111879985248;0.11273180872015279;1.096862770798069;9.999036550329132;0.8336122057524457;1.0971206991416647;1.0969563049230873;0.7598567973728877;-0.12560495889610804;0.7704171627913016
46.736929;1.0935726351410382;0.8332858875566127;0.7617865350189837;0.1233023789546371;0.1127331109225064;1.0968634286232106;9.999045049951134;0.8336117150623579;1.0971200498085423;1.0969595583976925;0.7598562689025727;-0.12560595937628197;0.7704149985363548
46.746929;1.0935699717509666;0.8332868678833197;0.7617869591936883;0.12330256793627417;0.11273354322792131;1.0968640985066451;9.99905280514338;0.8336112639263866;1.0971193331084046;1.096962824287053;0.7598566094998432;-0.1256059598548974;0.7704136135454897
46.756929;1.0935674066788774;0.8332875331342213;0.7617870969515778;0.12330390897794673;0.11273503852822643;1.0968657820347445;9.999059831858649;0.8336108573454475;1.0971185475525582;1.096966102063723;0.759856820140475;-0.12560696033292595;0.7704123506136451
46.766929;1.0935649537105976;0.8332885682764292;0.7617875783216962;0.12330406960679641;0.11273546362993245;1.096866477318915;9.99906616686602;0.8336104986407799;1.09711769355705;1.0969693909079312;0.7598569040056644;-0.12560696081077288;0.7704108851095985
46.776929;1.0935626268619325;0.8332892840347841;0.7617877773394577;0.12330538063253166;0.11273694857848597;1.0968671816683;9.99907186259959;0.8336101889913822;1.0971167726873932;1.096972691538137;0.7598568655695999;-0.12560696128832188;0.7704093801605373
46.786929;1.0935613988829684;0.833291129808604;0.7617883551397105;0.12330540263541782;0.11273716363854927;1.0968678930815579;9.999076989836585;0.8336099262371298;1.0971157864222678;1.0969760075135933;0.759856710204497;-0.1256079617648548;0.7704079984587071
46.796929;1.0935593641433001;0.8332918942217488;0.7617886292296117;0.12330668180282257;0.11273863294263814;1.096868610228663;9.999081643970905;0.8336097034512738;1.097114737009645;1.096979343932787;0.7598564440284276;-0.1256079622388942;0.7704064135084885
46.806929;1.093557493563059;0.8332930303559717;0.7617892616214496;0.1233067795320697;0.11273902646958683;1.0968703324545428;9.999085930690235;0.8336095090748784;1.0971136288515666;1.0969827054770664;0.7598560736728907;-0.12560896270850236;0.7704049514304883
46.816929;1.0935557955572262;0.8332941981317554;0.7617899424341934;0.12330686191921796;0.11273940816668468;1.0968710601892668;9.999089940756944;0.8336093288052692;1.0971124683386062;1.0969860956340673;0.7598546058794429;-0.12560896317184142;0.7704022995186376
46.826929;1.0935542727196619;0.833295056959457;0.7617903610089957;0.12330809488248981;0.11274084191634105;1.0968717953952973;9.999093742658678;0.8336091477659592;1.0971112629381168;1.0969895159998833;0.7598540466208474;-0.1256089636274532;0.7704005937316961
46.836929;1.0935538827769609;0.8332970588038074;0.7617911765505673;0.12330803941773952;0.11274099740095377;1.0968725411436122;9.999097395396;0.8336089520416895;1.097110020048896;1.0969929653472585;0.7598534004897988;-0.1256099640743644;0.7703990088255521
46.846929;1.093552705624252;0.8332979915175887;0.7617917014342415;0.12330924135868819;0.11274239816420915;1.0968733005520734;9.999100957899437;0.8336087300354409;1.0971087455919766;1.096996440278804;0.7598526707874188;-0.1256099645122587;0.7703972156044218
46.856929;1.09355169893361;0.8332993048216558;0.7617925902578194;0.12330926111059035;0.11274271390946489;1.0968750766059976;9.99910447971182;0.8336084731343198;1.0971074430722187;1.0969999373218868;0.7598518595213893;-0.12561096494149343;0.7703955375664621
46.866929;1.0935508592887389;0.8333003114764833;0.761793210600089;0.1233104294407928;0.11274407462241577;1.0968758723505487;9.999107991523381;0.8336081743138872;1.097106113206467;1.0970034539253766;0.7598509673086195;-0.12561096536283547;0.770393646801137
46.876929;1.093550180783723;0.8333017004874369;0.7617941870943232;0.12331041406955874;0.11274434760010758;1.0968766900350406;9.999111516881596;0.8336078261094282;1.0971047537986383;1.0970069873705501;0.7598499933029698;-0.1256119657771941;0.7703918671998546
46.886929;1.0935506162380177;0.8333035495003225;0.7617949173426004;0.12331143891512697;0.11274546643445085;1.0968775304742406;9.999115090327226;0.8336074206582644;1.0971033604199802;1.09701053318058;0.7598479354614819;-0.12561196618561785;0.770388881649155
46.896929;1.0935502419814376;0.8333050231367604;0.7617959688208891;0.12331138729423494;0.11274569287953018;1.096878394215848;9.999118755413377;0.8336069510396326;1.0971019277775376;1.0970140851765617;0.7598467921345954;-0.1256119665894284;0.7703868211394048
46.906929;1.0935500117612549;0.8333065428286791;0.7617970538235025;0.12331131834373467;0.11274589549119599;1.0968802827650481;9.99912254718225;0.8336064114693024;1.0971004513013305;1.0970176373876026;0.7598455638136519;-0.1256129669902106;0.7703848576606944
46.916929;1.093549918170277;0.8333077679765399;0.7617978548786994;0.12331239880021302;0.11274714007494607;1.0968811979876512;9.999126486323995;0.8336057968335603;1.0970989294305418;1.0970211858671977;0.7598442528209749;-0.12561296738961358;0.7703826624519399
46.926929;1.0935499519682605;0.8333093894880607;0.7617989956587388;0.12331229818033282;0.11274729519358968;1.0968821401855586;9.999130588041497;0.8336051031076468;1.097097365406255;1.097024728777075;0.7598428616731377;-0.12561396778918188;0.7703805614719319
46.936929;1.0935501035120985;0.8333107230083316;0.7617998417398932;0.12331334917628277;0.11274849227893394;1.0968831065525946;9.99913486631229;0.83360432825288;1.0970957667187513;1.097028265126914;0.7598413924363452;-0.1256139681904196;0.7703782309241283
46.946929;1.093551322233706;0.8333132208089957;0.7618010445520434;0.12331311385327531;0.11274840270464483;1.0968840919964116;9.999139333405326;0.8336034726731137;1.0970941432365289;1.0970317938167113;0.7598398474323727;-0.12561396859491938;0.7703758394699058
46.956929;1.093551678881235;0.8333146720880158;0.7618019108115046;0.12331413911748934;0.11274955192416915;1.0968850914600607;9.999144007444144;0.8336025388040733;1.0970925051772331;1.0970353134872939;0.759838230138376;-0.12561496900441088;0.7703735580942542
46.966929;1.093552120294703;0.8333165285573491;0.761803089504978;0.12331398649835958;0.11274961187767857;1.0968871010324777;9.9991489251127;0.8336015301546216;1.0970908604953193;1.0970388224441603;0.7598355459014713;-0.12561496942074116;0.7703700820894828
46.976929;1.0935526339147073;0.833318447297007;0.7618042548581226;0.12331382224400735;0.11274964915600166;1.096888117352665;9.999154141522562;0.83360045020681;1.0970892128415957;1.097042318289031;0.7598338025396165;-0.1256159698456724;0.7703677180273748
46.986929;1.093553208702634;0.8333200847096018;0.7618050791326261;0.12331481277845144;0.11275073068152221;1.0968891365269269;9.999159715801321;0.8335993010595684;1.0970875617748312;1.0970457972159853;0.7598320104317915;-0.12561597028073426;0.7703651595727795
46.996929;1.0935547962682954;0.8333228918977423;0.7618062068305629;0.12331451995240073;0.11275052932216384;1.0968901536942262;9.99916570528304;0.8335980833110379;1.097085904191535;1.0970492540738859;0.7598301816602986;-0.1256159707273263;0.7703625762727938
47.006929;1.0935554759690345;0.8333246587829871;0.7618069402381333;0.12331549071009225;0.11275157186402719;1.0968911632515415;9.999172166480712;0.833596798287319;1.0970842353492731;1.0970526841868973;0.7598283282439069;-0.12561697118673715;0.7703601378741967
47.016929;1.0935562107931691;0.833326838284195;0.7618079275318583;0.12331528664246408;0.11275153109346983;1.0968931592880444;9.999179143186247;0.8335954502592814;1.097082549957023;1.0970560846670248;0.7598264606519888;-0.12561697166022062;0.7703575251755264
47.026929;1.0935570098894674;0.8333287456272824;0.7618085315615943;0.12331623960553492;0.11275253964898149;1.0968941360966855;9.99918665438997;0.8335940468804826;1.0970808436151418;1.0970594534921878;0.7598245875820432;-0.12561797214945683;0.7703550719939052
47.036929;1.0935578849201795;0.8333310713522369;0.7618093727481609;0.12331601819735499;0.11275246711650254;1.0968950886883089;9.99919469740681;0.8335925988056634;1.0970791132491933;1.0970627877270422;0.7598217159179743;-0.12561797265706295;0.7703514736695386
47.046929;1.0935598052222222;0.8333342379973213;0.7618101584536404;0.1233156810455494;0.1127521833926231;1.0968960137471073;9.999203253353917;0.8335911190354683;1.0970773565802416;1.0970660824726743;0.7598198501630203;-0.12561797318650847;0.7703488748640734
47.056929;1.093560858448209;0.83333638019441;0.7618105083047627;0.12331660880530476;0.11275314918075047;1.0968969108640778;9.999212292315566;0.833589621559294;1.0970755723511991;1.0970693318363014;0.7598179929967416;-0.1256189737412192;0.7703464594468534
47.066929;1.093562005954779;0.8333389511706466;0.7618110719854263;0.12331636284393549;0.11275303694905639;1.0968987827445429;9.999221791171863;0.8335881196376078;1.0970737611483987;1.097072530844666;0.7598161475426031;-0.12561897432360783;0.7703439063523384
47.076929;1.0935632484702775;0.8333412660278376;0.7618112147154342;0.12331727495785536;0.11275397901170166;1.096899634508025;9.99923174971595;0.8335866249915059;1.0970719255912973;1.097075676011424;0.7598143187332875;-0.12561997493474406;0.7703415452504321
47.086929;1.0935643045750751;0.8333439071870575;0.7618116599741096;0.1233162511142976;0.11275317640591344;1.0969004727256009;9.999242181574761;0.8335851482385332;1.0970700702724445;1.097078765202695;0.759812512263133;-0.12561997557453283;0.7703390530064873
47.096929;1.093566701337349;0.833347511392821;0.761811923305437;0.12331587535114913;0.11275283438454771;1.0969013039756161;9.999253091472946;0.8335836992820501;1.0970682014588575;1.0970817976771179;0.7598107330782992;-0.12561997624204863;0.7703365951060814
47.106929;1.0935682397341573;0.833350106202527;0.7618117305421395;0.12331676606961359;0.11275374491271033;1.0969021340726084;9.999264465357133;0.8335822872617162;1.0970663255145783;1.09708477371878;0.7598089850838878;-0.12562097693572694;0.7703343352866286
47.116929;1.0935698797969444;0.8333531445148668;0.7618117387466083;0.12331648508825908;0.11275357989655867;1.0969029683206446;9.999276279948708;0.8335809208095112;1.0970644466705815;1.0970876938399317;0.7598062717243343;-0.12562097765344482;0.7703309600415114
47.126929;1.0935716209735404;0.8333559399218241;0.7618113179154412;0.12331736490175113;0.11275447123072059;1.096904811450949;9.999288515371665;0.8335796083195945;1.0970625663374032;1.0970905585945545;0.7598045967246758;-0.12562097839280761;0.7703286047162289
47.136929;1.0935734619540103;0.8333591794922732;0.7618110942338299;0.12331707509345956;0.11275428767736853;1.0969056671751207;9.999301159308486;0.8335783576710007;1.0970606841021635;1.0970933689749816;0.7598029643958114;-0.12562197915157455;0.7703264447416454
47.146929;1.0935754007197809;0.833362174654697;0.7618104376149638;0.12331794850436116;0.11275516079641451;1.0969065373580198;9.999314208147757;0.8335771753358663;1.0970587979561;1.0970961256888105;0.759801378965052;-0.1256219799278292;0.7703241524278895
47.156929;1.0935783926987843;0.8333663734095111;0.7618100050186254;0.12331754730449296;0.11275476200810909;1.0969074214446997;9.999327667812768;0.8335760656491495;1.0970569035181927;1.0970988277283114;0.7597998435322252;-0.12562298071968797;0.7703220523712171
47.166929;1.0935805133848229;0.833369904112004;0.7618094236373277;0.1233172526721459;0.11275455095140437;1.0969083175795564;9.999341548770204;0.8335750314625415;1.0970549940672154;1.0971014721085126;0.7597983595749654;-0.1256229815246032;0.770319817473941
47.176929;1.0935827141861514;0.8333731824878301;0.7618084075492151;0.1233181235543604;0.11275539658585179;1.0969102240022777;9.99935584927079;0.8335740752737723;1.0970530612985636;1.097104054705615;0.7597969270669879;-0.12562298233871458;0.7703176111912695
47.186929;1.0935849865037335;0.8333768913115551;0.7618075838510805;0.1233178286963706;0.11275516769296517;1.0969111396079931;9.999370536213362;0.8335731991103165;1.0970510970754501;1.0971065710777483;0.7597955451099772;-0.12562398315695014;0.7703155973114307
47.196929;1.0935873204202484;0.8333803364881688;0.7618063228462804;0.12331869996489092;0.11275599623788478;1.0969120655130051;9.999385539563479;0.8335724035857889;1.0970490967191473;1.0971090172065117;0.7597932121443831;-0.1256239839738224;0.7703124627146055
47.206929;1.0935906632317913;0.8333849601959743;0.7618052813516775;0.1233182987234802;0.11275555443176415;1.096913006677577;9.999400760932227;0.8335716872380392;1.097047061281608;1.0971113902778844;0.7597919250989789;-0.12562498478419656;0.7703105051446286
47.216929;1.0935930836043268;0.8333888850140527;0.7618040869545692;0.12331800567453013;0.11275530276025475;1.0969139709958935;9.999416092157492;0.8335710460208626;1.0970449970984635;1.0971136883152142;0.7597906786970618;-0.125624985583834;0.7703084093784908
47.226929;1.093595528800153;0.8333925205962109;0.7618024553807401;0.12331887958444152;0.11275611075255391;1.0969149672063212;9.999431440429612;0.8335704728561161;1.0970429139287126;1.0971159088769546;0.7597894658684431;-0.12562498636974237;0.7703063363697144
47.236929;1.093597989078076;0.8333965442226242;0.7618010162355155;0.12331858914878391;0.11275584733301482;1.0969170034734474;9.999446742922833;0.8335699585909716;1.0970408223037864;1.097118048408443;0.7597882789103694;-0.1256259871401229;0.7703044469345957
47.246929;1.0936004557794987;0.8334002572148906;0.7617991430433181;0.12331946623996176;0.11275664418217372;1.0969180862256;9.999461952700656;0.8335694946586208;1.0970387306738167;1.0971201025419342;0.7597871100399707;-0.12562598789409413;0.7703024114266551
47.256929;1.0936029201328359;0.8334043343119023;0.761797467733185;0.12331917955705556;0.11275636992798078;1.0969192195852213;9.99947701681579;0.8335690749170612;1.097036644240115;1.097122066707947;0.7597859504592351;-0.12562598863140143;0.7703003883282608
47.266929;1.0936063327783814;0.8334091810283257;0.7617957104709319;0.12331878780076279;0.11275589364713061;1.0969204055900785;9.999491880491204;0.8335686951650634;1.0970345661441387;1.097123936204584;0.7597847896910865;-0.12562698935216862;0.7702985356251614
47.276929;1.0936087677908797;0.8334129157559977;0.761793505169852;0.12331967146165355;0.1127566753934779;1.0969216437095373;9.999506506965735;0.8335683520688276;1.0970324996045313;1.0971257066907925;0.7597826163023507;-0.12562699005670022;0.7702955351202245
47.286929;1.0936111780512061;0.8334169767864034;0.7617915160340537;0.12331939154046873;0.11275638716304541;1.0969229300085732;9.999520886831883;0.8335680428617507;1.0970304492979195;1.097127375689035;0.759781418299784;-0.12562799074517436;0.7702936803846314
47.296929;1.0936135586463656;0.8334206652490371;0.7617891206183821;0.12332027938562662;0.11275716100012259;1.0969252578233937;9.999535034997185;0.8335677654135261;1.097028421161595;1.0971289425410933;0.7597801831976766;-0.12562799141745237;0.7702916524354957
47.306929;1.093615906311551;0.8334246582073466;0.7617869523781003;0.12332000306888256;0.11275686596487201;1.0969266191334495;9.99954897446302;0.8335675181764992;1.0970264217322065;1.0971304072893842;0.7597788991769104;-0.1256279920733552;0.7702896088619133
47.316929;1.093618219850612;0.8334286046613915;0.7617847016532896;0.12331972812687822;0.1127565683825085;1.0969280047074237;9.99956270350958;0.8335672997306731;1.0970244583850028;1.0971317714545483;0.7597775565495213;-0.1256289927130753;0.7702877083392193
47.326929;1.0936214594618352;0.8334329200895406;0.7617820881782534;0.12332051289056183;0.11275713751648177;1.0969294038250186;9.999576173766231;0.8335671087408577;1.0970225393083384;1.0971330390553202;0.7597761484590004;-0.1256289933373058;0.7702856214042809
47.336929;1.093623709535219;0.8334367654721699;0.7617796874227177;0.1233202401920302;0.11275683597379144;1.096930805162184;9.99958930353706;0.8335669448097712;1.0970206722543832;1.097134215154131;0.7597746706718902;-0.12562899394712926;0.7702835091348069
47.346929;1.0936259329404237;0.8334402146744765;0.7617769059034722;0.12332113405839973;0.11275759825867587;1.0969331977067804;9.999602001178992;0.8335668087343103;1.0970188628628748;1.0971353038877913;0.7597731203208795;-0.12562999454388019;0.7702815338358214
47.356929;1.093628133356784;0.833443952859068;0.7617743779262159;0.12332086259789618;0.11275729276248986;1.0969345711015632;9.999614173144343;0.8335667017327508;1.0970171136862068;1.0971363090480992;0.7597704949431733;-0.12562999512914752;0.7702783830693555
47.366929;1.0936303134487513;0.8334476334871287;0.7617717948676832;0.12332059115112318;0.11275698540316897;1.0969359166727592;9.999625720898878;0.8335666248056155;1.0970154254355038;1.097137235999692;0.7597687935086643;-0.1256309957050858;0.7702763573369158
47.376929;1.0936334341849192;0.8334516724838256;0.7617688771173402;0.12332137765906521;0.11275754553353462;1.096937227721903;9.999636538805529;0.8335665785994195;1.0970137996761633;1.0971380922524472;0.7597670175535951;-0.1256309962749275;0.770274144671271
47.386929;1.0936355801020012;0.8334552289684202;0.7617662001020463;0.12332110474823649;0.11275723642194324;1.0969384981622483;9.9996465295476;0.8335665632854932;1.0970122396591553;1.0971388872503733;0.7597651697939705;-0.12563099684308743;0.7702719081340124
47.396929;1.0936377169716887;0.8334583747005622;0.7617631698842268;0.12332199646045507;0.11275799367669662;1.096939722247305;9.999655630928485;0.8335665784835227;1.0970107487836953;1.0971396321502467;0.7597632517516132;-0.1256319974145362;0.7702698086974434
47.406929;1.0936398562176173;0.8334617936551529;0.7617604214793651;0.12332172083147905;0.11275768686375116;1.096941895872398;9.999663828088273;0.8335666235814435;1.0970093294761794;1.097140338495329;0.7597612632915802;-0.12563199799402272;0.770267515802472
47.416929;1.093642012671148;0.8334651395279432;0.7617576486727206;0.12332144297481236;0.11275738272675269;1.0969430172080732;9.999671146722648;0.833566697772858;1.09700798368566;1.0971410164406608;0.7597592044423215;-0.12563199858583732;0.7702651879936625
47.426929;1.093644202018854;0.8334680665475396;0.7617545450275865;0.1233223278488893;0.11275814782422146;1.0969440868528468;9.999677640245075;0.8335667992784247;1.0970067135655037;1.0971416742640743;0.7597570773791088;-0.12563299919395143;0.770262985503021
47.436929;1.0936473983061752;0.8334720218899333;0.7617517745835578;0.12332193585832131;0.11275765426324427;1.0969451084370871;9.999683382462676;0.8335669246668729;1.0970055214622216;1.0971423188363416;0.7597548864545586;-0.12563299982194984;0.7702605812229594
47.446929;1.0936496963943854;0.8334751320168239;0.7617489707464649;0.12332164697173213;0.11275736202672432;1.0969460875760484;9.999688465504729;0.8335670690754416;1.0970044089313657;1.0971429557018346;0.7597516372498363;-0.12563300047270706;0.7702571523968778
47.456929;1.093652066180298;0.8334778093014946;0.7617458546127068;0.12332251944985341;0.11275813997081914;1.0969470287384333;9.999692994557304;0.8335672267582881;1.0970033748812134;1.0971435890417782;0.7597493366117373;-0.1256340011481723;0.7702548372133541
47.466929;1.0936545147330583;0.8334807328411694;0.7617430605476282;0.12332222166699794;0.11275785655265337;1.096948933837139;9.999697075422175;0.8335673913750771;1.0970024151821107;1.097144223014476;0.7597469927975099;-0.12563400184939935;0.7702523256447862
47.476929;1.0936570458538304;0.8334832052164516;0.7617399655867544;0.1233230853852392;0.11275864351272563;1.0969498032190663;9.999700799235923;0.8335675562455622;1.0970015247832725;1.0971448635284105;0.7597446143275854;-0.1256350025767412;0.7702499478805658
47.486929;1.0936596627171087;0.8334859030447728;0.7617372039889597;0.12332277932665707;0.11275836990769339;1.0969506360246501;9.999704237565282;0.8335677146921332;1.0970006999931303;1.0971455182798588;0.7597422085402744;-0.12563500333004676;0.770247381868477
47.496929;1.0936633297807148;0.8334892360776122;0.761734497553405;0.1233223624330536;0.11275790524445505;1.0969514299744445;9.99970745514926;0.8335678602624363;1.0969999393131524;1.097146195647796;0.7597397811112995;-0.12563500410866382;0.7702447937562203
47.506929;1.0936661382091069;0.833491329933638;0.7617314817098101;0.1233232155970829;0.1127587098781124;1.0969521828501538;9.999710526147863;0.8335679868514025;1.0969992428651476;1.097146904223561;0.7597373363034043;-0.12563600491127588;0.770242347588474
47.516929;1.0936690610369437;0.8334936324135274;0.7617288225300723;0.12332290029063617;0.11275845596590585;1.096952894871184;9.999713530606495;0.8335680897285863;1.0969986110211536;1.0971476530424302;0.7597348776665038;-0.1256360057357881;0.7702397157685739
47.526929;1.0936721125360163;0.833495455317588;0.7617258996513568;0.12332374831411708;0.11275927549495253;1.0969545689973201;9.999716534748789;0.8335681676080671;1.096998043428177;1.097148451226278;0.759731409191429;-0.1256360065794011;0.7702360718392771
47.536929;1.0936753038668354;0.8334974860883798;0.761723348245418;0.12332342811615514;0.11275903729336735;1.096955208809327;9.999719582294796;0.8335682230785194;1.0969975389715507;1.0971493064616729;0.7597289361535937;-0.12563700743893072;0.7702335484448987
47.546929;1.0936786436952672;0.8334993823476102;0.7617208591664395;0.12332310539034744;0.11275880740253702;1.0969558165372273;9.9997227007327;0.8335682598819777;1.0969970961073159;1.0971502236622523;0.7597264652284375;-0.1256370083112884;0.7702308294009564
47.556929;1.0936830987195063;0.8335015664142739;0.7617181509700403;0.12332383827983896;0.11275945486774591;1.096956392828882;9.999725909292229;0.8335682801523432;1.0969967127540101;1.0971512054415946;0.7597240045591714;-0.12563700919380544;0.7702280763435029
47.566929;1.0936867559942198;0.8335032058897676;0.7617157968288485;0.12332350913928461;0.11275924225567963;1.0969569371313916;9.999729225272795;0.8335682844447891;1.096996385455892;1.0971522536157958;0.7597215638217669;-0.1256380100841866;0.770225452805774
47.576929;1.0936905764610094;0.8335047260308557;0.7617135150061977;0.12332317563791162;0.11275903841408828;1.0969574482791;9.999732671058018;0.8335682727525844;1.0969961087522877;1.0971533697836966;0.7597191535904717;-0.1256380109804018;0.7702226326243942
47.586929;1.0936945581512367;0.8335057897489963;0.7617109946968402;0.12332400266551267;0.11275990897244309;1.0969589261180461;9.999736282486928;0.8335682448512335;1.096995875925237;1.0971545550524144;0.7597167842264402;-0.1256380118809625;0.7702197770251532
47.596929;1.0936986958273618;0.8335070915018161;0.7617088670196551;0.12332365763810768;0.11275972225929956;1.0969593724990292;9.999740108258313;0.8335682006881467;1.0969956804131946;1.097155810126189;0.7597144653263284;-0.12563901278518486;0.7702170456970068
47.606929;1.0937029808893632;0.8335079514797479;0.7617065056307141;0.12332447118763784;0.11276060983174152;1.096959790211959;9.99974419675217;0.8335681403549356;1.0969955167597985;1.0971571355421106;0.7597122060480545;-0.12563901369260755;0.770214108823231
47.616929;1.0937083614980883;0.8335098274285792;0.7617045702966764;0.12332400361909393;0.1127602436080217;1.0969601810895973;9.999748589021843;0.8335680630086769;1.0969953814414255;1.0971585315865333;0.7597090155642475;-0.1256390146020804;0.7702101406312571
47.626929;1.0937129079256773;0.8335108576407024;0.7617026910731821;0.1233236347804489;0.1127600839596869;1.09696054487667;9.99975332684202;0.8335679661794096;1.0969952729079098;1.0971599983779137;0.7597069029346818;-0.12564001551200085;0.7702072769346191
47.636929;1.0937175683208096;0.8335114680408515;0.7617005853128355;0.12332442281120393;0.11276100060028624;1.0969608798257529;9.999758458263525;0.8335678470934226;1.0969951899089165;1.0971615356320694;0.7597048763982499;-0.12564001642149467;0.7702042055525807
47.646929;1.0937223312603266;0.8335123531186218;0.7616988826474246;0.12332403588698007;0.11276086300568797;1.0969621835641152;9.999764024338177;0.8335677050447363;1.0969951302398928;1.0971631417411702;0.7597029425495152;-0.12564101733088565;0.770201254092572
47.656929;1.0937271850621972;0.8335131759912592;0.7616972686119624;0.12332363977639137;0.11276073796822396;1.096962452679949;9.999770037083389;0.8335675424356985;1.0969950916871583;1.0971648135378023;0.7597011060179877;-0.12564101824113502;0.7701980981293329
47.666929;1.0937321186588946;0.8335135994835221;0.7616954287140745;0.12332440053183727;0.11276169222394566;1.0969626831612413;9.999776478240587;0.8335673638357269;1.0969950737132823;1.0971665469403102;0.7596993701035446;-0.1256410191533105;0.770194902860815
47.676929;1.0937380806036927;0.8335150795586292;0.7616940215444093;0.12332387982870904;0.11276139806463191;1.0969628730523808;9.999783327211393;0.8335671742353555;1.0969950782340543;1.0971683371267813;0.759697737981086;-0.12564202006850148;0.7701918327680262
47.686929;1.0937431418236156;0.8335157516473956;0.7616926764608668;0.1233234589031486;0.1127613156491516;1.0969630242719481;9.999790585984536;0.8335669781526043;1.0969951088321312;1.097170178086729;0.759696213432161;-0.12564202098781685;0.7701885618936527
47.696929;1.093747968640911;0.8335159300521259;0.7616912086227032;0.1233234346846246;0.11276164603763271;1.0969631414108032;9.999798272717708;0.8335667797845573;1.0969951690621613;1.0971720625129007;0.7596948007143397;-0.12564202191245594;0.7701852536873399
47.706929;1.0937531177368454;0.8335165184268338;0.7616900486354277;0.12332300201101722;0.11276159380203513;1.0969632299093557;9.999806396007228;0.8335665830733994;1.0969952617718373;1.0971739827111955;0.7596925042956856;-0.12564302284383777;0.7701810857830242
47.716929;1.0937582975247377;0.833516722935644;0.7616886648054328;0.12332373119818797;0.11276262224767711;1.0969642952833418;9.99981494177633;0.8335663915653722;1.096995389113424;1.0971759322395345;0.7596913288378853;-0.1256430237834022;0.7701777065778964
47.726929;1.0937634979659365;0.8335172315632511;0.7616876809327332;0.12332329196050834;0.11276259948897648;1.0969643416915686;9.999823877944639;0.8335662081512523;1.096995552281441;1.0971779073287964;0.7596902785961919;-0.1256430247322227;0.7701742939931828
47.736929;1.0937696663710967;0.8335184639869677;0.7616868052938675;0.12332274400716992;0.11276239375433016;1.0969643704029974;9.999833151434224;0.8335660344871395;1.0969957523954774;1.097179907150418;0.7596893561769978;-0.12564402569077207;0.7701710128488917
47.746929;1.093774870988944;0.8335185516544934;0.7616856584765297;0.12332346879994767;0.11276346401806793;1.096964381013706;9.999842679229717;0.8335658707389906;1.0969959921309578;1.0971819328276253;0.7596885624486769;-0.12564402665891786;0.7701675392223839
47.756929;1.0937800564656073;0.8335189438053012;0.7616848925891307;0.12332302843615507;0.11276348135585137;1.0969643742288004;9.999852362956457;0.833565716312578;1.0969962764287493;1.0971839863510764;0.7596878983543667;-0.12564402763620655;0.7701640388382404
47.766929;1.0937852060333955;0.8335192948813994;0.7616841896678737;0.12332258966321102;0.11276351151379232;1.0969643533796394;9.999862120778968;0.8335655712821043;1.0969966126692017;1.0971860699588023;0.7596873665206013;-0.1256450286221568;0.7701606775288404
47.776929;1.0937902991241997;0.8335192582436299;0.7616832325954928;0.12332331901974579;0.11276462060119048;1.0969653253171305;9.999871903163065;0.8335654372338377;1.0969970097059965;1.097188185556767;0.7596869712612175;-0.1256450296163463;0.770157133118515
47.786929;1.0937953117853203;0.8335195169720725;0.7616826468613545;0.1233228852157826;0.11276467760592858;1.0969653009169513;9.999881683589454;0.8335653168206567;1.0969974749842362;1.0971903349239958;0.7596867179864102;-0.12564503061831198;0.7701535752950099
47.796929;1.093801177867707;0.8335204853947097;0.7616821438665053;0.12332234672567534;0.11276455185656101;1.0969652934179606;9.999891438588726;0.8335652128485271;1.0969980125997365;1.097192520893488;0.7596856123503033;-0.125646031627236;0.7701491884592778
47.806929;1.0938059538451923;0.8335202918815064;0.7616813460848034;0.12332308391954235;0.11276570350315988;1.0969653161853006;9.999901134674662;0.8335651276339548;1.0969986250142463;1.0971947469055985;0.7596856591699633;-0.1256460326417547;0.7701456263965519
47.816929;1.0938105747764677;0.8335203859948798;0.761680903954234;0.12332265818805631;0.11276580441224811;1.0969653826188444;9.999910730683409;0.8335650631680861;1.096999315985961;1.0971970144707888;0.7596858625430668;-0.12564603366016283;0.7701420702600399
47.826929;1.093815018196434;0.8335200802319364;0.7616801806025661;0.12332340164095738;0.11276698610538903;1.0969655060419905;9.999920186544413;0.8335650219367363;1.0970000908541586;1.097199322060609;0.7596862272238162;-0.1256470346806679;0.7701386865266647
47.836929;1.0938192635550987;0.8335200609874264;0.7616797966643885;0.12332298309842224;0.11276711684530456;1.0969666980861308;9.999929468104062;0.8335650072737506;1.097000954570978;1.097201666512704;0.759686759190783;-0.12564703570152708;0.7701351530692953
47.846929;1.0938232926833271;0.8335199833666065;0.7616794322803602;0.12332256864261938;0.11276726226666982;1.0969669680195424;9.999938544712618;0.8335650235620091;1.0970019101586805;1.0972040449483282;0.7596874649880692;-0.12564703672108987;0.7701316391798508
47.856929;1.0938270904002076;0.8335195037406635;0.7616787694097301;0.12332332421465647;0.11276848827579948;1.0969673232175305;9.999947379236541;0.8335650767838398;1.097002958981762;1.097206455808827;0.7596883513854152;-0.12564803773750946;0.7701283158409853
47.866929;1.0938316036681595;0.8335200733073438;0.7616784622306421;0.12332281094094669;0.11276846661490433;1.096967769679719;9.999955922882158;0.833565174184285;1.0970041021420942;1.0972088987486348;0.7596894252605257;-0.12564803874823405;0.7701248650702693
47.876929;1.0938349046147442;0.8335198236234311;0.7616781342646762;0.12332240918517431;0.11276865690066061;1.0969683129301364;9.99996412506957;0.8335653225124655;1.0970053410021892;1.0972113744968812;0.759690692786581;-0.12564803974997477;0.7701214575039558
47.886929;1.0938379453326192;0.833519172214577;0.7616774957272812;0.12332317737932007;0.11276992757332768;1.0969689585485711;9.999971943403276;0.8335655264999746;1.097006676872298;1.0972138852298639;0.7596911588283228;-0.1256490407393991;0.7701172757106414
47.896929;1.0938407206363565;0.8335188031424816;0.7616771704389387;0.12332278364372434;0.1127701464837572;1.0969697112752186;9.999979342345357;0.8335657889110302;1.0970081117374202;1.0972164346540907;0.759692827351431;-0.1256490417136086;0.7701139712726451
47.906929;1.0938432271127534;0.8335183674586705;0.7616768415507348;0.12332239324731858;0.11277037857995151;1.0969715732306098;9.999986292491675;0.8335661108738;1.0970096498822224;1.0972190277642917;0.7596947021497473;-0.1256490426697391;0.7701107248019017
47.916929;1.0938454634219774;0.8335175146527103;0.7616761957671367;0.12332317126041664;0.11277168870204324;1.09697254274179;9.999992773045554;0.8335664918574455;1.0970112982673907;1.0972216701922515;0.7596967866087455;-0.12565004360448978;0.7701077027627672
47.926929;1.0938483901109444;0.8335176870342585;0.7616758949305588;0.12332267807631844;0.11277174741955875;1.0969736153147938;9.999998772227343;0.8335669305574128;1.097013064957705;1.097224367048712;0.759699082149213;-0.1256500445143642;0.7701045798376204
47.936929;1.0938500946123937;0.8335170078436851;0.7616755720920786;0.12332229355115229;0.11277201347480506;1.0969747863386912;10.000004293475154;0.8335674259229492;1.0970149576098993;1.0972271223179237;0.7597015873536431;-0.12565004539614244;0.77010151709162
47.946929;1.093851548315519;0.8335158893478547;0.7616749469106374;0.123323075922907;0.11277335489671492;1.0969760523945968;10.000009365566097;0.833567976898691;1.0970169832153374;1.0972299389090145;0.7597042987254131;-0.1256510462469949;0.7700986735122028
47.956929;1.0938527693323723;0.8335150138936036;0.7616746509504262;0.12332269357917919;0.11277363955234318;1.0969774101679337;10.000014045468674;0.8335685816368431;1.0970191478262261;1.0972328178501434;0.7597072106839817;-0.12565104706446437;0.7700957179485202
47.966929;1.093853778527372;0.8335140325965712;0.7616743718701351;0.12332231251089436;0.11277393280307291;1.096979856152006;10.000018413875706;0.8335692371060383;1.097021455793358;1.0972357569068347;0.7597103147556029;-0.12565104784655515;0.7700928092312445
47.976929;1.0938545967195703;0.833512594624229;0.761673796703017;0.1233230986907722;0.11277530026991656;1.0969813886323632;10.000022561472928;0.833569939176489;1.097023909562188;1.0972387512539685;0.759713600789575;-0.1256520485917112;0.7700901077362218
47.986929;1.0938552438380418;0.8335113786525056;0.7616735543026034;0.12332272059245056;0.11277561042777721;1.0969830087285088;10.00002656752893;0.8335706829462017;1.09702651005989;1.0972417960795888;0.7597160589779373;-0.12565204929861884;0.770086299467458
47.996929;1.0938566987996516;0.833510795582363;0.7616733580232448;0.1233222368394915;0.11277573193788612;1.0969847177724443;10.000030490084871;0.8335714624140392;1.0970292569377151;1.097244888198714;0.7597196795241957;-0.1256520499661008;0.7700835200431155
48.006929;1.0938570643147547;0.8335089713801209;0.7616728317637451;0.12332302802501081;0.1127771240306149;1.0969865141913793;10.000034377157112;0.8335722693465312;1.0970321484900454;1.0972480264601565;0.7597234512644507;-0.12565205059318837;0.7700807813296969
48.016929;1.093857322800708;0.8335073543714171;0.7616726288325343;0.12332265558239502;0.11277745765397479;1.0969883943606538;10.0000382793021;0.8335730931860964;1.0970351806375453;1.097251211898719;0.7597273616841508;-0.1256530511790855;0.7700782443858976
48.026929;1.0938574992140815;0.8335056021209818;0.7616724309514424;0.12332228567252573;0.1127777979505751;1.0969903556784704;10.000042236573334;0.8335739228787888;1.097038345030043;1.0972544470543353;0.7597313976332176;-0.1256530517229948;0.7700755802650213
48.036929;1.09385761924394;0.8335033747643446;0.7616719203733285;0.12332308439644842;0.11277921000518933;1.0969933976295692;10.00004625145602;0.8335747489707755;1.0970416286029747;1.097257734975392;0.7597355460021044;-0.12565305222405793;0.7700729490285161
48.046929;1.0938577072586406;0.8335013653809727;0.7616717219632025;0.12332272042181483;0.11277956154057979;1.0969955209644011;10.00005029512963;0.8335755648937274;1.0970450156551548;1.0972610786207604;0.7597397945654619;-0.12565405268146185;0.7700705111895014
48.056929;1.093858743397464;0.8334999992967783;0.7616715456870284;0.1233222526633289;0.11277972065564744;1.0969977271576434;10.00005434291841;0.833576367757274;1.0970484902038602;1.097264479551347;0.7597441318691368;-0.12565405309465918;0.770067938077615
48.066929;1.0938588270520038;0.8334974140203633;0.7616710124222473;0.12332306198409974;0.11278114650974363;1.0970000182562407;10.000058385265628;0.8335771587360118;1.0970520367590924;1.0972679362915356;0.7597485456960723;-0.12565405346359423;0.7700653892920253
48.076929;1.0938589329705546;0.8334950661684575;0.761670772825972;0.12332270994666052;0.11278151031173714;1.0970023964854423;10.000062411738803;0.8335779427415951;1.097055639659009;1.0972714447466296;0.759753022064745;-0.12565505378858;0.770063022946938
48.086929;1.0938590740936291;0.8334926191657369;0.7616705070079253;0.12332236274900557;0.11278187741126192;1.0970048634393819;10.000066402657168;0.8335787269809304;1.0970592814975615;1.0972749997006275;0.759756545895882;-0.1256550540698274;0.7700595211351599
48.096929;1.0938592605718396;0.8334897367436042;0.7616698971541233;0.12332318660943674;0.11278331299663882;1.0970074186179577;10.000070331192086;0.833579518609895;1.097062941830681;1.0972785941960082;0.7597611019204558;-0.12565505430714569;0.770057016723942
48.106929;1.0938595013393597;0.8334871132668915;0.7616695695490067;0.12332285048407081;0.11278368501864498;1.0970110582913566;10.00007415982235;0.8335803227430955;1.0970665974628186;1.0972822181771733;0.7597656749822442;-0.12565605449983946;0.7700546845788622
48.116929;1.093859806000622;0.8334844111832158;0.7616692081055729;0.12332252100974402;0.11278405888816538;1.0970137766195165;10.000077830906717;0.8335811420544856;1.0970702239554124;1.0972858595283395;0.7597702501638705;-0.12565605464666152;0.770052198407993
48.126929;1.0938611452893856;0.8334820547784041;0.7616685263633934;0.12332325769490267;0.11278530322564105;1.097016568194429;10.000081265913828;0.833581977611359;1.0970737968859159;1.0972895063467087;0.7597748125693903;-0.12565605474602173;0.7700497231229501
48.136929;1.093861614744767;0.8334792097044185;0.761668094666488;0.12332294437299693;0.11278568032840514;1.0970194294308964;10.000084375217913;0.8335828293411018;1.0970772920690883;1.097293148205355;0.7597793467113619;-0.12565705479626205;0.770047424856449
48.146929;1.0938621887745257;0.8334762949897481;0.761667629874324;0.12332264028190261;0.11278605903447869;1.0970223588930208;10.000087066603687;0.833583696107592;1.0970806854726882;1.0972967764447534;0.7597838361742207;-0.12565705479570363;0.7700449806452185
48.156929;1.0938628815658868;0.8334729643916845;0.761666820442483;0.12332351186340193;0.11278750520791839;1.0970253574518025;10.000089249848111;0.8335845768781173;1.0970839535686194;1.0973003840849507;0.7597882644577084;-0.12565705474274325;0.770042556939644
48.166929;1.0938637039172612;0.8334699027772804;0.7616662976336852;0.12332322812134636;0.11278788741949514;1.0970284275526772;10.000090842061141;0.8335854722871496;1.0970870739051222;1.0973039655703676;0.7597926171249054;-0.12565705463617632;0.7700401568234855
48.176929;1.093864663105721;0.8334667660237978;0.7616657501888167;0.12332295536985972;0.112788271415378;1.0970325716320635;10.000091771942182;0.8335863845199564;1.0970900259477898;1.0973075169853166;0.7597968837444659;-0.12565805447540496;0.7700379464901077
48.186929;1.0938657649311156;0.8334632123970132;0.7616648669078113;0.12332385974446837;0.11278972288037176;1.0970357907622688;10.000091971223029;0.8335873158078071;1.0970927925403755;1.0973110366236487;0.759800057966385;-0.12565805426033724;0.7700346166514168
48.196929;1.0938679732922387;0.8334606956925072;0.7616643084617652;0.12332350258182835;0.11278991329698952;1.0970390839879183;10.000091358971469;0.8335882672569132;1.0970953611198886;1.097314524559741;0.7598041359800162;-0.12565805399104402;0.7700323088296682
48.206929;1.0938693707005438;0.8334573522359944;0.7616637052743834;0.12332326443659912;0.11279030229772079;1.0970424484304813;10.000089847866704;0.8335892384210452;1.0970977232950316;1.097317981477151;0.7598081151917478;-0.12565905366732488;0.7700302062626408
48.216929;1.0938709119811594;0.8334536070766935;0.7616627746356812;0.12332420402449153;0.1127917586802442;1.0970458797362097;10.00008736523483;0.8335902273458234;1.097099873389068;1.0973214076040383;0.7598119941421518;-0.1256590532884737;0.77002798965566
48.226929;1.093872589438839;0.8334501535067402;0.7616621473168658;0.12332399003417625;0.11279215084740772;1.097049372356411;10.000083853501575;0.8335912316517902;1.0971018073811822;1.097324801413515;0.7598157728559455;-0.12565905285358228;0.7700258286480135
48.236929;1.0938743942349392;0.8334466533393265;0.7616615123709806;0.12332378873406312;0.11279254431820632;1.0970529200171635;10.000079257834898;0.8335922503747074;1.0971035221633705;1.0973281592079158;0.7598194526527138;-0.1256600523623744;0.7700238922021512
48.246929;1.0938763181469282;0.8334427693127515;0.7616605593752778;0.12332476623232258;0.11279400439737372;1.0970575166559744;10.000073528241405;0.8335932847102719;1.0971050151186643;1.0973314766784712;0.759823035126643;-0.1256600518158299;0.7700218597346813
48.256929;1.093878354319573;0.8334391967997454;0.7616599202998303;0.1233245908244633;0.11279439895851165;1.0970611571403759;10.000066629521555;0.8335943374471605;1.0971062847464768;1.0973347504314594;0.7598265211661449;-0.1256600512160368;0.770019900784093
48.266929;1.0938814549547717;0.8334363630763286;0.7616593134844211;0.12332432076790459;0.11279459626536079;1.09706483717664;10.000058545110287;0.8335954122481102;1.0971073315231608;1.0973379775582428;0.7598299113731791;-0.1256610505656592;0.7700181849171923
48.276929;1.0938836931046452;0.8334324068425392;0.7616583701969313;0.1233253361873053;0.11279605557917971;1.0970685532429472;10.000049275891877;0.8335965129516753;1.0971081576311514;1.0973411541851563;0.7598332064968663;-0.12566104986764332;0.770016391164762
48.286929;1.0938860181420293;0.8334287852577255;0.7616577525520407;0.12332519804637275;0.11279644800430513;1.0970723028920675;10.000038828491194;0.8335976429938812;1.0971087659783874;1.0973442750341458;0.7598354062064296;-0.1256610491253207;0.7700137001399266
48.296929;1.0938884194160077;0.8334251622024956;0.7616571510896681;0.12332507215465328;0.11279683866081161;1.0970760841238079;10.000027196324389;0.8335988050657116;1.0971091598829803;1.0973473345667433;0.7598385082092987;-0.12566104834251554;0.7700120875666371
48.306929;1.0938908846147446;0.8334212023921344;0.761656255201114;0.12332612445499914;0.11279829245421082;1.0970798942742133;10.000014357670919;0.8336000008256836;1.09710934296236;1.097350328156013;0.759841508894531;-0.12566204752330135;0.7700107307449959
48.316929;1.0938933993854811;0.8334176021524606;0.7616556956192009;0.1233260234494593;0.1127986767374346;1.097084729804526;10.000000291598045;0.8336012309057746;1.0971093172963413;1.0973532521490557;0.7598444040830366;-0.12566204667153152;0.7700093025593107
48.326929;1.0938959486476547;0.8334140270890108;0.7616551607635199;0.12332593494622414;0.11279905583218408;1.0970885860621242;9.999984991107251;0.833602495306314;1.0971090816275957;1.097356103590235;0.7598471900483982;-0.12566204579043616;0.7700079645781152
48.336929;1.0938994773210828;0.8334109053990079;0.7616543696039937;0.12332691730132284;0.11280029697910625;1.0970924570870504;9.999968471655386;0.8336037936851356;1.097108632844453;1.0973588800159302;0.7598498650101623;-0.12566304488250463;0.7700068780979779
48.346929;1.0939020534620452;0.8334074071149097;0.7616538971938743;0.12332685306945702;0.11280066111680691;1.0970963367867945;9.999950772671378;0.8336051253192777;1.0971079685058258;1.0973615793371854;0.7598524293286764;-0.12566304394976993;0.7700057152843952
48.356929;1.093904622872326;0.8334039572800109;0.7616534637838286;0.12332680033387985;0.11280101586754389;1.0971002198645412;9.999931951002294;0.8336064891647291;1.097107087207591;1.0973642000070252;0.7598548839301635;-0.12566304299429862;0.7700046385377035
48.366929;1.093907173490575;0.8334002180252496;0.7616527609637737;0.123327924428971;0.11280242588943352;1.0971041015266627;9.999912088185056;0.8336078841563764;1.0971059878737606;1.0973667404667915;0.7598572286851023;-0.1256630420183625;0.770003647406287
48.376929;1.0939096953502174;0.8333968826533118;0.7616524233123343;0.12332789323578473;0.11280275854525255;1.0971079776972856;9.999891306986749;0.8336093093048048;1.0971046687873631;1.0973691979627536;0.7598594624182706;-0.12566404102410902;0.7700029051094218
48.386929;1.0939121798178286;0.8333936123061896;0.7616521426025354;0.1233278720546135;0.11280307861515038;1.0971128448059766;9.999869769044343;0.8336107633560045;1.0971031264827955;1.0973715686900496;0.7598605844334919;-0.12566404001311895;0.7700011003004618
48.396929;1.0939146198891374;0.8333904105029989;0.7616519242267545;0.12332786035925426;0.11280338542336073;1.0971166980624207;9.9998476607129;0.8336122441869583;1.0971013562521204;1.0973738494305587;0.759862596037967;-0.12566403898622594;0.7700003729129435
48.406929;1.0939176882535917;0.8333875914822261;0.7616515867727218;0.12332815358675413;0.11280387934381635;1.097120530978805;9.999825177958378;0.8336137483388173;1.0970993539583507;1.0973760387800284;0.7598645008402097;-0.12566503794372208;0.7699999041999991
48.416929;1.0939200319383655;0.8333845336820697;0.7616515068332989;0.12332815946268728;0.1128041585045833;1.0971243365453545;9.999802502250786;0.8336152708155136;1.0970971172652086;1.097378136657167;0.7598663037098499;-0.1256650368857915;0.769999371987062
48.426929;1.0939223287206163;0.8333815500001788;0.761651501304873;0.12332817358802066;0.11280442358544213;1.0971281079998672;9.999779785628204;0.8336168049428174;1.0970946464451894;1.0973801433501886;0.7598680097738811;-0.1256650358126934;0.769998941847447
48.436929;1.0939245793364096;0.8333782985493225;0.7616512570591152;0.1233293614950147;0.11280574039076839;1.097131839412056;9.999757164654614;0.833618342543081;1.097091945725854;1.097382059692035;0.7598696244198626;-0.12566603472451277;0.7699987776750036
48.446929;1.093926783204768;0.8333754695201424;0.76165140235019;0.12332939117670882;0.1128059776117745;1.0971355257391726;9.999734779353824;0.8336198743816738;1.0970890242271032;1.0973838873594417;0.7598711533917378;-0.12566603362098422;0.7699985536255369
48.456929;1.0939289392015679;0.8333727224545423;0.7616516231666891;0.12332942788386192;0.1128062012957893;1.0971391621170463;9.999712777243182;0.8336213904113172;1.0970858944987087;1.0973856281859584;0.7598726026175804;-0.12566603250171796;0.7699984343453776
48.466929;1.0939310456625133;0.8333697159512368;0.761651606416718;0.12333063676006534;0.11280747747393463;1.0971437436886224;9.999691313382883;0.8336228801929504;1.0970825698814288;1.0973872827534574;0.7598739783933279;-0.1256660313663703;0.769998421519293
48.476929;1.0939340583524226;0.833367899661067;0.7616520109811117;0.1233305782179559;0.1128074779416724;1.0971472652819658;9.999670546717866;0.8336243341694419;1.0970790641644712;1.0973888498186204;0.759875287432468;-0.12566703021440254;0.7699986791654545
48.486929;1.093936053583389;0.8333654013718915;0.7616524642445666;0.12333063186134972;0.11280766253981198;1.0971507207498623;9.999650625773995;0.8336257454974105;1.0970753942690734;1.097390327664346;0.7598765366437055;-0.12566702904492544;0.7699988819349636
48.496929;1.0939379840236543;0.8333626347622956;0.7616526777144368;0.12333185539677298;0.11280890000508166;1.0971541043706847;9.999631669406917;0.8336271113790539;1.0970715831150923;1.0973917148249561;0.7598767333857871;-0.12566702785698264;0.7699982093554222
48.506929;1.0939398419984245;0.833360280925043;0.7616532725456081;0.1233319162017313;0.11280905837236442;1.0971574139543239;9.999613757275114;0.8336284332058347;1.0970676593670523;1.0973930083548038;0.7598778852342041;-0.125668026649778;0.7699988026434883
48.516929;1.0939416184686748;0.8333579900392973;0.7616539254116504;0.1233319789469066;0.11280920274920797;1.097160651906705;9.999596941224494;0.8336297153197134;1.0970636535120641;1.0973942020981857;0.7598789989791275;-0.12566802542255795;0.7699993539011996
48.526929;1.0939433031568402;0.8333557576108717;0.7616546278096497;0.12333204251132088;0.11280933248864614;1.0971638232984986;9.999581260619134;0.8336309633028016;1.0970595929397224;1.0973952874720114;0.7598800804238783;-0.12566802417464895;0.7700000305517928
48.536929;1.093944885163977;0.8333532377588063;0.7616550584105702;0.1233332718091492;0.11281051276366467;1.0971679333732351;9.99956674383006;0.833632183727043;1.0970555001383802;1.0973962561437611;0.7598811346658975;-0.12566802290591456;0.7700008366379174
48.546929;1.0939463535896736;0.8333511181518303;0.7616558396066107;0.12333333454102768;0.11281061146775394;1.0971709861126813;9.99955340582516;0.8336333850157055;1.0970513945294607;1.0973971020595976;0.7598821662714578;-0.12566902161708715;0.7700019396840793
48.556929;1.0939486563607514;0.8333498197687155;0.7616566813616288;0.12333328884246858;0.1128104967777965;1.097173984800228;9.999541252024445;0.8336345767661164;1.0970472941717657;1.0973978211792217;0.7598831796155471;-0.12566902030951746;0.7700030167957721
48.566929;1.0939498631772624;0.8333474762215214;0.7616572071514076;0.12333451499481224;0.11281162772553974;1.0971769339377249;9.999530288134691;0.833635767060139;1.097043216226052;1.0973984096945457;0.7598841784392208;-0.12566901898475044;0.7700042317735896
48.576929;1.0939509223144905;0.8333455401193217;0.761658071170603;0.12333457448525796;0.112811675416259;1.097179839418906;9.999520528252331;0.8336369605132115;1.0970391770338388;1.0973988638131722;0.7598851645372798;-0.12567001764439398;0.7700057445861617
48.586929;1.0939518260333267;0.8333436716416023;0.7616589562028541;0.12333463398730507;0.11281170544977118;1.0971827072338767;9.999511991863937;0.8336381586492008;1.097035190788608;1.0973991824598623;0.7598861368911969;-0.12567001629026073;0.7700072225563444
48.596929;1.0939525696170393;0.8333415332264072;0.7616595455585304;0.12333586045888179;0.11281278358950367;1.0971855434613094;9.999504694208007;0.833639361077088;1.0970312677929543;1.0973993693841304;0.7598870917371052;-0.1256700149245531;0.7700088213497503
48.606929;1.0939531506084934;0.8333398200822446;0.7616604665660024;0.12333592339935774;0.11281277831342143;1.0971883543834697;9.999498637669323;0.8336405664065099;1.0970274151372175;1.0973994319085378;0.7598870233731286;-0.12567001354978186;0.7700095475261468
48.616929;1.093953568796134;0.8333381969322684;0.7616614062667496;0.1233359896334742;0.11281275536679176;1.0971921449544375;9.99949380268577;0.8336417729382213;1.0970236390571653;1.0973993782291074;0.7598879255619579;-0.12567101216837054;0.7700115324976338
48.626929;1.0939547848784612;0.8333374342965308;0.7616623967927104;0.12333595275788121;0.11281251785467718;1.0971949170460935;9.999490140889492;0.8336429786964336;1.0970199455108716;1.09739921631942;0.7598887929209288;-0.12567101078243453;0.7700134604654535
48.636929;1.0939548829113075;0.8333356689577058;0.7616630682325816;0.12333719374166906;0.11281352551557229;1.0971976690039817;9.999487578638988;0.8336441811145985;1.09701633850646;1.097398954883935;0.7598896211519648;-0.1256710093939154;0.7700154929191841
48.646929;1.0939548247868371;0.8333343534948898;0.7616640790713319;0.12333727402254185;0.11281345003637964;1.0972003962375927;9.999486027292413;0.8336453770531288;1.0970128193856876;1.0973986038597061;0.7598904062577261;-0.12567100800464417;0.7700176274971525
48.656929;1.0939546135155032;0.8333331445752661;0.7616651142601817;0.12333735950759794;0.11281335743895855;1.0972030920927922;9.999485388868507;0.8336465631036702;1.0970093885204681;1.0973981734490508;0.7598911442094596;-0.1256720066162475;0.7700200224389638
48.666929;1.0939542530234143;0.833331699246991;0.7616658568865338;0.12333861591360602;0.11281431390484957;1.097205748404719;9.999485561286557;0.8336477363836309;1.0970060471955938;1.0973976733750732;0.7598918310519384;-0.12567200523019925;0.7700223433634594
48.676929;1.0939537478814265;0.8333307078072159;0.7616669306397944;0.12333871136069077;0.11281418850583003;1.097208355155921;9.999486445850778;0.8336488956163818;1.0970027974576093;1.0973971127753848;0.7598924622453527;-0.12567200384816468;0.7700247442125951
48.686929;1.0939531029512128;0.8333298307375802;0.761668014997923;0.12333881130534938;0.112814047636918;1.0972109006985002;9.999487944245256;0.8336500408613843;1.0969996399841113;1.0973965003346309;0.7598930317578171;-0.12567300247247834;0.7700273794954068
48.696929;1.0939523239688491;0.8333287279493001;0.7616687891455062;0.12334008098994946;0.1128149575818453;1.0972143744263414;9.999489952332274;0.8336511717514459;1.096996571985273;1.0973958442059728;0.7598935325985102;-0.12567300110630822;0.7700299149869198
48.706929;1.0939523762420345;0.8333288518623195;0.7616699051618534;0.12334008061764115;0.11281459029250421;1.097216769133802;9.999492366773241;0.8336522863976257;1.0969935867885963;1.0973951511372013;0.7598939587851501;-0.12567299975336083;0.7700325074313213
48.716929;1.0939513469502442;0.8333283345761197;0.7616709866001393;0.1233401894290211;0.11281440578630372;1.0972190799651658;9.999495092352369;0.833653381681473;1.0969906749574918;1.0973944264850073;0.7598933070357641;-0.1256729984174683;0.7700341657726635
48.726929;1.0939502008300372;0.8333279372948565;0.7616720599511136;0.12334029918638326;0.11281420753161607;1.0972213022525965;9.999498034187447;0.83365445417686;1.0969878267693705;1.0973936756927245;0.759893577072591;-0.12567399710216604;0.7700370228819876
48.736929;1.0939489441338537;0.8333273115100501;0.7616728090687251;0.12334157505250967;0.11281506178651815;1.0972234307188795;9.999501090894102;0.8336555007031816;1.0969850350987735;1.097392903804543;0.7598937706944664;-0.12567399581021624;0.7700397618323306
48.746929;1.0939475840974549;0.8333271375317199;0.7616738602114501;0.12334168509147977;0.11281483756180052;1.0972254600573816;9.999504165715795;0.8336565175574017;1.0969822967364466;1.0973921121156855;0.7598938904338728;-0.12567399454335076;0.770042540213778
48.756929;1.0939461297551332;0.8333270642765666;0.761674895763575;0.12334179519182052;0.11281460110877957;1.0972273862800357;9.999507172183176;0.8336574996274713;1.09697961172432;1.0973912959547012;0.7598939384402019;-0.12567399330247314;0.770045350212441
48.766929;1.0939445918442603;0.83332674156312;0.7616755969568646;0.12334307155010704;0.11281541866472496;1.0972302071082085;9.999510020601935;0.8336584409912056;1.0969769817771382;1.097390446234829;0.7598939156529195;-0.12567499208803823;0.7700483463804975
48.776929;1.0939429806993066;0.8333268512495564;0.7616765876987843;0.12334318299763349;0.11281515916814946;1.0972319216060518;9.999512616024646;0.8336593358660197;1.0969744088914095;1.097389553219108;0.7598938217743509;-0.1256749909001903;0.7700511946998452
48.786929;1.093942262818071;0.8333278069673974;0.7616775790926075;0.12334318837273135;0.11281469184869003;1.097233530830605;9.999514877254938;0.8336601784166069;1.096971894830516;1.0973886089243332;0.7598936561346334;-0.12567498973877828;0.7700540513903539
48.796929;1.0939405232808028;0.8333280784269282;0.7616785095216202;0.12334330216376067;0.11281441099199513;1.0972350385729688;9.99951674419773;0.8336609623288358;1.096969441375365;1.097387606361048;0.7598934184233167;-0.12567598860361698;0.7700570716555594
48.806929;1.0939387222059518;0.8333280801100698;0.7616790913100712;0.12334458278130646;0.11281518582588433;1.0972364506684418;9.999518162997584;0.8336616815528527;1.096967049751814;1.0973865377007985;0.7598931090253422;-0.12567598749481396;0.7700599194862049
48.816929;1.0939368599400954;0.8333284951243422;0.7616799505240931;0.12334469845831124;0.11281488525699439;1.097237773223584;9.999519077310442;0.8336623317060496;1.096964719048751;1.0973853940420584;0.759892729005646;-0.12567598641251956;0.7700627476880602
48.826929;1.0939349372664118;0.8333289745584056;0.7616807696539675;0.12334481489495148;0.11281457544910439;1.0972390112280666;9.999519439316577;0.8336629107604476;1.0969624463082543;1.0973841672561073;0.7598912794366809;-0.12567598535629607;0.7700645592743838
48.836929;1.0939329551214516;0.8333291682317134;0.7616812300984201;0.12334609772606761;0.11281532250329473;1.0972401687030018;9.999519221172294;0.8336634186009662;1.0969602284071234;1.097382852347593;0.7598907606285247;-0.12567698432496158;0.7700674803724409
48.846929;1.0939309143073679;0.8333297562667885;0.7616819558829031;0.12334621504055776;0.11281499533703768;1.0972422493429888;9.999518410407449;0.8336638559179895;1.096958063327476;1.0973814477348423;0.7598901718085814;-0.12567698331698066;0.7700701884731984
48.856929;1.0939288166541352;0.8333303880631068;0.7616826296014948;0.12334633240532158;0.1128146604681109;1.097243255900454;9.999517002503172;0.833664223456478;1.096955951266256;1.0973799540966145;0.7598895111897377;-0.1256769823308226;0.7700728389531534
48.866929;1.093927625003199;0.8333318210438423;0.7616832797148771;0.12334634251556091;0.11281412190099488;1.097244189440055;9.999515007223545;0.8336645228881713;1.0969538957555756;1.0973783748440293;0.7598887764209563;-0.12567698136484487;0.7700754265173144
48.876929;1.0939254255490258;0.833332183103008;0.7616835361667914;0.12334762596669524;0.11281484004812477;1.0972450504655362;9.999512454134326;0.8336647590011127;1.096951902564221;1.0973767165992012;0.7598879650416531;-0.12567798041705378;0.7700781120669316
48.886929;1.0939231826769988;0.8333329225278765;0.7616840615393587;0.12334774439151923;0.11281448691322296;1.097245840508302;9.999509387311143;0.8336649403368496;1.096949976930481;1.097374987039778;0.7598870753247013;-0.12567797948534473;0.7700805698173426
48.896929;1.0939209028542543;0.8333336942580606;0.7616845483252837;0.12334786418633124;0.11281412846017046;1.0972465622746845;9.999505865807242;0.8336650765399799;1.0969481217386072;1.0973731929570023;0.7598861077745054;-0.1256779785679888;0.7700829656252953
48.906929;1.0939185931679967;0.8333344968358459;0.7616850038892451;0.1233479857079245;0.11281376473396365;1.0972472195328509;9.999501970304458;0.8336651754046381;1.096946337263525;1.0973713405954786;0.759885065243184;-0.12567797766392527;0.7700853032268796
48.916929;1.0939162606598045;0.8333349859292434;0.7616851209974616;0.12334927495057926;0.112814461524732;1.0972478175395004;9.999497799351579;0.8336652426587298;1.0969446216218524;1.09736943606928;0.7598839512385759;-0.1256789767726022;0.7700877498178741
48.926929;1.0939139131700497;0.8333358503084952;0.7616855349466419;0.12334940055161343;0.11281408740808241;1.097248362842929;9.99949345907789;0.833665283206129;1.0969429720907042;1.0973674845370405;0.7598827690804209;-0.12567897589342608;0.7700899826661789
48.936929;1.093911560744766;0.8333367494600189;0.7616859393811357;0.12334952889537797;0.11281370831109691;1.0972498622104676;9.999489060106905;0.8336653017745851;1.096941387664693;1.0973654889828823;0.7598815228474716;-0.1256789750255661;0.7700921676172919
48.946929;1.0939101751903013;0.8333381066503368;0.7616860581846819;0.12335071930429366;0.11281419334188784;1.097250320778263;9.999484716632104;0.8336653025579304;1.0969398702704247;1.0973634503208103;0.759879218296023;-0.12567897416826393;0.7700933194044112
48.956929;1.0939078512166858;0.8333390893291139;0.7616864709141916;0.12335085540903548;0.11281380531419533;1.0972507404458458;9.999480537827601;0.8336652886201158;1.0969384233025272;1.0973613699762683;0.7598778627072746;-0.12567997332102315;0.7700955748649492
48.966929;1.0939055582975368;0.833340122304904;0.7616869017814512;0.12335099645767665;0.11281341361050753;1.0972511209282183;9.999476614720045;0.8336652624412713;1.0969370507480747;1.0973592525182145;0.7598764643616566;-0.12567997248364995;0.7700976212820613
48.976929;1.0939033027184948;0.8333412113671307;0.7616873591640174;0.12335114292974468;0.11281301882534994;1.0972514617282962;9.999473011004742;0.8336652269377605;1.0969357575850878;1.0973571054452351;0.7598750319242034;-0.12567997165635594;0.7700996223498735
48.986929;1.0939010876942672;0.8333420174762944;0.7616875360726382;0.12335246086630164;0.11281368742815481;1.097251761911239;9.99946976431626;0.8336651847769441;1.0969345488547193;1.0973549374444262;0.7598735739084752;-0.12567997083964677;0.7701015785078913
48.996929;1.0938989139553021;0.8333432309436191;0.7616880671221014;0.12335261865285724;0.11281328893132989;1.0972520191322073;9.999466897111313;0.8336651368339294;1.0969334282049448;1.097352756695724;0.7598720990255005;-0.12568097003384185;0.7701036523672117
49.006929;1.0938967794546448;0.8333445096029393;0.7616886436968957;0.12335278213258624;0.11281289032485295;1.097252229216587;9.999464429918659;0.8336650825054902;1.0969323976621337;1.097350569935326;0.7598706171371772;-0.12568096923865046;0.7701055152482117
49.016929;1.0938946803785075;0.8333455105413148;0.7616889568539553;0.12335411724703808;0.11281355841005367;1.0972533859059437;9.999462393371049;0.8336650214480129;1.0969314581576912;1.0973483832718023;0.7598691390727347;-0.12568096845340657;0.7701073263167654
49.026929;1.0938935716934723;0.8333476837610355;0.7616896690734251;0.12335418532949767;0.1128129654699046;1.0972534817158859;9.999460835332373;0.8336649539802556;1.0969306104749386;1.0973462028882612;0.759867674360407;-0.12568196767795065;0.7701092438985907
49.036929;1.0938915297383274;0.8333491600074483;0.7616904122615867;0.12335436699268082;0.11281257180579995;1.0972535099430938;9.999459815047516;0.8336648795212741;1.0969298556148972;1.0973440343460639;0.7598662287636776;-0.12568196691313172;0.7701109372983609
49.046929;1.0938895076393016;0.8333507026847607;0.7616912193271366;0.1233545552333625;0.1128121812129164;1.0972534657638868;9.999459388230711;0.8336647952413616;1.0969291934265957;1.0973418822425713;0.7598648043641911;-0.12568196616030308;0.7701125661461722
49.056929;1.0938875016470426;0.8333519705440293;0.7616917787331192;0.12335591599013619;0.11281286015676428;1.0972533461380658;9.99945959716257;0.8336646965288352;1.0969286211443987;1.097339750450991;0.7598634012377365;-0.12568196542081533;0.7701141266718035
49.066929;1.0938855115409056;0.8333536541162643;0.7616927195978148;0.12335611760974016;0.11281247762640245;1.097253149871477;9.999460470729995;0.8336645782214537;1.0969281335898633;1.0973376423203494;0.7598610179626981;-0.12568296469621476;0.7701147912350322
49.076929;1.093883538517439;0.8333554111765933;0.7616937262220008;0.12335632578918776;0.11281209972910695;1.0972528772873285;9.999462028551738;0.8336644352918099;1.0969277236513415;1.0973355613546065;0.7598596519492397;-0.1256829639883556;0.770116202651807
49.086929;1.0938815840363443;0.8333572398282998;0.7616947963116657;0.12335654028098328;0.11281172688485443;1.0972525291943742;9.999464279219938;0.8336642634101352;1.0969273817240506;1.0973335114956473;0.7598583011669271;-0.12568296329886994;0.7701175345477609
49.096929;1.093879650640904;0.8333587918191059;0.7616956135539383;0.1233579266815277;0.11281242548522978;1.0972531066761424;9.999467212039029;0.83366405925855;1.0969270963719813;1.0973314956412858;0.7598569657505047;-0.1256829626285902;0.770118784977934
49.106929;1.0938787007015014;0.8333615111976067;0.7616968336297;0.12335804599591516;0.1128118678483129;1.097252612051289;9.99947078719178;0.8336638196775569;1.096926857967044;1.0973295142108004;0.7598556484181938;-0.12568396197758105;0.7701201164492399
49.116929;1.0938768181849465;0.8333635204921755;0.7616980833663277;0.12335827850367535;0.11281151438102417;1.0972520495136875;9.999474926812532;0.8336635411534974;1.0969266622334226;1.0973275660781554;0.7598543538449523;-0.12568396134558715;0.7701212039811455
49.126929;1.0938749638678953;0.8333655701753918;0.7616993930422628;0.12335851681061469;0.11281116877769061;1.0972514245325555;9.99947952168675;0.8336632213239142;1.0969265107309571;1.0973256501695305;0.7598530874097699;-0.12568396073228744;0.7701222144440832
49.136929;1.093873139776902;0.8333673026510171;0.7617004496169744;0.12335992635140028;0.11281189717163637;1.097250743080431;9.999484455759662;0.833662860023888;1.0969264091311584;1.097323765332206;0.7598518542296845;-0.12568396013714955;0.7701231525253015
49.146929;1.0938713482149398;0.8333693925895331;0.761701881249774;0.12336017487568783;0.11281156806246413;1.0972500115525519;9.999489625268833;0.8336624578135434;1.0969263649818928;1.0973219092175321;0.7598506584333565;-0.12568495955923337;0.7701241853569456
49.156929;1.093869590305049;0.8333714861879408;0.7617033725292432;0.12336042754510221;0.11281124690304678;1.0972492362760145;9.999494947134734;0.8336620143028197;1.0969263861912544;1.0973200773425693;0.7598495023494216;-0.1256849589973364;0.7701249883639799
49.166929;1.093867865775719;0.8333732322449869;0.7617046077846046;0.12336184959262161;0.11281199891868045;1.0972484226990302;9.999500363457276;0.8336615279586996;1.096926480509701;1.0973182627589992;0.7598483862413085;-0.12568495845035088;0.7701257243109909
49.176929;1.093866174368489;0.8333753124618789;0.7617062133994023;0.12336210899923396;0.11281169189419774;1.0972475755979527;9.999505835131705;0.8336609966146693;1.0969266554429304;1.0973164573124568;0.7598473092927964;-0.12568495791753703;0.7701263917640058
49.186929;1.0938645164436342;0.8333773785687888;0.7617078719847454;0.12336237156711659;0.11281139084410292;1.0972476990143185;9.999511327447916;0.8336604178564352;1.0969269185296475;1.0973146544949304;0.7598452713628754;-0.12568495739869479;0.7701260034006586
49.196929;1.093863851204675;0.8333801891187737;0.7617096079750539;0.12336253035070006;0.1128108981265889;1.0972467950291938;9.999516805456317;0.8336597888885453;1.0969272780189003;1.0973128515586574;0.7598442736409483;-0.12568595689413897;0.7701266959932724
49.206929;1.0938622588627087;0.833381871065777;0.7617110421424138;0.12336396618080171;0.11281167260543376;1.097245863248616;9.999522233910204;0.833659106615108;1.0969277433357618;1.0973110488078852;0.7598433178504452;-0.12568595640439909;0.770127157726082
49.216929;1.0938606957507082;0.8333838710964584;0.7617128234737254;0.12336424081913251;0.11281138480872267;1.097244901901053;9.99952756261709;0.8336583685346157;1.096928324122118;1.0973092473597066;0.7598424054983021;-0.1256859559299132;0.770127554371528
49.226929;1.0938591582736121;0.8333858444086731;0.7617146282178834;0.12336452087953657;0.11281109918278547;1.0972439097752296;9.99953270967394;0.8336575732521856;1.0969290288357212;1.0973074475144877;0.7598415373211367;-0.12568595547078;0.7701278898944907
49.236929;1.0938576425577988;0.8333877924858266;0.7617164468385689;0.12336480719711407;0.11281081415963269;1.097242887360714;9.999537565711666;0.833656719779149;1.096929865777803;1.097305648187817;0.7598407131531375;-0.12568695502655464;0.7701283312266152
49.246929;1.0938558624259949;0.8333892674424112;0.7617180558650977;0.12336550362630468;0.11281092591400801;1.0972418359406089;9.999542013114919;0.8336558065585724;1.0969308451996822;1.097303847948514;0.7598399329375087;-0.12568695459647644;0.7701285542907336
49.256929;1.0938543810605308;0.8333911743469028;0.7617198806873109;0.12336580397675083;0.11281063768295352;1.097240756013609;9.999545944776312;0.8336548312435066;1.0969319791835186;1.097302046765676;0.7598391973044459;-0.12568695417999573;0.7701287235562888
49.266929;1.0938529136018942;0.8333930641235947;0.7617217037146278;0.12336611120405055;0.11281034647824692;1.097239647153783;9.999549277393553;0.8336537907129017;1.0969332796282891;1.097300245689909;0.7598385066579075;-0.12568695377690053;0.7701288399813089
49.276929;1.0938514579235985;0.8333949367147954;0.7617235240823648;0.12336642456331133;0.11281005199006591;1.097239508912546;9.999551952824142;0.8336526806312511;1.0969347559993277;1.0972984448708145;0.7598378601100728;-0.1256879533871064;0.7701290678776409
49.286929;1.093850971769696;0.833397209434139;0.7617250560154354;0.12336780151071;0.11281062307638713;1.0972383411085858;9.99955392918484;0.8336514955510674;1.096936414310148;1.0972966432034197;0.7598372550511376;-0.12568795301069763;0.7701290824508087
49.296929;1.0938495362310077;0.8333990423128618;0.7617268682213688;0.12336812366717817;0.1128103224446401;1.0972371432241748;9.999555179322263;0.8336502300572538;1.0969382577902103;1.0972948403595242;0.7598366879573581;-0.12568795264813815;0.7701290496005312
49.306929;1.0938481102249482;0.8334008524857205;0.7617286731643161;0.12336844857870141;0.11281001953610395;1.0972359138009242;9.999555694976687;0.8336488797826596;1.096940287170911;1.0972930386996886;0.759836156112972;-0.12568795230004326;0.7701289735416458
49.316929;1.0938466932756066;0.8334026391152267;0.7617304674126384;0.12336877536223663;0.11280971514018437;1.0972346507417774;9.999555480094372;0.8336474415791703;1.096942499808909;1.0972912428622923;0.7598346573874755;-0.12568895196660837;0.770128036165522
49.326929;1.093845284576774;0.833404058829175;0.7617319328413913;0.12337026905409584;0.11281047586169908;1.0972333523055755;9.999554544218393;0.8336459131974606;1.0969448898763994;1.0972894577218484;0.7598341881756676;-0.1256889516473774;0.7701278894017146
49.336929;1.0938438835301199;0.8334058002924901;0.7617336936963204;0.12337059731272505;0.11281017095340712;1.0972320176150478;9.999552906329757;0.8336442932762909;1.0969474496620144;1.097287686838792;0.7598337429244522;-0.12568895134161875;0.7701277142309387
49.346929;1.093842490398461;0.8334075213014611;0.7617354310000064;0.12337092537650149;0.11280986682777788;1.097230646389706;9.999550592801576;0.833642581942965;1.0969501697117912;1.097285931921423;0.7598333146406774;-0.12568895104899805;0.770127514236302
49.356929;1.093841106420389;0.8334092226897519;0.7617371389076374;0.12337125272528186;0.1128095641710856;1.097229238274981;9.999547628642828;0.8336407813661945;1.096953038074328;1.097284192825514;0.759832894468986;-0.12568995076998507;0.7701274554482426
49.366929;1.0938397344805302;0.833410560057686;0.7617384969173169;0.12337274474326029;0.11281032964810976;1.097228791751223;9.999544034270867;0.8336388955490053;1.0969560406596495;1.0972824682749267;0.759832472030091;-0.1256899505056393;0.7701272135067669
49.376929;1.0938393393953099;0.8334129812513429;0.7617401571616931;0.12337296216739461;0.11280983596523787;1.0972273033747337;9.999539824148357;0.8336369293731055;1.0969591632729816;1.097280756581091;0.7598320367035614;-0.1256899502569964;0.770126952733822
49.386929;1.0938380115191617;0.8334146141359656;0.7617417430426714;0.12337328499051695;0.11280954407556608;1.0972257689690441;9.999535006544342;0.8336348878309858;1.0969623937103408;1.0972790549749836;0.7598315781832644;-0.1256899500246313;0.7701266732404556
49.396929;1.0938367213262563;0.8334162165994876;0.7617432801044036;0.12337360567284439;0.1128092583841895;1.097224185939381;9.999529590288752;0.8336327763874343;1.0969657220770945;1.0972773588832285;0.7598310870479015;-0.12569094980858522;0.7701265383418752
49.406929;1.093835481456423;0.8334174381586322;0.7617444496767589;0.12337508967221447;0.1128100458822589;1.0972225537874427;9.999523594952695;0.8336306020086351;1.096969139294107;1.0972756627098177;0.7598305557906491;-0.12569094960849267;0.7701262232143518
49.416929;1.0938343042674668;0.8334189588971544;0.761745874807185;0.12337540490720919;0.11280977602132823;1.097220872771898;9.999517056324851;0.8336283735537674;1.096972634983292;1.0972739605174182;0.7598299791932079;-0.12569094942386502;0.7701258947392031
49.426929;1.0938332000955107;0.8334204294108272;0.7617472363578542;0.12337571682016162;0.112809515220369;1.0972191424663331;9.999510021840589;0.833626101291187;1.0969761966017761;1.0972722459052902;0.7598293539990321;-0.125690949254251;0.7701255582881162
49.436929;1.0938321760169902;0.8334218462293919;0.7617485305241025;0.12337602500033147;0.11280926386858346;1.0972173605103297;9.99950253890641;0.833623796343679;1.0969798109435043;1.0972705120425392;0.7598286789072133;-0.12569094909905545;0.7701252201086578
49.446929;1.0938312354085933;0.8334228634828607;0.7617494399234003;0.12337749475739353;0.11281008795216789;1.097215522367561;9.999494648817606;0.8336214699132642;1.0969834660622138;1.097268751265137;0.7598269546696118;-0.12569194895740518;0.7701240634375669
49.456929;1.0938303780977998;0.8334241661405136;0.7617505906781111;0.12337779386287444;0.11280985619099207;1.0972146225504196;9.999486390599255;0.833619132187852;1.0969871509177445;1.0972669546315772;0.7598261830850073;-0.1256919488283575;0.770123741943503
49.466929;1.093830560670805;0.8334261696600672;0.7617516976130313;0.12337798033296696;0.1128094376573505;1.0972126554768948;9.999477805069626;0.8336167916623753;1.0969908539604512;1.0972651134628126;0.7598253661115736;-0.1256919487113678;0.7701234386792278
49.476929;1.0938298614587876;0.8334273458515136;0.7617527043627876;0.12337826813060998;0.11280922616234082;1.097210615155872;9.999468934762632;0.8336144543220654;1.096994563268341;1.0972632217644136;0.7598245066068732;-0.1256919486067448;0.7701231589789022
49.486929;1.0938292368935691;0.8334281132706957;0.7617533278072749;0.12337971560214983;0.11281008986081377;1.0972084943304277;9.99945982015356;0.833612122764458;1.0969982668353917;1.0972612770876329;0.7598236092257586;-0.1256929485157539;0.7701230708836406
49.496929;1.0938286848985321;0.8334291624762948;0.7617541967452123;0.12337999120504743;0.11280989606543128;1.0972062840356074;9.999450492207844;0.8336097966106318;1.0970019519077108;1.0972592801353571;0.7598226799869294;-0.12569294844030052;0.7701228519231847
49.506929;1.0938282029354096;0.8334301561328245;0.7617549969360224;0.1233802611285935;0.11280970915570197;1.097203974626223;9.999440970502953;0.8336074739606574;1.0970056061388571;1.0972572334685493;0.7598217248075289;-0.1256929483825264;0.7701226666411497
49.516929;1.0938277867951605;0.8334311022264892;0.7617557293142376;0.12338052582616292;0.11280952766912082;1.0972015570515448;9.999431274178313;0.8336051528179209;1.09700922053979;1.0972551390192449;0.7598207484747196;-0.12569294834458974;0.7701225140244214
49.526929;1.0938274305237348;0.8334316646093278;0.7617560811044182;0.12338195161413364;0.11281041583106201;1.0971990231905302;9.999421441548582;0.8336028319463761;1.0970127904633262;1.097252995730303;0.7598197553636741;-0.12569294832849878;0.7701223933712344
49.536929;1.0938271274200708;0.8334325367181614;0.7617566820875564;0.12338220721549786;0.11281024062922367;1.097196366332635;9.999411546450212;0.8336005110600159;1.0970163135197954;1.0972507993126948;0.7598187509580551;-0.12569394833597003;0.7701224687101018
49.546929;1.0938268710292909;0.8334333787345909;0.7617572200688815;0.12338245851528519;0.11281006652858183;1.0971935819278267;9.999401692381673;0.8335981902973126;1.0970197865205797;1.0972485441402966;0.7598177421745885;-0.1256939483685801;0.7701224143931196
49.556929;1.0938276143610632;0.8334349547963458;0.7617577276320789;0.1233825979980633;0.11280969543114566;1.0971916675227333;9.999391987445405;0.833595869209521;1.097023203636708;1.0972462249106283;0.7598167362560675;-0.12569394842799703;0.7701223932278296
49.566929;1.0938274330225177;0.833435395476085;0.7617578371811445;0.12338400565536786;0.11281058574057284;1.097188622268923;9.999382526348612;0.8335935463940627;1.0970265568333266;1.097243836870409;0.7598157393673192;-0.12569394851590304;0.7701224047688542
49.576929;1.0938272804315536;0.8334361483395523;0.7617582124132048;0.12338424258189949;0.11281040764649043;1.0971854467588102;9.999373382934163;0.8335912204864352;1.0970298377536356;1.0972413754201855;0.759814755537746;-0.12569494863372468;0.7701226127579546
49.586929;1.0938271512417395;0.8334368648573881;0.7617585457803089;0.1233844749659118;0.11281022555708559;1.0971821421968468;9.999364605129598;0.8335888913402245;1.0970330394873968;1.0972388354982916;0.7598127865610924;-0.12569494878230011;0.7701217047505289
49.596929;1.0938270418609621;0.8334375382221633;0.7617588436242544;0.12338470336214404;0.11281003833262453;1.0971787088945284;9.999356220488838;0.8335865597962765;1.0970361578671417;1.0972362114620349;0.7598118334166757;-0.12569494896152333;0.7701218166184635
49.606929;1.093826952269799;0.8334381610758356;0.7617591112877259;0.12338492833359871;0.11280984514635345;1.097175146189959;9.999348252374899;0.8335842270323021;1.0970391916850744;1.097233498078264;0.759810897608679;-0.12569494917028307;0.770121960427585
49.616929;1.093826886024111;0.8334383838347174;0.7617590381965731;0.12338631619483467;0.11281071114426307;1.0971714536836301;9.999340734102978;0.8335818951950796;1.0970421414776583;1.0972306915426124;0.7598099807041914;-0.12569594940692583;0.7701222981455691
49.626929;1.0938268486341995;0.8334388915198995;0.7617592549373423;0.12338653565915021;0.11281050428825275;1.09716763164399;9.999333713380016;0.8335795677134649;1.097045008342897;1.097227789802865;0.759809083458061;-0.12569594966989894;0.7701225021108915
49.636929;1.0938268458383997;0.8334393424153252;0.7617594494652975;0.12338675282141312;0.11281028983871498;1.0971636802993634;9.99932724289619;0.8335772480092066;1.0970477933740364;1.097224792837039;0.7598082059260037;-0.1256959499579768;0.7701227333609126
49.646929;1.0938278412550342;0.8334405045982309;0.761759653640357;0.12338686062076544;0.11280987027206586;1.0971605990300328;9.99932136519882;0.8335749388746266;1.0970504972979547;1.0972217031015368;0.7598073476427665;-0.12569595027007652;0.7701229885743086
49.656929;1.0938279186148574;0.833440516031462;0.7617594975901709;0.12338823947833501;0.1128107045150651;1.097156386305205;9.999316107505011;0.8335726437263685;1.097053120478982;1.0972185253970466;0.7598065074923055;-0.12569595060496155;0.7701232641764674
49.666929;1.0938280367400242;0.8334408341180318;0.7617596413650723;0.12338845066419483;0.11281046340934577;1.097152040644054;9.99931148000295;0.8335703677612445;1.0970556628725783;1.0972152658662406;0.7598056839629028;-0.12569695096104938;0.7701237202845299
49.676929;1.093828192563998;0.8334411239456632;0.7617597733039412;0.12338866020796384;0.11281021209928171;1.0971475618517916;9.999307471892038;0.8335681175684814;1.097058123490389;1.097211930947249;0.7598048759607154;-0.1256969513366087;0.7701240280544103
49.686929;1.0938283802404414;0.8334413959957797;0.7617598957172108;0.12338886814789723;0.11280994994524422;1.0971429512677189;9.999304061700075;0.8335659002926094;1.0970605001360754;1.0972085270663874;0.7598040836653878;-0.12569695173012807;0.7701243491199639
49.696929;1.0938285930858747;0.8334413171705207;0.7617596965308837;0.12339024012036849;0.1128107419966631;1.0971382104918854;9.999301229799915;0.8335637233217448;1.0970627903830024;1.0972050602422734;0.7598033084638631;-0.12569695214040605;0.7701246823214319
49.706929;1.0938288262873292;0.8334415846882065;0.7617598065802771;0.1233904442435596;0.11281045620852907;1.097133340710589;9.99929894362571;0.8335615940862444;1.0970649932566179;1.0972015348584072;0.7598025523769362;-0.12569695256642033;0.7701250255755683
49.716929;1.0938290774716202;0.833441863570143;0.7617599143697938;0.12339064636199598;0.11281015825508557;1.0971283440656743;9.999297137350885;0.8335595200887084;1.0970671097478684;1.0971979530977964;0.7598008177324278;-0.12569795300712952;0.7701245507770413
49.726929;1.093829345210417;0.8334421602392763;0.761760023028293;0.12339084683932726;0.11280984840695057;1.097123224761571;9.999295717037263;0.833557509281568;1.097069142144916;1.0971943156395452;0.7598001061057328;-0.1256979534614675;0.7701248962983297
49.736929;1.0938296276983839;0.8334421350109771;0.7617598223318824;0.12339221223902824;0.1128105927915006;1.0971179890469742;9.999294579590792;0.8335555702928482;1.0970710945495448;1.0971906222781267;0.7597994168897055;-0.12569795392856692;0.7701252279133227
49.746929;1.093830881915359;0.8334432415740974;0.7617599745131007;0.12339230465437317;0.11281006337494154;1.0971136446020198;9.99929363129402;0.8335537119157735;1.0970729743027596;1.0971868718687492;0.7597987471492949;-0.1256979544077848;0.7701255349358629
49.756929;1.0938311879247646;0.83344361500717;0.7617601119694153;0.12339250547064701;0.11280972042959732;1.097108198716073;9.999292799532634;0.8335519416955631;1.097074791312478;1.09718306201521;0.7597980924757786;-0.12569895489850744;0.7701259717261242
49.766929;1.0938315049343665;0.8334440211542434;0.7617602688320205;0.12339270857487186;0.11280936791224884;1.0971026566217292;9.999292034981279;0.833550265502211;1.0970765562038207;1.0971791895192227;0.7597974475698318;-0.1256989554000697;0.770126204800585
49.776929;1.093831833848331;0.833444462086212;0.7617604499111109;0.12339291499603401;0.11280900684356207;1.0970970215022795;9.99929131245158;0.8335486891896522;1.097078280369521;1.0971752524273708;0.7597968061814726;-0.12569895591170002;0.7701263912388029
49.786929;1.0938321751326119;0.8334445952084936;0.7617603448237271;0.12339429135977956;0.11280970407696526;1.097091294986623;9.999290627579857;0.8335472195304944;1.0970799763068093;1.0971712522380699;0.7597961610902333;-0.12569895643239076;0.7701265250554874
49.796929;1.0938325292854552;0.8334451079749277;0.7617605832276315;0.12339450644491427;0.11280932928704943;1.097085477019455;9.999289988362706;0.833545862896499;1.097081655993396;1.09716719333567;0.7597955045596466;-0.12569895696107744;0.7701266011383843
49.806929;1.0938328981044056;0.8334456558057842;0.7617608492327369;0.12339472617121282;0.11280894951618037;1.0970795654840417;9.999289413609342;0.8335446241699469;1.097083329204449;1.0971630800430234;0.759794828906056;-0.12569995749716037;0.7701267797130674
49.816929;1.0938332845428995;0.8334462369397235;0.7617611404016034;0.1233949503363834;0.1128085660611214;1.0970735564652905;9.999288932264207;0.833543507267488;1.0970850028623493;1.0971589151377916;0.7597941268364101;-0.12569995804076967;0.7701267331560178
49.826929;1.0938336915867553;0.833446504882611;0.761761142076373;0.12339634440700836;0.11280924588142542;1.097067445518384;9.999288569988874;0.8335425161052039;1.0970866801451238;1.0971547009488019;0.7597933910988588;-0.12569995859244124;0.7701266239751812
49.836929;1.0938341216235359;0.8334471439664428;0.7617614850868545;0.12339657629345427;0.1128088584960161;1.0970612291119815;9.999288331036267;0.8335416547141012;1.097088359742825;1.0971504405664432;0.7597926138368326;-0.1256999591525571;0.7701264510511142
49.846929;1.0938355356495935;0.8334485701878092;0.7617618885676884;0.12339670411605247;0.11280827375485972;1.0970559059150415;9.999288190223888;0.8335409263686121;1.0970900366365832;1.0971461379845922;0.7597917871517691;-0.12569995972113807;0.7701262127247688
49.856929;1.0938360170213508;0.8334492546246431;0.7617622984249791;0.12339694166947565;0.11280788671147686;1.0970494778449944;9.999288099194487;0.8335403329032645;1.0970917042372499;1.097141798108457;0.7597909049872121;-0.12570096029787167;0.7701260700878643
49.866929;1.0938365273185209;0.8334499548970995;0.7617627473045541;0.12339718074789356;0.11280750164131319;1.0970429496912868;9.999288003407685;0.8335398740298994;1.097093356630138;1.0971374267129963;0.7597889643536858;-0.1257009608819236;0.7701247074095098
49.876929;1.0938370697420503;0.833450321406636;0.7617629238043696;0.1233985858429794;0.11280818527011142;1.0970363281441515;9.999287855709431;0.8335395460683527;1.0970949893931485;1.0971330295712638;0.759787964566436;-0.12570096147170923;0.7701242584025592
49.886929;1.0938376476956728;0.8334510350320412;0.7617634583458043;0.12339882378950338;0.11280780669248604;1.0970296220611104;9.999287612013816;0.833539342326402;1.0970965981015028;1.097128611687467;0.7597869057009574;-0.1257009620645982;0.7701237353339243
49.896929;1.0938382646722944;0.8334517454937954;0.7617640375279763;0.12339905903529538;0.11280743204118603;1.0970228430919913;9.999287218096448;0.833539255562042;1.0970981764884464;1.0971241779666518;0.7597857877549586;-0.1257019626566391;0.7701233029269344
49.906929;1.0938389249327698;0.8334524474522029;0.7617646611303444;0.12339929037276719;0.1128070616667263;1.0970160051979718;9.999286605856389;0.8335392793099763;1.0970997172496666;1.0971197342853432;0.759784610369996;-0.12570196324311492;0.7701226388176449
49.916929;1.0938396334727205;0.8334527934920832;0.7617650146771996;0.12340068256661392;0.11280776178373275;1.0970091231632373;9.999285703273813;0.8335394071149782;1.0971012140615242;1.097115287346003;0.7597833726456241;-0.12570196381957235;0.7701219119698018
49.926929;1.0938403945304702;0.8334534675671403;0.7617657263533462;0.12340090297452694;0.11280740134503782;1.0970022117190619;9.99928445362277;0.8335396314411788;1.0971026622609767;1.0971108432329473;0.759782073127367;-0.1257019643821522;0.7701211285592979
49.936929;1.0938412100862018;0.8334541209365798;0.7617664809110334;0.12340111654368054;0.11280704645048459;1.096995286293776;9.999282833296697;0.8335399432182196;1.0971040594868833;1.0971064060926934;0.7597807102063612;-0.12570196492736008;0.7701202946556137
49.946929;1.093843038793942;0.8334555089654778;0.7617673057542735;0.12340121527435635;0.11280650037632488;1.096989364002359;9.999280857794462;0.8335403319689187;1.097105406849624;1.0971019784161518;0.7597792830464086;-0.1257029654519903;0.7701195798169047
49.956929;1.0938439594150808;0.8334560979009801;0.7617681406653902;0.1234014129024438;0.11280615729753207;1.09698246356248;9.999278575494913;0.8335407862038778;1.0971067088957631;1.0970975618898315;0.7597777926804913;-0.12570296595319905;0.7701186648121999
49.966929;1.0938449256727052;0.8334562985670915;0.761768698136789;0.12340276726962451;0.11280688667812065;1.096975603828285;9.9992760550649;0.8335412938627588;1.0971079719987007;1.0970931570546545;0.7597762423823297;-0.12570296642858889;0.7701177212481888
49.976929;1.0938459296835648;0.8334567921763715;0.7617696030820412;0.12340294584193538;0.11280655798597247;1.0969688017251331;9.999273369085204;0.8335418428823423;1.0971092025605778;1.0970887625214298;0.759774636712625;-0.12570296687629604;0.77011675846469
49.986929;1.093846962312679;0.8334572317659339;0.7617705368490233;0.12340311357414532;0.11280623816136533;1.0969620718213111;9.999270572845306;0.8335424215869074;1.0971104063066432;1.0970843750098689;0.7597729797898256;-0.1257029672948505;0.7701157865952746
49.996929;1.0938480146286111;0.8334576172115332;0.7617714940302138;0.12340326973497887;0.11280592837552968;1.096955427915354;9.999267692104302;0.8335430184906325;1.0971115883487523;1.0970799905746442;0.7597712745251198;-0.12570396768289316;0.7701149798096409
50.006929;1.0938490789234177;0.8334576067383005;0.7617721543428553;0.12340457973815216;0.11280669542377346;1.0969488850198668;9.999264731829014;0.8335436224424727;1.0971127527941937;1.0970756066631127;0.7597695237858617;-0.1257039680390453;0.7701140227285634
50.016929;1.093850149290759;0.8334578905221182;0.7617731399335363;0.12340471173462104;0.11280640869180374;1.0969424604016613;9.999261688971183;0.8335442237592346;1.097113901711761;1.0970712231630309;0.7597667319087383;-0.12570396836181305;0.7701121018982862
50.026929;1.093851221418932;0.833458128040015;0.7617741302539791;0.12340483139738542;0.11280613474137678;1.0969361725567355;9.999258554328097;0.8335448151558159;1.097115034859299;1.097066841631587;0.7597649047590207;-0.1257039686495228;0.7701111984286497
50.036929;1.0938522912751607;0.8334583232232246;0.7617751186952055;0.12340493854570013;0.1128058743286637;1.096930039229608;9.999255311166364;0.8335453916830121;1.0971161508604943;1.0970624638032056;0.7597630484799806;-0.12570396890050348;0.7701103317015369
50.046929;1.093854313671291;0.8334592442516526;0.761776127571539;0.12340492593165231;0.1128054313662949;1.096924077150968;9.99925193892563;0.8335459498321879;1.0971172482708125;1.0970580901149996;0.7597611683538442;-0.12570496911346798;0.7701096700573044
50.056929;1.0938553673465288;0.8334590299573224;0.76177677788425;0.1234061739994259;0.11280626644050505;1.0969193029906654;9.999248420749554;0.833546486594738;1.0971183260853792;1.097053719114244;0.7597592689835526;-0.1257049692880501;0.7701088929720366
50.066929;1.0938564124085794;0.8334591396570458;0.7617777211784874;0.12340624404046359;0.11280605204185266;1.09691373288818;9.99924475038052;0.8335469998501246;1.0971193841683973;1.097049348475891;0.7597573554952523;-0.12570496942507733;0.7701081707798938
50.076929;1.0938574539742973;0.8334592392020236;0.7617786361768368;0.12340630193972744;0.11280585482400034;1.0969083811204292;9.999240928824456;0.8335474894669745;1.0971204225388353;1.097044977024921;0.7597554348347991;-0.12570496952596386;0.7701075110258228
50.086929;1.093858500081202;0.8334593378105364;0.761779513639591;0.12340634750104759;0.11280567564669776;1.096903260523965;9.99923694915053;0.8335479571297795;1.0971214403846734;1.0970406064291478;0.7597535163914743;-0.12570496959173263;0.7701069219366555
50.096929;1.0938595589697793;0.8334591005828987;0.7617800287977345;0.12340754610381476;0.1128065809838015;1.0968983838293491;9.999232790944994;0.8335484049419044;1.0971224367643133;1.0970362410985484;0.759751611057284;-0.12570596962264377;0.7701065762067109
50.106929;1.0938606358498455;0.8334592232476737;0.7617807997453848;0.12340756551523106;0.11280643976469068;1.0968937637484693;9.999228434913958;0.8335488343666293;1.0971234124838647;1.0970318857380716;0.7597497293827858;-0.12570596961847116;0.7701061572412131
50.116929;1.0938617326776;0.833459369523495;0.761781503125287;0.12340757109011859;0.11280631801618442;1.0968894127818316;9.999223876658542;0.8335492465926828;1.0971243715804118;1.0970275429519054;0.7597478810364133;-0.1257059695790072;0.7701058372384096
50.126929;1.0938628508043313;0.8334595450638067;0.7617821306762329;0.12340756240490261;0.11280621596373158;1.096885343651374;9.999219124484345;0.8335496439007019;1.097125320575476;1.0970232138944422;0.7597460755551296;-0.12570596950433738;0.7701056237774557
50.136929;1.0938639924438596;0.8334597527994075;0.7617826742214354;0.12340753896381702;0.11280613377637679;1.0968815688879112;9.99921418903203;0.8335500309209841;1.097126265610573;1.0970188999942763;0.7597443224248711;-0.12570596939474743;0.7701055229632839
50.146929;1.0938651603099854;0.8334596487922936;0.761782811045335;0.1234086660330029;0.11280713721829363;1.0968780987367033;9.999209076934036;0.8335504151427386;1.0971272101585654;1.0970146024413685;0.7597426302892435;-0.12570696925060967;0.7701057022017371
50.156929;1.0938673166105066;0.8334606798562716;0.7617831899754073;0.12340850433734835;0.1128068976052982;1.0968759391249419;9.999203797782219;0.8335508057517873;1.097128154947806;1.097010321068553;0.7597410062449651;-0.12570696907242326;0.7701058368127454
50.166929;1.0938685463573752;0.8334609713692459;0.7617834303395199;0.1234084342102927;0.1128068741179113;1.0968730914758444;9.999198379387861;0.8335512113617161;1.0971290994306155;1.0970060550183738;0.7597384557399688;-0.125706968860792;0.7701051033988525
50.176929;1.0938698122325414;0.8334612786093178;0.7617835549943894;0.12340834872788328;0.11280686926245172;1.0968705537342647;9.99919286768868;0.8335516389446102;1.0971300426957573;1.0970018039216154;0.7597369831348877;-0.12570696861624034;0.7701054743237505
50.186929;1.0938711180095049;0.8334615936704839;0.761783559704746;0.12340824801971767;0.11280688241237428;1.0968683214630008;9.999187311361078;0.8335520940770806;1.0971309832550409;1.0969975676705876;0.7597355923246167;-0.12570696833906278;0.7701059615033689
50.196929;1.0938724681552838;0.8334615646898695;0.7617831272677278;0.12340929777733738;0.11280797857240914;1.0968663887598296;9.999181760513634;0.8335525807497856;1.0971319198325926;1.0969933457539989;0.759734286870096;-0.12570796802937945;0.770106724901957
50.206929;1.0938738678386912;0.8334618703675962;0.761782884201903;0.12340916593007166;0.11280802540540169;1.0968647490116823;9.999176276644157;0.8335531003775029;1.0971328533531695;1.0969891376405076;0.7597330696103172;-0.12570796768724268;0.7701074319851594
50.216929;1.093875322280557;0.8334621587407381;0.7617825164951173;0.12340901768986057;0.11280808799902266;1.0968633954615754;9.99917092832081;0.8335536513068947;1.0971337870962627;1.0969849430113547;0.7597319422818404;-0.12570796731277592;0.7701082377251262
50.226929;1.093876835084188;0.8334624237209531;0.7617820268281233;0.12340885231736168;0.11280816582517773;1.0968623211106456;9.999165779064274;0.8335542301293861;1.0971347242968168;1.0969807611903364;0.7597309053837542;-0.1257079669065088;0.7701091333392523
50.236929;1.093878406202576;0.8334626618540996;0.7617814193039524;0.1234086691146785;0.11280825830834629;1.096861517879598;9.999160880912807;0.8335548340904159;1.0971356657649234;1.096976591172582;0.7597299575581041;-0.12570796646960913;0.7701101101820301
50.246929;1.0938800310570402;0.8334625280669747;0.7617803836547059;0.12340963336820492;0.11280943050593882;1.0968609763910626;9.99915626936813;0.833555461863665;1.0971366087549452;1.0969724326343162;0.7597290951495014;-0.12570896600385034;0.7701113227872823
50.256929;1.0938817016863984;0.8334627094758067;0.7617795514076032;0.12340941309459154;0.11280955010804754;1.0968606867505406;9.999151962363417;0.8335561121539588;1.0971375475785843;1.0969682871035888;0.7597283132845007;-0.12570896551146987;0.7701124361033075
50.266929;1.093884368186386;0.8334636247677829;0.7617786401685237;0.12340906691640224;0.1128094850650372;1.0968606384842439;9.999147966068966;0.833556782683466;1.0971384763374559;1.0969641582947527;0.7597276073088781;-0.12570896499480985;0.7701136052258041
50.276929;1.0938861036261827;0.8334637483974161;0.7617775941000257;0.12340880951838792;0.1128096282430478;1.0968618195899467;9.999144279660166;0.8335574703620099;1.0971393910233496;1.0969600513775226;0.75972697342096;-0.1257089644561532;0.7701148226151118
50.286929;1.093887859628716;0.8334638431823171;0.7617764441107254;0.12340853411196788;0.11280978166701823;1.0968622169738016;9.99914090115304;0.8335581716471133;1.0971402888724289;1.0969559726187639;0.7597264091372954;-0.1257089638981509;0.7701160812345282
50.296929;1.0938893458239487;0.8334634595102788;0.7617749744175419;0.12340864456185763;0.11281034215372866;1.0968628185137386;9.999137835206477;0.8335588828978088;1.0971411677472784;1.096951929938333;0.7597259133529484;-0.1257099633239888;0.7701175375226629
50.306929;1.0938911185592615;0.8334635011357464;0.7617736127040775;0.12340833521471985;0.11281051322792197;1.0968636149886863;9.999135096278884;0.8335596002795044;1.0971420271728993;1.096947932401706;0.7597254856315774;-0.12570996273678695;0.7701188585581871
50.316929;1.0938928840906539;0.8334635182270694;0.7617721410883387;0.12340800993646983;0.11281069163434256;1.0968646003752858;9.999132710491297;0.8335603193940805;1.097142868338926;1.096943988132722;0.7597251255683103;-0.12570996213896718;0.7701202016675672
50.326929;1.093894630443447;0.8334635103694249;0.7617705598650837;0.12340766901725692;0.11281087626453183;1.0968657697783752;9.999130711657351;0.8335610356214396;1.0971436925344589;1.0969401031644934;0.7597238318574597;-0.1257099615321249;0.7701205743231855
50.336929;1.0938963446894328;0.8334634761698099;0.7617688722978947;0.12340731246911026;0.1128110659815806;1.0968671162906802;9.999129126783311;0.8335617449409868;1.0971445000369138;1.0969362817734505;0.759723600823985;-0.12570996091726883;0.7701219431311678
50.346929;1.0938980132961744;0.8334630706431461;0.7617667689659088;0.12340810598572399;0.11281232548373667;1.0968686293558418;9.999127966710457;0.8335624450536124;1.0971452895111302;1.0969325266814045;0.7597234265308375;-0.12570996029506887;0.7701233149248445
50.356929;1.0938996238664431;0.8334629808788449;0.7617648831969726;0.1234077176000965;0.11281252236481998;1.0968702951339475;9.99912722914051;0.8335631365852966;1.0971460577217698;1.0969288400148531;0.7597233024561688;-0.12571095966596052;0.7701248472140124
50.366929;1.0939011668692666;0.8334628633094724;0.7617629051537295;0.12340731274605002;0.1128127216245087;1.0968720978471904;9.99912689957692;0.8335638230026887;1.0971468003585165;1.096925224787648;0.7597232222878466;-0.12571095903034166;0.7701262088265842
50.376929;1.093903595209675;0.8334634795153305;0.7617608679302423;0.12340678382606646;0.11281272559083227;1.0968740216363417;9.999126945525362;0.8335645086943505;1.097147513628734;1.0969216842288485;0.7597231800913467;-0.12571095838902396;0.7701275593332197
50.386929;1.0939049877750655;0.8334633017147135;0.7617587174478458;0.1234063450361396;0.11281292737841325;1.0968770514102766;9.999127319639515;0.8335651967301748;1.0971481951453288;1.096918220630009;0.7597231710224627;-0.12571095774369032;0.770128895624399
50.396929;1.0939063056192242;0.8334627464783813;0.7617561737951306;0.12340705490255878;0.11281419509743067;1.0968791716928348;9.999127972117183;0.8335658883286904;1.0971488434792913;1.0969148362485672;0.7597231917574923;-0.1257109570970112;0.770130214443025
50.406929;1.0939075554767481;0.8334625002580578;0.7617538710835324;0.12340658172897412;0.11281439663118309;1.0968813663205292;9.9991288592212;0.8335665837869376;1.0971494572561826;1.0969115345108273;0.7597232400259913;-0.12571195645240604;0.7701316762113991
50.416929;1.0939087465697768;0.8334622197358881;0.761751500828664;0.12340609151744715;0.11281459726635362;1.0968836209403752;9.999129951709428;0.8335672829968711;1.097150034418976;1.096908320624382;0.7597233139301736;-0.1257119558137176;0.7701329531494558
50.426929;1.0939098868951773;0.8334619070811483;0.7617490689535177;0.12340558474539488;0.11281479650542611;1.0968859254535392;9.99913124005917;0.8335679852252421;1.0971505715083152;1.096905201951349;0.7597234113637017;-0.12571195518490105;0.7701342088006512
50.436929;1.0939109813529044;0.8334615666913197;0.7617465823384351;0.12340506214061475;0.11281499370931118;1.0968882740217503;9.999132723298677;0.8335686893283262;1.0971510636121808;1.0969021868604791;0.7597235296186682;-0.12571195456962983;0.7701354450032881
50.446929;1.093912032054171;0.8334608608035465;0.7617437346853784;0.1234056903713114;0.11281625392216302;1.0968906640619605;9.999134396944283;0.8335693946813585;1.0971515056876902;1.0968992828953898;0.7597236661948569;-0.12571195397098206;0.7701366650316352
50.456929;1.0939130391104774;0.8334604832339891;0.7617411618180887;0.1234051387291681;0.1128164449742995;1.0968930960880472;9.99913625652632;0.8335701014062463;1.0971518942014533;1.096896496880866;0.759723819978962;-0.12571295339146715;0.7701380361235381
50.466929;1.0939140015342304;0.8334600965674074;0.7617385543673236;0.1234045742952019;0.11281663205698794;1.0968955738589683;9.999138303394503;0.8335708093143446;1.0971522281122827;1.0968938361602631;0.7597239905444856;-0.12571295283321382;0.7701392359540342
50.476929;1.093914918443013;0.8334597064001805;0.7617359146005123;0.1234039985156329;0.11281681461216804;1.0968981036843903;9.999140546118069;0.8335715172901759;1.0971525092113363;1.0968913085311427;0.7597241765897786;-0.12571295229793647;0.7701404317330317
50.486929;1.0939167491159205;0.8334600793451363;0.7617332736332777;0.12340330565613508;0.11281679510336262;1.0969006932017653;9.999143003944601;0.8335722238626869;1.097152740564198;1.0968889206804393;0.7597233754493317;-0.1257129517867256;0.7701406399857182
50.496929;1.093917575940844;0.8334593487250984;0.7617302618477875;0.1234038774758124;0.11281803243903023;1.0969043496641915;9.999145710801718;0.8335729272625033;1.0971529231760868;1.0968866767529826;0.7597235827674056;-0.12571295129999854;0.7701418355956025
50.506929;1.0939183584663321;0.8334589655695035;0.7617275401448653;0.12340327663893276;0.11281819738890426;1.0969070776027618;9.99914871176601;0.8335736245783008;1.0971530546013828;1.0968845785582493;0.759723792003527;-0.1257129508375977;0.7701430320062806
50.516929;1.093919096358157;0.8334585854021397;0.761724797685143;0.12340267047006173;0.11281835494886902;1.0969098771625538;9.99915205048596;0.8335743115527354;1.0971531307363436;1.0968826267551697;0.7597239954240571;-0.12571395039883854;0.7701443907074685
50.526929;1.0939197895134267;0.8334582051664335;0.76172203838204;0.12340206016898111;0.11281850430050815;1.0969127438004462;9.999155759914338;0.8335749829905638;1.097153147696352;1.0968808213196455;0.7597241858551669;-0.1257139499825937;0.7701455818876616
50.536929;1.093920439324494;0.8334578204849562;0.7617192672461174;0.12340144667476714;0.11281864462866383;1.0969156691572817;9.999159864717562;0.8335756330740017;1.097153102658961;1.096879161272127;0.7597243570582937;-0.12571394958741255;0.77014676376829
50.546929;1.0939210491682658;0.833457082541459;0.7617161758601892;0.12340199671224232;0.11281984113533987;1.0969186430170905;9.999164391700091;0.8335762560095926;1.097152995049254;1.0968776445753792;0.7597245036655782;-0.12571394921153148;0.7701479294986386
50.556929;1.0939216242118883;0.8334566719663228;0.7617133984596711;0.12340137952744172;0.11281996207636005;1.0969216547608063;9.99916937566264;0.833576846742411;1.0971528272303532;1.0968762684569862;0.7597246216523506;-0.12571394885300372;0.7701490710939051
50.566929;1.0939221714545466;0.8334562362556618;0.7617106266663715;0.12340076191519768;0.11282007316342042;1.0969246933100472;9.999174852258006;0.8335774009661001;1.097152603115328;1.096875029351185;0.75972470803396;-0.12571494850995388;0.7701503434711581
50.576929;1.0939226998047042;0.8334557658438816;0.7617078667420626;0.12340014488617018;0.11282017438029422;1.096927746991169;9.999180854428982;0.8335779146079588;1.0971523261361278;1.0968739220945771;0.7597247600398508;-0.1257149481806454;0.7701514115696072
50.586929;1.0939232194504274;0.8334552517652625;0.7617051254870086;0.12339952952509436;0.11282026576955473;1.0969308042513828;9.999187422177496;0.8335783833400563;1.097151998809149;1.0968729404296085;0.7597247752260275;-0.12571494786348317;0.770152430090547
50.596929;1.0939237410473932;0.8334543425376653;0.761702095734344;0.12340008268588719;0.11282141327254674;1.0969338546380683;9.999194610373804;0.8335788028293275;1.0971516230620852;1.0968720786876212;0.7597247526849077;-0.12571494755713475;0.7701533916930337
50.606929;1.0939252349014557;0.8334544818225721;0.7616994419470493;0.12339936633637247;0.11282128867146606;1.0969368891792695;9.999202487188201;0.8335791699019264;1.0971511993551275;1.0968713307425335;0.7597246943127178;-0.1257149472605562;0.7701542914156303
50.616929;1.093925794403318;0.8334537957683715;0.7616967976254179;0.12339876167885921;0.1128213516431445;1.096940900584895;9.999211127189668;0.8335794831873699;1.097150725746915;1.0968706875862602;0.7597246045721634;-0.12571494697267535;0.7701551265328637
50.626929;1.0939263897992466;0.8334530426902049;0.7616941963424395;0.12339816279709227;0.11282140498015916;1.0969438842749941;9.999220605457266;0.8335797423498387;1.0971501985355352;1.0968701380567452;0.7597244888341501;-0.12571594669207833;0.7701560582941277
50.636929;1.0939270289870724;0.8334522176051202;0.7616916415886271;0.12339757129429177;0.11282144814460325;1.0969468393278372;9.999231000629997;0.8335799468764183;1.0971496131663996;1.0968696706089263;0.7597243518702119;-0.12571594641722036;0.7701567579437866
50.646929;1.0939277157774598;0.8334509712543076;0.7616888233337922;0.12339815464106732;0.11282254623260352;1.0969497676378577;9.999242401987804;0.8335800954335038;1.0971489641735381;1.0968692734518857;0.7597241969808797;-0.12571594614694181;0.7701573867200243
50.656929;1.0939284510265648;0.8334499862477615;0.7616863749428389;0.12339758243816955;0.11282256690414032;1.096952672187424;9.99925490334141;0.8335801865166377;1.0971482447912482;1.0968689354585062;0.7597230257989567;-0.1257159458805943;0.7701569575389162
50.666929;1.0939292336489541;0.8334489159388335;0.7616839867272631;0.12339702125314084;0.11282257483877013;1.096955556655915;9.999268585488725;0.8335802199281654;1.097147447537966;1.0968686486886101;0.7597228391632984;-0.12571594561751054;0.7701574449928636
50.676929;1.0939300605630111;0.8334477600334367;0.7616816616626644;0.12339647142213968;0.11282256878941367;1.0969584252184619;9.999283508503034;0.8335801969761452;1.0971465657155568;1.0968684093383378;0.759722638217163;-0.12571594535644195;0.7701578646772407
50.686929;1.093930926131577;0.8334465214479598;0.7616794004191048;0.12339593331095974;0.11282254762782719;1.096961280911385;9.999299714064923;0.8335801196654814;1.0971455941784616;1.0968682154241065;0.759722424561666;-0.12571694509565023;0.7701583813374472
50.696929;1.0939318223771106;0.8334452062468868;0.7616772009895003;0.12339540759282945;0.11282251051539441;1.0969641250664008;9.999317225825857;0.8335799909008227;1.0971445294876836;1.0968680637704527;0.7597222000233197;-0.12571694483345494;0.770158669203553
50.706929;1.093932741015585;0.8334434790600285;0.7616747448776594;0.12339606112728496;0.1128235226524131;1.0969669592787579;9.999336052335716;0.8335798149207673;1.0971433703989315;1.0968679486185378;0.7597219668943076;-0.12571694456880345;0.7701588923094488
50.716929;1.0939336764130185;0.8334420367705943;0.761672655042284;0.1233955635008918;0.11282345222627178;1.0969697867798667;9.999356189908482;0.8335795968689672;1.0971421178878904;1.0968678620008832;0.7597217282353104;-0.12571694430162184;0.7701590517143928
50.726929;1.0939355865217517;0.8334413082153973;0.7616706415049627;0.12339497471986603;0.1128231681286365;1.0969726110004412;9.999377617081727;0.8335793421865978;1.0971407748384054;1.0968677955129105;0.7597214877145353;-0.12571694403274614;0.770159148046061
50.736929;1.093936555239685;0.8334397782743447;0.7616686430277987;0.12339451055807361;0.11282306465524938;1.0969764338275756;9.99940029100128;0.8335790559844644;1.0971393458716392;1.0968677420440913;0.7597212491879617;-0.1257179437635415;0.7701593447714287
50.746929;1.0939375451114144;0.8334382191399977;0.7616666885201864;0.12339406517212875;0.11282294549229252;1.0969792563382852;9.999424151883492;0.8335787427360565;1.0971378356571058;1.096867696194616;0.7597210162715703;-0.1257179434954743;0.7701593164596418
50.756929;1.093938558611088;0.8334362945397461;0.7616644653258227;0.12339480582344645;0.11282387696211879;1.0969820800560572;9.999449124359117;0.8335784068701427;1.0971362466411354;1.0968676534785409;0.759720792428868;-0.12571794322983554;0.7701592289456376
50.766929;1.0939395957236722;0.8334346963025357;0.7616626034552068;0.12339440227650986;0.11282372799603713;1.0969849062296113;9.999475113967565;0.8335780536888564;1.0971345798387242;1.0968676093765388;0.759720582120213;-0.12571794296766814;0.7701590854693355
50.776929;1.0939406533000828;0.8334330827723372;0.7616607896940383;0.1233940217571385;0.11282356482257355;1.0969877348296686;9.999502009996988;0.8335776896246894;1.0971328377414755;1.0968675596030373;0.7597203920589888;-0.12571794270974887;0.7701588889113128
50.786929;1.09394172624497;0.8334314538747052;0.7616590260657673;0.12339366547410091;0.11282338802556724;1.096990564670478;9.999529694867721;0.8335773213449215;1.0971310256728553;1.0968675009043716;0.7597202312051172;-0.12571794245667525;0.7701586418591886
50.796929;1.0939428086267426;0.8334298069761065;0.7616573174304467;0.12339333448348772;0.11282319823598048;1.0969933938196497;9.999558052335253;0.8335769549270804;1.0971291508034826;1.0968674308730506;0.7597201094555952;-0.12571894220918173;0.7701585105063594
50.806929;1.0939438931450067;0.8334281378092375;0.7616556700937355;0.12339302984700877;0.11282299605652138;1.0969962207555017;9.999586975365217;0.8335765960024564;1.0971272201947366;1.0968673476122501;0.7597200356657401;-0.1257189419683156;0.7701581724285111
50.816929;1.0939449705643887;0.8334260987423637;0.7616537748884007;0.12339391849998742;0.1128238478998727;1.096999046351416;9.999616376789362;0.8335762495177077;1.0971252391956487;1.0968672498849004;0.7597200160895555;-0.12571894173513282;0.7701577962517003
50.826929;1.0939460306816629;0.8334243741087768;0.7616522635827503;0.1233936696449483;0.11282362300602715;1.0970018741399967;9.999646197696054;0.8335759193459541;1.0971232104643063;1.0968671367782752;0.7597200546008206;-0.12571894151037066;0.7701573875862867
50.836929;1.0939470635507007;0.8334226168599934;0.7616508245491291;0.12339344965755895;0.11282338791230472;1.09700470814663;9.999676409648478;0.8335756091162162;1.0971211339419635;1.0968670071098103;0.7597191542240295;-0.12571894129464536;0.7701559645426165
50.846929;1.0939490187780359;0.8334215857302605;0.7616494890770814;0.12339315165628788;0.11282294636307513;1.0970075510981794;9.99970701101548;0.8335753231841221;1.097119008400051;1.0968668595058981;0.7597193177824828;-0.1257189410890855;0.7701555042560448
50.856929;1.0939499690418237;0.8334197523066718;0.7616482009364051;0.12339299037333762;0.11282269280449374;1.0970104042844975;9.999738014849024;0.8335750664545221;1.0971168333238128;1.096866693098796;0.7597195471969734;-0.12571994089568395;0.7701551867851105
50.866929;1.0939508668192612;0.8334175334011128;0.7616466777113103;0.12339402483268708;0.11282349656834531;1.0970142679521733;9.999769435190805;0.8335748439958394;1.0971146092721975;1.0968665077644204;0.7597198428697441;-0.125719940716827;0.7701546872364172
50.876929;1.0939517088262791;0.8334156142112413;0.7616455510905314;0.12339392368302077;0.11282322641082942;1.0970171412336955;9.999801281806118;0.8335746611195818;1.097112337529123;1.096866303318795;0.759720203754013;-0.12571994055481406;0.7701541679780948
50.886929;1.0939524942884455;0.8334136481735359;0.7616445103908916;0.1233938528524351;0.11282294810902833;1.0970200212434753;9.999833558805474;0.8335745224588266;1.0971100205590678;1.0968660795899405;0.7597206277293014;-0.12571994041204917;0.7701536269478223
50.896929;1.0939532234876097;0.8334116318918336;0.7616435587799721;0.12339381212969293;0.11282266156255466;1.0970229024513998;9.999866262758204;0.8335744303884178;1.097107662443882;1.0968658384413956;0.7597211120344717;-0.12571994029117406;0.7701530623448589
50.906929;1.0939538970588314;0.8334095610877543;0.7616426998059379;0.12339380118362094;0.11282236664346329;1.0970257776780872;9.999899384505175;0.8335743855233206;1.0971052685185023;1.0968655851931364;0.759721653471735;-0.12571994019479246;0.7701524728211687
50.916929;1.0939545157851798;0.8334074310747761;0.7616419386327459;0.12339381969555764;0.11282206319674613;1.0970286400005258;9.999932914737673;0.8335743882680188;1.0971028450175706;1.0968653277622733;0.7597222479672667;-0.12572094012524676;0.770152020309954
50.926929;1.093955080726183;0.8334048941576098;0.7616409673800352;0.12339503326749043;0.11282281676909822;1.0970314845398765;9.999966838685147;0.833574438413848;1.0971003991791464;1.0968650748652677;0.7597228898849544;-0.12572094008462273;0.7701513768977423
50.936929;1.093955592754912;0.8334026350625793;0.7616404208112153;0.12339511002271124;0.11282249545295868;1.0970343098383029;10.00000111299369;0.8335745339461021;1.0970979396685168;1.0968648344391032;0.7597235724035026;-0.12572094007483747;0.7701507049959812
50.946929;1.0939560511995174;0.833400309573172;0.7616399905435706;0.12339521550414113;0.11282216437859177;1.0970371174164668;10.000035653055416;0.8335746711702581;1.0970954769348622;1.096864612911509;0.7597242893565397;-0.1257209400976998;0.7701500049551585
50.956929;1.0939564533281954;0.8333979200881041;0.7616396809559131;0.12339534919897907;0.11282182274641968;1.0970399089065321;10.000070347682314;0.8335748458043387;1.0970930228886002;1.096864416165148;0.7597250366358992;-0.12572094015495688;0.7701492777845041
50.966929;1.0939567954797076;0.8333954710601004;0.7616394945626983;0.12339551044845246;0.11282146974667638;1.0970426833172469;10.000105078022257;0.8335750544658087;1.0970905900711423;1.0968642509286113;0.7597258117953212;-0.12572094024838845;0.7701485249376699
50.976929;1.0939580327928604;0.8333933857750663;0.7616391473201163;0.12339675715192709;0.11282197357231938;1.0970454363301283;10.000139727869097;0.8335752959830963;1.09708819048423;1.0968641247515103;0.7597266131762821;-0.12572194037982937;0.7701479123559964
50.986929;1.0939582411825906;0.833391995004514;0.7616402739164323;0.12339731487085845;0.11282191041311738;1.0970481605089355;10.00017418590276;0.8335755714091545;1.0970858340277214;1.096864045397261;0.7597274395357899;-0.1257219405508019;0.7701471172707379
50.996929;1.093958372166645;0.8333893873528719;0.7616404531227011;0.12339755378792462;0.11282152062396175;1.0970518459361358;10.000208341024944;0.8335758824081488;1.097083527944984;1.0968640203590214;0.7597282898982124;-0.12572194076203563;0.7701463060557827
51.006929;1.093958417692091;0.833386729602857;0.7616407427824022;0.12339781636170029;0.11282111845537897;1.0970544817594583;10.000242088011445;0.8335762290749055;1.0970812784017452;1.0968640556176517;0.7597291634660879;-0.12572194101353676;0.7701454794789838
51.016929;1.0939583695603905;0.8333840223586717;0.7616411347458498;0.12339810124913002;0.1128207038907061;1.0970570573188863;10.000275342058451;0.8335766090869702;1.0970790920135955;1.0968641541509798;0.7597300594441414;-0.12572194130508668;0.7701446351433342
51.026929;1.0939582184840737;0.8333812658372957;0.7616416236908202;0.12339840706822258;0.11282027670520478;1.097059562480299;10.0003080357178;0.8335770189432908;1.0970769747728244;1.0968643155871052;0.7597299768382841;-0.1257219416366135;0.770142781578127
51.036929;1.0939579546455318;0.8333781171324982;0.7616418935060982;0.12339989823914337;0.11282090222188466;1.0970619885196917;10.000340103610794;0.8335774556322499;1.0970749299174367;1.0968645372199048;0.7597309143883797;-0.1257229420083097;0.7701420492090367
51.046929;1.0939575685589364;0.8333752665286857;0.7616425733040467;0.12340024163522287;0.11282044834774228;1.097064328549189;10.000371481053703;0.8335779170694695;1.0970729575396776;1.096864816117306;0.7597318707056431;-0.12572294242071366;0.770141118870088
51.056929;1.0939570502851412;0.8333723754010521;0.7616433516081568;0.1234006016858312;0.1128199803052723;1.0970665764435097;10.000402111360055;0.8335784014082839;1.0970710558531007;1.0968651509759948;0.7597328446736192;-0.12572294287475386;0.7701401486769979
51.066929;1.0939563891949369;0.8333694488913108;0.761644232419989;0.12340097701098922;0.11281949781718778;1.0970687258781815;10.00043194899455;0.8335789065210311;1.0970692225820526;1.0968655417455135;0.7597338359339425;-0.12572294337142279;0.7701391356601859
51.076929;1.0939555759159665;0.8333664893157069;0.7616452191777433;0.12340136632093361;0.11281900100405529;1.0970707706206093;10.00046095908643;0.833579430290348;1.0970674557315636;1.096865987715466;0.7597348452795097;-0.12572294391120578;0.7701380793939011
51.086929;1.0939546036555905;0.8333634953211048;0.7616463124184619;0.12340176843029056;0.11281849034024795;1.0970727054785314;10.000489107843203;0.8335799704532598;1.0970657539679285;1.096866487049686;0.7597358748003188;-0.12572294449387608;0.7701369807058666
51.096929;1.0939534671820683;0.8333601195677693;0.7616471950930818;0.12340334806248847;0.11281903230794155;1.0970745267040376;10.000516351968113;0.8335805240005855;1.0970641170068767;1.0968670384512373;0.7597369273189305;-0.12572294511888213;0.7701358395796756
51.106929;1.0939531207269375;0.8333578076896405;0.7616485194104656;0.12340366529395644;0.11281829946182703;1.097076231595676;10.000542640888591;0.8335810873829022;1.0970625455653524;1.0968676417301209;0.7597380051325822;-0.12572394578579427;0.7701348171734732
51.116929;1.0939516410284007;0.8333546869955959;0.7616499052483054;0.12340409941104744;0.11281775283271243;1.097077818387174;10.000567919450074;0.833581656512521;1.0970610401358063;1.0968682957254454;0.7597391090703663;-0.12572394649436083;0.7701335829460418
51.126929;1.093949982996583;0.8333515182420108;0.761651372294856;0.1234045421787348;0.11281719717461444;1.0970802870151248;10.00059212389011;0.8335822262013364;1.0970595995518257;1.096868996319036;0.7597402386441264;-0.12572394724446906;0.7701322948177751
51.136929;1.0939481440176304;0.833348301479932;0.7616529103654841;0.12340499243798035;0.1128166340513598;1.0970816398303118;10.000615187239063;0.8335827909171709;1.0970582211991808;1.0968697361616426;0.7597413929271928;-0.1257239480361303;0.7701309460124476
51.146929;1.0939461235805226;0.8333450377629731;0.7616545103651169;0.1234054489813343;0.11281606467212094;1.0970828810441635;10.000637060522624;0.8335833465496305;1.0970569016547222;1.0968705054166061;0.7597425712171733;-0.12572394886916588;0.7701295276238828
51.156929;1.0939439224741367;0.8333413842147148;0.7616558516313398;0.12340707633689792;0.11281655576424185;1.0970840149851773;10.00065773167681;0.833583891020437;1.0970556357128844;1.0968712931194715;0.7597437733290604;-0.12572394974288184;0.7701280292091817
51.166929;1.0939415416344642;0.8333380278000558;0.7616575583328661;0.12340754128936116;0.11281597675193988;1.0970850440214652;10.000677220476012;0.8335844238835198;1.097054415882883;1.0968720887656525;0.759744999888969;-0.12572495065608974;0.7701266039008798
51.176929;1.0939389815413956;0.8333346231251669;0.7616593123880238;0.1234080080192588;0.1128153944600669;1.0970859667837025;10.000695558113636;0.8335849464087952;1.097053234133472;1.0968728841705149;0.7597462520006137;-0.1257249516074061;0.770124917144324
51.186929;1.0939362425977226;0.833331168208284;0.761661109674406;0.1234084748900778;0.11281481012060078;1.0970867777489088;10.000712776917014;0.8335854617444136;1.0970520839286386;1.0968736756917072;0.7597475304176554;-0.12572495259584107;0.7701231276205874
51.196929;1.0939333259590276;0.8333276612745731;0.7616629471481903;0.12340894046999207;0.1128142250968863;1.0970874695770818;10.000728908088501;0.833585974086963;1.0970509614387356;1.0968744654453817;0.7597488358207592;-0.1257249536212923;0.7701212351975519
51.206929;1.0939302337265042;0.8333241005494845;0.7616648234675458;0.12340940357467489;0.11281364074649715;1.0970880370969145;10.000743978047822;0.8335864878664491;1.0970498662171961;1.0968752601086993;0.7597501698825561;-0.12572495468435899;0.7701192443671709
51.216929;1.0939269687047004;0.8333201409835918;0.7616664237830862;0.12341102901792028;0.11281412400709649;1.0970884789954682;10.000758006825182;0.8335870079400282;1.097048800412161;1.0968760679215512;0.7597505359591818;-0.12572495578565307;0.7701161764139572
51.226929;1.0939235344551164;0.8333164704596117;0.7616683757236387;0.12341148412321944;0.11281354431303098;1.0970887956621136;10.000771008809267;0.8335875395923521;1.097047766813796;1.096876896432931;0.759751939807289;-0.12572595692501667;0.7701141761005974
51.236929;1.0939208950560688;0.833313510784304;0.7616703932988654;0.12341182659695919;0.1128127714005755;1.0970889865279563;10.000782996944846;0.8335880883787159;1.0970467679647484;1.096877752168542;0.7597533895919699;-0.12572595810083892;0.7701119365844552
51.246929;1.0939171396258656;0.8333097410994377;0.7616724171092845;0.1234122700139259;0.11281220014449463;1.0970890497475376;10.000793985490853;0.8335886609685819;1.097045806246391;1.096878640981267;0.7597548938858121;-0.12572595930988048;0.7701096251901273
51.256929;1.093913238018924;0.8333059292743076;0.7616744750974818;0.12341270654846768;0.11281163472060327;1.0970889825139953;10.000803983521864;0.8335892651226157;1.0970448828025834;1.0968795684944979;0.7597564594558293;-0.12572596054766394;0.7701072453627062
51.266929;1.0939092023902415;0.8333020815654718;0.7616765653068728;0.1234131357000226;0.11281107611614857;1.0970897805741855;10.000812989737652;0.8335899073252223;1.0970439954106053;1.0968805404323831;0.7597580912939828;-0.12572596180898463;0.7701048014670883
51.276929;1.0939050438130595;0.8332978607756167;0.7616783704338993;0.12341472284681877;0.11281159076792534;1.0970894389758685;10.000821002195023;0.8335905908419312;1.097043138068826;1.0968815625358317;0.7597597939027008;-0.1257259630883777;0.7701022998751201
51.286929;1.0939007705021264;0.8332939601870046;0.7616805148445617;0.12341513583426575;0.11281104753490506;1.0970889540481081;10.000828028640251;0.8335913162937472;1.097042303470702;1.0968826408975691;0.7597615716039822;-0.12572596438052516;0.770099749285312
51.296929;1.0938963875400625;0.8332900414844344;0.7616826792479432;0.12341554009650386;0.11281051241608779;1.097088323531251;10.000834073300824;0.833592083364049;1.0970414860696385;1.0968837830090938;0.759763427971931;-0.12572696568052488;0.7700973235210311
51.306929;1.093891898402789;0.8332861103582087;0.7616848573024106;0.12341593530967913;0.11280998556805087;1.0970875451959403;10.00083911686152;0.8335928923281095;1.0970406833053798;1.0968849980408015;0.7597653652394801;-0.12572696698406444;0.7700947081577685
51.316929;1.0938873060803236;0.833282173660929;0.7616870422259424;0.12341632129852513;0.11280946699099804;1.0970866173266378;10.000843123562147;0.8335937447087843;1.0970398948111004;1.0968862951155571;0.7597673837239707;-0.12572696828743687;0.7700920801219515
51.326929;1.0938826136593545;0.8332782397475179;0.7616892278298432;0.12341669806135967;0.11280895649197992;1.097085540439254;10.000846061979573;0.833594642438402;1.0970391210271222;1.0968876810170989;0.7597694820373991;-0.12572696958733887;0.7700894541141573
51.336929;1.0938778270602496;0.8332739749166285;0.7616910946399491;0.12341823155536619;0.11280951964884836;1.097084317397605;10.000847905751687;0.833595586762816;1.0970383625048843;1.0968891601239084;0.7597716579332678;-0.12572697088067353;0.7700868439853679
51.346929;1.0938729575245194;0.8332700783982544;0.7616932666244645;0.1234185903034039;0.11280902502339153;1.0970829529292045;10.000848620328641;0.8335965783322294;1.0970376200850254;1.096890736252579;0.7597739081482903;-0.12572697216463224;0.7700842607529712
51.356929;1.09386802003127;0.8332662195064473;0.7616954262987756;0.12341894058618968;0.11280853872583722;1.0970814539358256;10.000848163488518;0.8335976181073448;1.097036895241721;1.09689241401692;0.7597762281491529;-0.12572797343704264;0.7700818758066884
51.366929;1.093863029633228;0.8332624111593542;0.7616975723575207;0.12341928304485154;0.11280806121122512;1.0970798293398647;10.000846498201899;0.83359870798464;1.097036189573746;1.0968941993180807;0.75977861313728;-0.12572797469651484;0.770079369509069
51.376929;1.0938589578925528;0.8332594277788496;0.761699734968538;0.12341951123893696;0.11280739598366037;1.0970780891159198;10.000843597568192;0.833599850290421;1.0970355037705506;1.0968960989138448;0.7597810582819834;-0.12572797594208526;0.7700769120606996
51.386929;1.093853895153989;0.833255754916701;0.7617018586389565;0.12341984042589045;0.1128069372389714;1.097076243747308;10.000839443835336;0.8336010470189579;1.0970348376594896;1.0968981188440972;0.7597835575883571;-0.12572797717267478;0.7700745106785065
51.396929;1.0938488073743184;0.8332518218320639;0.7617036626905501;0.12342133028940391;0.11280755408207321;1.0970743044735836;10.000834033201377;0.8336023000110817;1.0970341913575659;1.0969002631217857;0.7597861039230539;-0.1257279783867932;0.7700721722951621
51.406929;1.0938437026113643;0.8332483253124923;0.7617057809109914;0.1234216503035067;0.11280711526828088;1.0970732836506176;10.00082738357459;0.8336036109852759;1.0970335657707333;1.09690253328482;0.7597886900200106;-0.1257279795827737;0.7700699028302116
51.416929;1.0938385910392674;0.8332449288264212;0.7617079048802606;0.12342196749249167;0.11280668691140286;1.0970711950237055;10.000819538182704;0.8336049810733628;1.0970329621140469;1.0969049277600296;0.7597903083453712;-0.1257279807592844;0.7700667202736451
51.426929;1.0938334829014482;0.8332416374308025;0.7617100404788346;0.12342228279495261;0.11280626948136495;1.0970690537555536;10.000810562408887;0.8336064110311465;1.0970323815623557;1.0969074415396458;0.7597929505238376;-0.125728981915255;0.7700647640915681
51.436929;1.093828387791141;0.8332384551006767;0.7617121932925629;0.12342259673032782;0.1128058635550388;1.097066875765557;10.000800533155969;0.8336079019711565;1.0970318249575783;1.0969100669777372;0.7597956073998199;-0.12572898304928287;0.7700627228624474
51.446929;1.0938233171298994;0.8332353846657561;0.7617143683326439;0.12342290938111991;0.1128054698114378;1.0970646768316858;10.000789526275714;0.8336094554864492;1.0970312925449468;1.0969127942630421;0.7597982691372263;-0.12572898415955744;0.7700607614961953
51.456929;1.0938182866077857;0.833232427408411;0.7617165699645884;0.12342322054395898;0.11280508908725703;1.09706247192916;10.000777610208434;0.8336110722975163;1.0970307846366;1.0969156119719747;0.7598009254322704;-0.1257289852443644;0.7700588830390362
51.466929;1.0938133148460016;0.8332292401235306;0.7617184871279756;0.12342469585035142;0.11280578818020283;1.097060275127001;10.000764843459018;0.833612750316695;1.0970303028309785;1.0969185093796783;0.7598035659016131;-0.12572898630239515;0.7700570918005852
51.476929;1.0938084189251782;0.8332265110060473;0.7617207501146628;0.12342500357105186;0.11280543665948392;1.0970581002657185;10.000751272716617;0.8336144845484149;1.0970298506334322;1.0969214782080887;0.7598061804552514;-0.1257289873328114;0.7700553921965622
51.486929;1.0938036112181073;0.8332238979301293;0.7617230471426226;0.12342530965927505;0.11280510117292164;1.0970559612982742;10.000736930831907;0.8336162692589966;1.097029432663935;1.0969245117506217;0.7598087604095964;-0.1257289883353315;0.7700537879254693
51.496929;1.0937988995699197;0.8332214032376997;0.7617253826471803;0.12342561419578496;0.1128047823617089;1.0970538711094762;10.000721831154575;0.8336180994876424;1.0970290524968327;1.0969276034161577;0.7598112999003589;-0.12572998931012058;0.7700524447670464
51.506929;1.0937942888001342;0.8332190298197276;0.7617277619498832;0.12342591722725649;0.11280448079837384;1.0970518389345745;10.000705965744663;0.8336199701434013;1.097028711368111;1.0969307462517734;0.7598137958394066;-0.1257299902573593;0.7700510376252577
51.516929;1.093790741232054;0.8332175439075205;0.7617302186101633;0.12342611164651317;0.11280400015258082;1.097049868679829;10.000689313999864;0.8336218749953874;1.0970284093517781;1.0969339332094543;0.7598162465571323;-0.12572999117691613;0.770049731482967
51.526929;1.093786341153351;0.8332150812077554;0.7617323835209628;0.12342757775619385;0.11280480064691381;1.0970479606166954;10.000671856318737;0.8336238066254906;1.0970281473911834;1.096937157673476;0.7598186510641748;-0.12572999206852925;0.7700485297671992
51.536929;1.0937820502821445;0.8332130974462637;0.7617349171597722;0.12342787660285882;0.11280455443129916;1.0970461147710266;10.000653594545838;0.8336257564177871;1.0970279284716147;1.096940413500922;0.7598210092649709;-0.12572999293213585;0.7700474371892224
51.546929;1.0937778700983207;0.8332112547201536;0.7617375072559006;0.12342817385853125;0.1128043278249537;1.0970443328189476;10.000634572392238;0.8336277151464293;1.097027757467097;1.09694369474495;0.759823321430627;-0.12572999376782557;0.7700464582880399
51.556929;1.093773800206979;0.8332095570091468;0.7617401539106794;0.12342846929244827;0.11280412129607423;1.0970436176869423;10.000614875005184;0.8336296738397933;1.0970276392653984;1.0969469949409618;0.7598255868852636;-0.12572999457582085;0.7700455968522526
51.566929;1.0937698388018282;0.8332080059864422;0.7617428551369813;0.12342876259675055;0.1128039352341166;1.0970419717486048;10.000594609305082;0.8336316243107991;1.0970275761949857;1.0969503056195449;0.7598278038131654;-0.1257309953569828;0.7700450195932057
51.576929;1.093765984040967;0.8332066027628457;0.7617456074862112;0.12342905340474736;0.11280377000155338;1.0970403956312673;10.00057389031764;0.833633559347774;1.0970275673044825;1.0969536161105402;0.7598299699301436;-0.12573099611324368;0.7700444029128002
51.586929;1.093762235322438;0.8332053493811132;0.7617484067233412;0.12342934145799934;0.1128036259665563;1.0970388888552207;10.000552846594003;0.8336354716068024;1.0970276096500717;1.0969569153724803;0.7598320819641203;-0.12573099684731281;0.7700439111325533
51.596929;1.0937585933134741;0.8332039050802286;0.7617509346177027;0.12343079256438412;0.1128045692632335;1.097037451382746;10.0005316227662;0.8336373521840528;1.0970276991604109;1.0969601932617943;0.7598341349615796;-0.12573099756217423;0.7700435425347429
51.606929;1.0937550589489737;0.8332029598472678;0.761753817991921;0.12343107511509178;0.11280446875053936;1.0970360850534728;10.000510361595706;0.8336391907291542;1.0970278305543366;1.0969634408808226;0.7598361240139189;-0.12573099826077164;0.7700432933115314
51.616929;1.093751632785646;0.8332021709259827;0.7617567452445766;0.12343135504882234;0.11280439054816367;1.097034794545843;10.000489185659516;0.8336409761677162;1.0970279973367907;1.0969666513448162;0.7598380468620487;-0.125730998945684;0.7700431587999749
51.626929;1.0937483150371008;0.8332015380401281;0.7617597225183752;0.12343163237065402;0.11280433488267298;1.0970335869096586;10.00046819092843;0.8336426970946514;1.0970281919684672;1.0969698199344717;0.7598399044720903;-0.12573099961901413;0.7700431341138407
51.636929;1.0937451062249028;0.8332010607368041;0.7617627575245542;0.12343190698143246;0.11280430175683094;1.0970324697294402;10.000447440139496;0.8336443427688082;1.097028406228956;1.0969729433318125;0.759840699827891;-0.12573200028243278;0.7700423909546655
51.646929;1.0937417251286825;0.8332006315066416;0.7617659564773674;0.1234314160747891;0.11280362291045762;1.097031450244966;10.000426954887061;0.833645904650776;1.0970286316490727;1.09697601954324;0.7598424363178533;-0.1257320009368746;0.7700425705504959
51.656929;1.0937387392474076;0.8332001210229366;0.7617688126865815;0.12343285047274337;0.11280469944976516;1.0970305356599623;10.000406721303532;0.8336473769750843;1.0970288598457982;1.096979049077273;0.7598441170323466;-0.12573200158201528;0.7700428427262229
51.666929;1.0937368263609408;0.8332008720429782;0.7617720855053655;0.12343300831438775;0.11280453408176028;1.097029732668466;10.000386709831817;0.833648755689072;1.0970290833197236;1.096982036385506;0.7598457448951601;-0.12573200221602138;0.7700431983149085
51.676929;1.0937340697642852;0.8332010143833629;0.761775402938139;0.12343326927443843;0.11280458551421549;1.0970290462320953;10.000366885019632;0.8336500367677031;1.0970292959127246;1.0969849898170545;0.7598473219448049;-0.12573200283592598;0.7700436265348637
51.686929;1.0937314312533837;0.8332013081207114;0.7617787932127533;0.12343352525417997;0.11280465601710045;1.0970284782783017;10.000347201558943;0.8336512153119982;1.0970294918226482;1.096987919454597;0.7598488482091359;-0.12573200343858815;0.7700441168890139
51.696929;1.0937289124176162;0.8332017499067568;0.7617822547059024;0.12343377497086334;0.11280474490515853;1.097028027278219;10.000327613849256;0.833652285522165;1.0970296647738467;1.096990834724153;0.7598503215316135;-0.1257320040213789;0.7700446603339522
51.706929;1.0937265116847186;0.8332023354187423;0.7617857854294968;0.12343401700101435;0.11280485167269029;1.0970286898328228;10.000308100082217;0.8336532414976414;1.097029808143597;1.0969937441595357;0.7598517378479583;-0.1257330045819186;0.7700454119498087
51.716929;1.0937242246437067;0.8332030593607598;0.7617893831839765;0.12343425014776992;0.11280497610408602;1.0970284629606277;10.000288672924077;0.833654079050676;1.0970299148589857;1.0969966564425968;0.7598530913947273;-0.1257330051177788;0.7700460364751612
51.726929;1.0937220459827346;0.8332035728743471;0.761792732152683;0.12343563950259161;0.11280618396590074;1.0970283454211154;10.0002693679903;0.8336547969115653;1.0970299780784896;1.0969995799065166;0.7598543755434063;-0.12573300562709722;0.7700466872967526
51.736929;1.0937199717638246;0.8332045593355158;0.7617964605030902;0.12343585292270629;0.1128063437862305;1.0970283371771383;10.00025022137237;0.8336553958393155;1.0970299932849736;1.09700252066744;0.7598555847524621;-0.1257330061091662;0.7700473540846069
51.746929;1.0937180008442653;0.8332056713567637;0.7618002549178494;0.12343605587968302;0.11280652138433728;1.0970284375438815;10.000231249759318;0.8336558765865466;1.0970299589656154;1.0970054819014032;0.7598567158235997;-0.12573300656421663;0.7700480276577858
51.756929;1.0937161341886026;0.833206904480547;0.7618041168815993;0.12343624794479308;0.11280671683361333;1.0970286448706221;10.000212446506016;0.833656238604052;1.0970298751946919;1.0970084652636494;0.7598577670345029;-0.12573300699312218;0.7700487010911345
51.766929;1.0937143724812752;0.8332082539309412;0.7618080482870723;0.12343642874605755;0.11280693014319147;1.0970289575208785;10.00019379432282;0.8336564806259679;1.0970297430569136;1.0970114729407552;0.7598587372972254;-0.12573300739730456;0.7700493692552226
51.776929;1.0937127140054166;0.8332097155674921;0.7618120506322134;0.1234365980998497;0.11280716115731965;1.0970293736532233;10.000175280169591;0.8336566021717307;1.097029565679439;1.0970145076364144;0.759859626376541;-0.12573400777864632;0.7700501913766555
51.786929;1.0937111549581766;0.8332112863701756;0.7618161241517238;0.12343675597907815;0.11280740955473759;1.0970298909596554;10.000156902636213;0.8336566040283119;1.0970293486920606;1.0970175701967944;0.7598604346510237;-0.12573400813950564;0.7700508375413668
51.796929;1.0937096918884377;0.8332126212422912;0.7618199538672598;0.1234380682706077;0.11280874071870724;1.0970305081480423;10.00013867112082;0.8336564882259472;1.0970290991060263;1.0970206583190378;0.7598611626722414;-0.12573400848253924;0.7700514672333404
51.806929;1.0937083231502227;0.8332144079538414;0.7618241667722815;0.1234382032957555;0.11280902275179433;1.0970312264319142;10.000120603154798;0.8336562586640279;1.0970288236339676;1.0970237681424346;0.7598618113259252;-0.1257340088102063;0.770052075380877
51.816929;1.093708006667057;0.8332170661530461;0.7618284754089613;0.12343821956944899;0.1128091240779521;1.0970320489135985;10.000102731526301;0.8336559213679811;1.0970285274647629;1.097026896696047;0.7598623822054126;-0.12573400912458715;0.7700526553088469
51.826929;1.0937068204989047;0.833219069654984;0.7618328176840693;0.12343833107282356;0.11280943811697568;1.0970329792191063;10.000085115939147;0.833655483689317;1.097028214421604;1.0970300428029116;0.7598628782799418;-0.12573400942788462;0.7700531985686129
51.836929;1.0937057168353;0.8332211779416285;0.7618372176971739;0.1234384301825445;0.1128097675482872;1.0970340212655214;10.000067840586638;0.8336549533220217;1.097027888305003;1.0970332059763057;0.7598633044832415;-0.12573400972288723;0.770053696100178
51.846929;1.093704686456671;0.8332233858765737;0.7618416689977645;0.12343851667347183;0.11281011190327761;1.0970351793430222;10.000050998307364;0.8336543378366398;1.0970275529828488;1.0970363853720986;0.7598636668985269;-0.1257340100127235;0.7700541402965131
51.856929;1.0937037200295967;0.8332256859015359;0.7618461640482321;0.12343859069530036;0.11281047041537452;1.0970364575661782;10.000034678685465;0.8336536445253694;1.0970272110138903;1.0970395802165092;0.7598629711398063;-0.1257350103003702;0.7700537020546825
51.866929;1.0937028099142467;0.8332277250969721;0.7618503804432208;0.12343981857022315;0.11281190779897703;1.0970388584358426;10.000018971104508;0.8336528804369832;1.0970268634222804;1.0970427905545206;0.7598632218667649;-0.1257350105884725;0.7700540229248922
51.876929;1.0937019512159634;0.8332301815977111;0.7618549379687996;0.12343986917458555;0.11281229154389251;1.0970403811763145;10.00000397583514;0.8336520524928513;1.0970265108196393;1.0970460168640184;0.7598634231769513;-0.12573501087917222;0.770054274138996
51.886929;1.0937011416726103;0.8332327026346082;0.7618595144148007;0.1234399091304671;0.11281268676535537;1.0970420220758297;9.999989802286343;0.8336511669884504;1.0970261543936537;1.0970492584059015;0.7598635789545674;-0.12573501117371774;0.7700544487516334
51.896929;1.0937003808859775;0.8332352787661303;0.7618641038473553;0.1234399395603281;0.11281309311816788;1.097043776197126;9.999976553077461;0.833650228838894;1.097025796192422;1.0970525123121388;0.7598636933895342;-0.12573501147224223;0.7700545380367492
51.906929;1.0936996698501478;0.8332378998708034;0.761868702963196;0.12343996167852164;0.11281351038932508;1.0970456377385565;9.999964313526315;0.8336492416395959;1.0970254385767888;1.0970557748488727;0.7598637708691234;-0.12573501177391988;0.7700545326585233
51.916929;1.0936990105604762;0.8332405550033433;0.76187331027349;0.12343997648424682;0.1128139383707443;1.0970476002160643;9.999953142260892;0.8336482080190676;1.0970250843734632;1.097059042975906;0.7598638143497201;-0.12573501207744114;0.7700544236508309
51.926929;1.093698405366524;0.8332432318282704;0.7618779245830142;0.12343998478396323;0.11281437675769122;1.0970496577381597;9.999943051857496;0.8336471291622123;1.097024739230547;1.0970623144934204;0.7598638235830735;-0.1257360123816187;0.7700543658785451
51.936929;1.0936978572447031;0.8332455728434109;0.7618822296279139;0.12344115311519056;0.11281589087546486;1.0970518045741868;9.999933999953317;0.833646003947931;1.0970244136462926;1.0970655876231876;0.7598637952282646;-0.12573601268559637;0.7700540258303653
51.946929;1.0936973712482072;0.8332482519687124;0.7618868507562749;0.12344115033295633;0.11281634866366026;1.0970540326741673;9.999925911323128;0.8336448292382144;1.097024121407525;1.09706886132682;0.7598637247291633;-0.12573601298846807;0.7700535624279529
51.956929;1.093696954440032;0.8332509143668136;0.76189147043244;0.1234411427933171;0.1128168153067276;1.0970563304318557;9.999918718899336;0.8336436013874966;1.0970238760232272;1.0970721365592824;0.7598636078978119;-0.1257360132889606;0.7700529739570187
51.966929;1.0936966138869149;0.8332535515180799;0.7618960856994412;0.12344113107582187;0.11281729034811047;1.0970586828918518;9.999912391341203;0.8336423168109487;1.0970236890182012;1.097075416874675;0.7598634411613334;-0.12573601358556918;0.7700522611248596
51.976929;1.093697314923131;0.8332569187961055;0.761900723109064;0.12344100872356444;0.11281757661707083;1.0970610713635038;9.999906928951225;0.833640970929791;1.0970235702345936;1.0970787070276078;0.7598632216070798;-0.12573601387661895;0.7700514278560128
51.986929;1.0936971447189836;0.8332594836770275;0.7619053212971424;0.12344099092836201;0.11281806776502287;1.0970634725524353;9.999902343861564;0.83363955775577;1.0970235282138192;1.097082010843518;0.759862947533996;-0.12573601415993443;0.7700504818299334
51.996929;1.0936970672166244;0.833262001353225;0.7619099052991167;0.12344097123152949;0.11281856660660998;1.0970658588451445;9.999898646436328;0.833638071104213;1.0970235708388496;1.097085329337543;0.7598626186682196;-0.12573601443268503;0.7700494331318106
52.006929;1.093697086326173;0.8332641207522351;0.7619141552206724;0.12344211592679104;0.1128201387021567;1.0970682003555763;9.999895838143196;0.8336365054262503;1.09702370591734;1.0970886591694766;0.7598622358508909;-0.12573701469202828;0.7700484553025698
52.016929;1.0936972061200136;0.8332665219269015;0.7619186917127481;0.12344209344146106;0.11282065246587726;1.0970704678107421;9.999893903499874;0.8336348544111906;1.0970239404341162;1.097091993418221;0.759861800876159;-0.12573701493603562;0.770047231494328
52.026929;1.093697432445457;0.8332688541715093;0.7619231906950115;0.1234420695473472;0.1128211737092368;1.0970736356183663;9.999892802717731;0.8336331089314046;1.097024279613291;1.097095325077218;0.7598613164772062;-0.1257370151639838;0.7700459339314997
52.036929;1.093697773491865;0.8332711110062504;0.7619276408561834;0.12344204410286733;0.11282170250414376;1.0970756841139968;9.999892472764138;0.8336312577687578;1.0970247269855429;1.0970986499012279;0.7598607857913339;-0.12573701537616935;0.7700445697173813
52.046929;1.0936982378878812;0.833273286513727;0.7619320307325514;0.12344201712480374;0.11282223877476123;1.0970775986394197;9.99989283939306;0.8336292904428624;1.0970252847335973;1.097101966036928;0.7598602111784455;-0.12573701557388772;0.7700431439002864
52.056929;1.0936988318487686;0.8332753753710481;0.7619363499252476;0.12344198891949917;0.1128227821559687;1.0970793659528433;9.999893831987364;0.8336271985456336;1.0970259537613938;1.0971052715933256;0.7598595932009998;-0.1257370157595195;0.7700416611839226
52.066929;1.0936995579911344;0.8332773718128056;0.761940589760092;0.1234419599784421;0.1128233319967986;1.0970809723677952;9.999895392388895;0.8336249754155466;1.0970267337413917;1.097108563608125;0.7598589302701064;-0.12573701593641823;0.7700401275536414
52.076929;1.0937004157434131;0.8332789250753321;0.7619444293193687;0.1234430965710841;0.11282495324504442;1.097082405007861;9.999897475121571;0.8336226153100641;1.0970276236029473;1.0971118393358044;0.7598582190164574;-0.1257380161086455;0.7700387139312584
52.086929;1.093701402251398;0.833280715494046;0.761948491995629;0.12344306722200897;0.11282551355734637;1.097083652859372;9.999900041679462;0.8336201123720757;1.0970286223335042;1.0971150975225439;0.7598564554606305;-0.1257380162804442;0.7700361163486786
52.096929;1.093702513602545;0.8332823942200817;0.7619524591784952;0.12344303800515176;0.1128260779465936;1.0970847061360527;9.999903057438027;0.8336174611879065;1.097029729597504;1.0971183385975347;0.7598556363870282;-0.12573801645565771;0.7700344817768817
52.106929;1.0937037454278586;0.8332839585574253;0.7619563256366343;0.12344300931852308;0.11282664572557805;1.0970855554771684;9.99990649344255;0.8336146587478225;1.0970309456855838;1.0971215641510728;0.7598547605956477;-0.12573801663758882;0.7700328349587148
52.116929;1.093705092133273;0.8332854078264462;0.7619600848540209;0.12344298175339652;0.11282721619925667;1.09708619198898;9.999910320990065;0.8336117049156051;1.0970322704282058;1.0971247762378105;0.7598538298141261;-0.12573801682908828;0.7700311865854682
52.126929;1.0937065463421825;0.8332867428458279;0.7619637297751172;0.12344295601551787;0.11282778849614745;1.0970866079225645;9.99991449838831;0.8336086016396238;1.0970337016689111;1.0971279769720037;0.7598528480443968;-0.1257380170326269;0.7700295460314285
52.136929;1.0937090592455283;0.8332887270521963;0.7619672833723237;0.12344282561386155;0.11282816458890374;1.0970867973576;9.999918967232247;0.833605352365147;1.097035234486294;1.0971311681309546;0.7598518200618636;-0.12573801725031886;0.7700279226565712
52.146929;1.0937107051947634;0.8332894901837649;0.7619703685816683;0.12344397132574278;0.11282980295183873;1.0970867573105738;9.99992366036218;0.8336019611095831;1.0970368620938662;1.0971343508225808;0.7598507509856294;-0.12573801748399097;0.7700263268427756
52.156929;1.0937124363492672;0.8332904785791531;0.7619736397309002;0.12344395465387605;0.11283037407048051;1.0970864888332015;9.999928510888878;0.8335984316550317;1.09703857819817;1.0971375255421532;0.759849646264169;-0.12573901773542961;0.7700249316972118
52.166929;1.0937142449853454;0.833291344139314;0.7619767799862743;0.12344394172591679;0.11283094254127055;1.0970859954252175;9.999933457038626;0.8335947674320396;1.097040379111681;1.0971406919589692;0.7598485111453899;-0.1257390180063679;0.7700234178163837
52.176929;1.0937161228788628;0.8332920826989197;0.7619797866127764;0.12344393278875816;0.11283150689736035;1.0970852799340824;9.999938438309238;0.8335909710487429;1.0970422639439443;1.0971438481761404;0.7598473501619156;-0.1257390182979927;0.7700219529943603
52.186929;1.0937180620559126;0.8332926901366187;0.7619826559017979;0.12344392809508775;0.11283206544930766;1.0970843443135734;9.999943385915378;0.8335870436669273;1.0970442331448598;1.0971469904256728;0.7598461673475808;-0.12573901861056758;0.7700205403841431
52.196929;1.0937200556956106;0.8332931625571943;0.7619853827478968;0.12344392782334342;0.1128326166133707;1.0970841915871608;9.99994822104475;0.833582985788032;1.0970462873058284;1.0971501131668415;0.7598449671817772;-0.12573901894377326;0.770019182359214
52.206929;1.093722099052562;0.8332934967891203;0.7619879609091785;0.12344393198579005;0.11283315904818428;1.0970828269831867;9.999952867078534;0.8335787990531812;1.0970484268846836;1.0971532092774214;0.7598437548119625;-0.12573901929740183;0.7700178807282771
52.216929;1.0937241898333958;0.8332936901974078;0.761990383775424;0.12344394032245302;0.11283369149578562;1.0970812580671232;9.99995725679105;0.8335744871486068;1.0970506518732228;1.097156271226553;0.7598425352647479;-0.12573901967142526;0.7700166370545973
52.226929;1.0937263278101286;0.8332933961772506;0.7619923316817097;0.1234451180351933;0.11283527848946207;1.097079494468545;9.999961316304468;0.8335700557339608;1.097052961236555;1.0971592926461733;0.7598413135363953;-0.1257390200653767;0.7700154531162535
52.236929;1.0937285138129742;0.8332932983699918;0.7619944301692428;0.12344513233393554;0.11283578738649067;1.0970775481131168;9.999964947497539;0.8335655126428121;1.0970553529030747;1.0971622684444668;0.7598400955357935;-0.12574002047796623;0.7700144946487353
52.246929;1.0937307485836196;0.8332930486814363;0.7619963649850967;0.12344514766010743;0.11283628297696573;1.097075434469256;9.999968037590511;0.8335608681264728;1.0970578241747093;1.0971651932388062;0.7598388882628527;-0.125740020907359;0.7700134377446838
52.256929;1.0937330317129597;0.8332926427074705;0.7619981377526696;0.1234451624544105;0.11283676448434035;1.0970731726989198;9.99997048207545;0.8335561340058839;1.097060371941636;1.097168059823356;0.7598376991902434;-0.12574002135161974;0.7700124467207264
52.266929;1.0937353612399383;0.8332920763201925;0.7619997504936062;0.12344517518329744;0.1128372313103767;1.0970707827111728;9.999972187436608;0.8335513222721577;1.097062992651003;1.0971708597136616;0.7598365352795723;-0.12574002180919305;0.7700115196544844
52.276929;1.0937377344892074;0.8332913459066404;0.7620012057882808;0.1234451843932935;0.11283768285391635;1.0970682814063282;9.999973059011412;0.8335464444563591;1.097065682187236;1.0971735851093307;0.7598354020645847;-0.12574002227932446;0.7700106523606696
52.286929;1.0937401484750746;0.8332904487583838;0.7620025078058169;0.12344518862805473;0.11283811833971573;1.0970656819932625;9.999973002807158;0.8335415112394197;1.0970684361272955;1.0971762294708096;0.7598343036608817;-0.12574002276159296;0.7700098403376887
52.296929;1.0937425989349148;0.8332893837358527;0.7620036620302474;0.1234451863790844;0.11283853681079391;1.097062996099045;9.999971937437778;0.8335365315031529;1.0970712500342772;1.097178786373236;0.7598332434673666;-0.12574002325475822;0.7700090796692928
52.306929;1.093746038842477;0.8332885707945221;0.7620043892706228;0.12344623486067925;0.11283980608393032;1.097060236004271;9.999969801180892;0.8335315118521357;1.0970741190369677;1.0971812486574297;0.7598322243962266;-0.12574002375614;0.7700083665085481
52.316929;1.0937485418622073;0.8332871751434119;0.7620052655551677;0.12344621537057428;0.11284018760327948;1.0970574158741737;9.99996655290737;0.8335264576454333;1.097077037507458;1.0971836087678437;0.7598312483430885;-0.1257400242619387;0.7700076965065032
52.326929;1.093751057644913;0.8332856199189709;0.7620060121838472;0.12344618518736543;0.11284054972640155;1.0970545517079735;9.99996216800969;0.8335213746143245;1.0970799998855079;1.0971858595856114;0.7598303159830679;-0.12574102476820465;0.7700072278527853
52.336929;1.093753574824983;0.8332839097337713;0.7620066363361058;0.12344614260690019;0.11284089251106454;1.0970516602535372;9.999956637296325;0.8335162692173645;1.0970830021498872;1.097187994670794;0.7598284275113613;-0.1257410252717343;0.7700056416401774
52.346929;1.0937560800171122;0.8332820493867774;0.7620071465941328;0.12344608556248632;0.1128412164142551;1.0970487580911872;9.999949978555374;0.833511147496079;1.0970860418820814;1.0971900074878207;0.7598275828730842;-0.12574102577013344;0.7700050686294627
52.356929;1.0937585589869545;0.8332800442319671;0.7620075525734725;0.12344601183186985;0.11284152205498524;1.0970458619675452;9.999942254721633;0.8335060139856233;1.097089115925935;1.0971918901043731;0.759826780879743;-0.1257410262613542;0.770004518088018
52.366929;1.093760999111447;0.8332779001495938;0.7620078642294061;0.12344591925246123;0.11284181009105312;1.0970439893943624;9.999933572812767;0.8335008719388676;1.097092218157559;1.0971936329835754;0.7598260193146407;-0.12574102674356408;0.7700039880872728
52.376929;1.0937633912152005;0.8332752793790693;0.76200777789921;0.12344697171778987;0.11284314701238364;1.0970411577795773;9.999924057037964;0.8334957249857449;1.0970953400422738;1.0971952273986085;0.759825296290088;-0.12574102721538702;0.7700034779175
52.386929;1.093765730050406;0.8332728749079709;0.7620079333096159;0.12344683582178236;0.11284340215085402;1.0970383824746373;9.999913826008491;0.8334905791989474;1.0970984727113797;1.0971966682412717;0.759824610606588;-0.1257410276760001;0.7700029870850368
52.396929;1.093768014149628;0.8332703478755199;0.7620080272051837;0.12344667593224556;0.11284364211325185;1.0970356752501194;9.999902989143845;0.833485443642567;1.0971016076395133;1.097197954142049;0.7598239611902248;-0.12574102812491036;0.7700025159112471
52.406929;1.0937702452163325;0.8332677030742024;0.7620080681880086;0.12344649073994891;0.11284386756925767;1.0970330443281724;9.999891644366254;0.8334803289991581;1.0971047359868555;1.0971990861814527;0.7598233474505751;-0.12574202856153371;0.7700022294203501
52.416929;1.0937724266769258;0.8332649469812541;0.7620080614701717;0.12344627923349666;0.1128440791255556;1.0970304952685137;9.999879861276156;0.833475246008105;1.0971078486948573;1.0972000676986413;0.7598227704968082;-0.12574202898503434;0.7700018037530513
52.426929;1.0937745618631942;0.8332620884772816;0.7620080092640968;0.12344604075791864;0.11284427749705192;1.097028031280114;9.99986766647969;0.8334702046871875;1.0971109370862757;1.0972009055597542;0.7598222333345915;-0.12574202939461784;0.7700014048791265
52.436929;1.0937766530550024;0.8332591381400759;0.762007911679017;0.12344577489217957;0.112844463494674;1.0970256536180698;9.999855057760646;0.8334652143578873;1.0971139922108377;1.097201611445685;0.7598217392037241;-0.1257420297895653;0.7700010338508324
52.446929;1.0937787016001044;0.8332561073199354;0.7620077676103504;0.12344548128426593;0.11284463791845012;1.0970233618535925;9.999842034184155;0.8334602844052255;1.0971170036425728;1.0972022012557872;0.7598212898633305;-0.12574203016881452;0.7700006883843236
52.456929;1.0937807081518853;0.8332526634311879;0.7620072616688287;0.12344632538608342;0.11284586722212109;1.0970211535937244;9.999828614074934;0.8334554249619893;1.0971199595775494;1.0972026926803036;0.7598208859075757;-0.12574203053098465;0.770000363059795
52.466929;1.0937826723928579;0.8332495036373208;0.7620070218752866;0.12344597505980374;0.11284602051911058;1.0970190257480141;9.999814837881544;0.8334506466608953;1.0971228480813409;1.0972031028012208;0.7598205285586819;-0.12574203087487598;0.770000051822027
52.476929;1.0937845926402934;0.8332462921345006;0.7620067348778812;0.1234455958858783;0.112846164417523;1.0970169766572442;9.999800755998757;0.8334459596847564;1.0971256583837241;1.0972034468235525;0.7598202209895274;-0.1257420311997486;0.7699997510131544
52.486929;1.0937874253156696;0.8332437984088059;0.7620064322251489;0.12344508056724254;0.11284610319361807;1.097015006898923;9.999786410848657;0.8334413737050784;1.0971283814513277;1.097203737465942;0.7598199684206643;-0.1257430315054474;0.7699996238002117
52.496929;1.0937892492649615;0.833240504586216;0.7620060599344644;0.12344464327570852;0.11284623207478195;1.0970131199020983;9.999771837382516;0.8334368992285346;1.09713100927135;1.0972039842098567;0.7598197773512183;-0.125743031792409;0.7699993457570585
52.506929;1.0937910215475606;0.8332371817844586;0.7620056532954665;0.12344417652506874;0.11284635552796413;1.0970113224328424;9.999757075350981;0.8334325485632955;1.0971335335218582;1.097204193184889;0.7598196546066553;-0.1257430320613828;0.769999082640346
52.516929;1.0937927400063276;0.8332338390275424;0.7620052189798598;0.12344368011682778;0.1128464749738567;1.0970096236776707;9.999742176129578;0.8334283351551147;1.0971359456109968;1.097204369455012;0.7598196068235192;-0.1257430323134287;0.7699988361712374
52.526929;1.0937944020177048;0.8332304851049165;0.7620047636385813;0.1234431542681191;0.11284659183398356;1.0970080333935752;9.999727207478353;0.8334242717106733;1.0971382389408542;1.0972045203951204;0.7598196399226005;-0.12574303255026892;0.7699986064404413
52.536929;1.093796005810345;0.8332267851697753;0.7620039802091411;0.12344376554217103;0.11284777317515716;1.0970065596349756;9.999712248562428;0.8334203686677274;1.0971404114651433;1.0972046569009297;0.7598197578637814;-0.12574303277427837;0.7699983912994844
52.546929;1.0937975514791747;0.8332234370818292;0.7620035044314013;0.1234431833240302;0.1128478885461288;1.097006207149666;9.999697375474033;0.8334166341873215;1.097142465528144;1.0972047924734336;0.7598199617541203;-0.12574303298827855;0.7699981869785525
52.556929;1.0937990400700848;0.8332201100773067;0.7620030280621551;0.12344257489991585;0.11284800442515572;1.0970049779716993;9.999682658114445;0.8334130752454121;1.097144404528964;1.0972049418706276;0.7598202502705917;-0.12574303319551292;0.7699979895037823
52.566929;1.093800472271369;0.8332168183030738;0.7620025546264407;0.12344194191411495;0.11284812110860538;1.0970038733875882;9.99966816234906;0.8334096986092702;1.0971462290203429;1.0972051200480017;0.7598206200947083;-0.12574303339943715;0.7699977960515756
52.576929;1.0938018479391984;0.8332135748900186;0.7620020857982911;0.1234412860462059;0.11284823856295581;1.0970028952836726;9.999653941325183;0.8334065103106508;1.0971479352673257;1.0972053417509229;0.7598210654947805;-0.12574403360336686;0.7699977691468171
52.586929;1.0938031664749415;0.8332103905820931;0.7620016219334986;0.12344060897173742;0.11284835658450215;1.0970020465792034;9.999640029760295;0.8334035142332684;1.0971495171354406;1.0972056209838175;0.7598215782235722;-0.12574403381023846;0.7699975833703322
52.596929;1.0938044275760739;0.8332072733546514;0.7620011619231166;0.12343991239598501;0.11284847494826378;1.0970013312809936;9.999626456100598;0.8334007122738706;1.0971509693690733;1.0972059696256957;0.7598211486862864;-0.12574403402237494;0.7699964172874322
52.606929;1.093805631379635;0.8332042288745669;0.7620007035916972;0.1234391980597272;0.11284859356990205;1.0970007533017414;9.999613258214694;0.8333981059414468;1.0971522901468127;1.0972063964765486;0.7598217675354527;-0.12574403424139913;0.7699962455570264
52.616929;1.0938067783057766;0.8332009179664032;0.7619999304531724;0.12343963364163228;0.11284977831990955;1.0970003145989007;9.999600485371854;0.8333956969897744;1.0971534817375364;1.097206908079568;0.7598224261862857;-0.12574403446844595;0.7699960826270347
52.626929;1.0938078691187059;0.8331980320671185;0.7619994690592291;0.12343888931716822;0.11284989785880468;1.0970000153152497;9.999588200355692;0.8333934862002479;1.0971545487768593;1.0972075095827902;0.7598231161027975;-0.12574403470456588;0.7699959299777788
52.636929;1.0938089046427502;0.8331952310134989;0.7619990034683071;0.12343813277839155;0.1128500181087202;1.0969998550785844;9.999576489556283;0.8333914714332328;1.0971554955150018;1.0972082035716344;0.7598238279298994;-0.12574403495104156;0.7699957900496271
52.646929;1.093809885141417;0.833192518157483;0.7619985312026353;0.12343736574932873;0.11285013908810865;1.0969998330967978;9.9995654529952;0.8333896468330749;1.0971563236559272;1.097208989179169;0.759824551201874;-0.12574403520923308;0.7699956653407828
52.656929;1.0938108097724222;0.833189896009883;0.7619980492445544;0.1234365897433211;0.11285026053595092;1.096999947601198;9.999555172207021;0.8333880038246775;1.0971570311855356;1.0972098637446561;0.7598252745865195;-0.1257440354801246;0.7699955573351513
52.666929;1.0938126359298177;0.8331881272842969;0.7619975846009318;0.12343569863253569;0.11285018508411437;1.0970001957529356;9.999545695406123;0.8333865325057824;1.0971576122886915;1.0972108248173442;0.7598259866336255;-0.12574503576407123;0.7699956293342172
52.676929;1.0938134436821392;0.8331856847080732;0.7619970781462687;0.12343490732452789;0.11285030618496461;1.0970005749292302;9.99953704798494;0.8333852220988939;1.0971580576817863;1.097211870430213;0.7598266767977835;-0.12574503606086643;0.7699955532387529
52.686929;1.0938141919156046;0.8331833287657716;0.7619965586248221;0.12343410911095334;0.11285042664428968;1.0970010844357732;9.999529237379818;0.8333840608275067;1.0971583546100103;1.0972129987861587;0.7598273359134121;-0.1257450363700348;0.7699954900013107
52.696929;1.0938148814574329;0.8331810583970732;0.7619960253198889;0.12343330467425434;0.11285054630993152;1.097001724819274;9.999522243821565;0.8333830363544936;1.097158487425023;1.0972142089707166;0.7598279558540691;-0.12574503669125203;0.7699954377563559
52.706929;1.0938155132118292;0.8331785299125679;0.7619951631193829;0.12343366070801544;0.11285173093868613;1.0970024957063842;9.999516018283204;0.8333821367448672;1.0971584393311338;1.0972155018001852;0.7598285288211994;-0.1257450370246611;0.7699953955620039
52.716929;1.0938160868540112;0.8331764316038714;0.7619945987224879;0.12343284636239431;0.112851849049996;1.0970033959041072;9.999510499148416;0.8333813515037651;1.0971581939396824;1.097216878962344;0.7598290466077665;-0.12574503737067855;0.7699953635951969
52.726929;1.0938166004545227;0.8331744210706358;0.7619940148321338;0.12343202835231336;0.11285196634380763;1.0970044256411733;9.999505633618286;0.833380672773092;1.0971577355056283;1.0972183405860343;0.7598295001996622;-0.12574503772925003;0.7699953440036665
52.736929;1.0938170515155745;0.833172499713525;0.7619934074296267;0.1234312074635897;0.11285208266902948;1.0970065872038066;9.999501379354232;0.8333800958700324;1.097157048928535;1.097219883167629;0.7598298805947965;-0.12574503809909757;0.7699953410358633
52.746929;1.0938174382673214;0.833170669457402;0.761992772472068;0.12343038437566903;0.11285219782454547;1.0970078833692232;9.999497688641016;0.8333796179749611;1.0971561209566236;1.0972215002253913;0.7598301808356597;-0.125745038477694;0.7699953594788811
52.756929;1.09381776046238;0.8331689331138522;0.7619921062716446;0.12342955968727475;0.112852311515429;1.0970093165702632;9.999494507240573;0.8333792354196714;1.0971549419258746;1.0972231847345382;0.7598303971998441;-0.12574603886203214;0.7699955663032652
52.766929;1.0938180196926117;0.8331672937664016;0.7619914053142433;0.12342873397439688;0.11285242338993957;1.0970108890925234;9.999491788113724;0.8333789414573297;1.0971535068542346;1.0972249296719074;0.7598305285234455;-0.1257460392493316;0.769995636535404
52.776929;1.0938182191719537;0.8331657541181161;0.7619906657121789;0.12342790786605227;0.11285253316514633;1.0970126026009404;9.999489489811257;0.8333787260498084;1.0971518155048898;1.0972267268544622;0.7598305749180607;-0.12574603963725664;0.7699957321522314
52.786929;1.0938183633115917;0.8331639728720647;0.761989568912164;0.12342824785605973;0.11285370651374528;1.097014457451069;9.999487569397422;0.8333785773446915;1.097149871543751;1.0972285671445983;0.759830536773392;-0.12574604002401532;0.7699958492517046
52.796929;1.0938184570324485;0.8331626395756561;0.761988739180859;0.12342742270721604;0.11285381206485656;1.0970164526344797;9.99948599072712;0.8333784833589631;1.0971476818165729;1.0972304425357238;0.7598304141743085;-0.12574604040845677;0.7699959832690259
52.806929;1.0938185050284477;0.8331614119347632;0.7619878588139558;0.1234265985962993;0.11285391591183018;1.0970185861181505;9.999484732625605;0.8333784333341102;1.097145256246196;1.0972323481699675;0.7598302069010346;-0.12574604078986584;0.7699961312781568
52.816929;1.0938185116266783;0.8331602902369533;0.7619869246435732;0.12342577588778475;0.11285401846129227;1.0970208562114891;9.999483787403141;0.8333784183583242;1.0971426070047001;1.0972342825300294;0.7598299150721262;-0.1257460411674183;0.7699962927950585
52.826929;1.0938184802380309;0.8331592740718117;0.7619859334382358;0.12342495516019228;0.11285412014959746;1.0970232636906;9.999483150290919;0.8333784307479043;1.0971397462333978;1.097236245783522;0.7598295398955988;-0.1257460415398593;0.7699964688438218
52.836929;1.0938184126862966;0.8331583636298361;0.7619848812393505;0.12342413726578183;0.11285422145000637;1.0970258121392307;9.999482798955597;0.8333784632092291;1.0971366844971664;1.097238238830101;0.7598290833276848;-0.12574604190562974;0.7699966610264515
52.846929;1.0938183104705421;0.8331575608638718;0.7619837628387169;0.12342332330183624;0.11285432286600926;1.097028505441958;9.999482684746955;0.8333785087410294;1.0971334312891066;1.0972402642589285;0.7598285465824071;-0.12574704226314132;0.7699970344403839
52.856929;1.0938181771003406;0.8331568696095779;0.7619825720875165;0.12342251448615726;0.11285442489255382;1.0970313444448283;9.999482751570435;0.8333785611470349;1.097129995815642;1.0972423265481035;0.7598279293199831;-0.1257470426110819;0.7699972635847221
52.866929;1.093818978492426;0.8331570570001866;0.7619813319778513;0.1234216048664319;0.11285433103884819;1.0970343255205628;9.999482959229608;0.8333786160142461;1.0971263876246287;1.0972444312915421;0.759827230422941;-0.12574704294849973;0.7699975108356414
52.876929;1.0938188059420342;0.833156257497079;0.7619796648641802;0.12342197587812587;0.11285550119934011;1.0970374412984356;9.999483284665542;0.8333786714845132;1.0971226171749788;1.097246585648168;0.7598254491317402;-0.12574704327453784;0.769996787159416
52.886929;1.0938186299887982;0.833155922919594;0.7619782252984656;0.12342118999287666;0.11285560702489228;1.097040681822027;9.999483709527073;0.8333787275917662;1.0971186952085352;1.0972487990828044;0.7598245855568433;-0.12574704358832847;0.7699970639074498
52.896929;1.093818462320137;0.8331557106334504;0.7619766982032019;0.12342041464242803;0.11285571425165765;1.0970440359114668;9.999484218120463;0.8333787844895877;1.0971146322748675;1.0972510829240918;0.7598236403050309;-0.12574704388924265;0.7699973547672558
52.906929;1.0938183139172653;0.8331556212538451;0.7619750832938851;0.12341965158302876;0.11285582280934638;1.0970474933140402;9.999484811042532;0.8333788416733268;1.0971104396879106;1.0972534489453716;0.759822613560443;-0.12574704417706034;0.769997661317758
52.916929;1.093818193776019;0.8331556544592613;0.7619733792324941;0.12341890261912544;0.11285593265844408;1.097051046312998;9.999485517054444;0.8333788988349132;1.0971061301891119;1.0972559075710042;0.7598215052830305;-0.12574704445182597;0.7699979856068918
52.926929;1.0938181078344673;0.8331558087363133;0.76197158344486;0.12341816941418668;0.11285604384123955;1.0970546889409762;9.999486387900433;0.833378956801266;1.09710171780845;1.0972584668680356;0.7598203167598712;-0.12574704471375087;0.76999833076688
52.936929;1.0938180598040705;0.8331560811204429;0.7619696931963651;0.12341745345060723;0.11285615641172786;1.0970594148062507;9.999487489077348;0.8333790175928092;1.0970972182204253;1.0972611327130106;0.7598190517524323;-0.12574804496341563;0.7699988645166094
52.946929;1.0938180535158823;0.8331564671567327;0.761967707018454;0.12341675614128636;0.11285627035698242;1.0970632164380172;9.999488900495537;0.8333790840284926;1.0970926492010105;1.0972639083964286;0.7598177167274403;-0.12574804520192356;0.7699992645814404
52.956929;1.0938180940885103;0.8331569617939594;0.7619656253804732;0.12341607883564176;0.11285638562329996;1.0970670860213;9.999490712565931;0.833379159570958;1.097088029542248;1.0972667931243718;0.7598163202199042;-0.12574804543077608;0.7699996971749846
52.966929;1.0938181879636204;0.8331572170238881;0.7619631357691695;0.12341658864672614;0.11285756785609714;1.0970710148910086;9.999493012834531;0.8333792484831236;1.0970833770098574;1.0972697821828945;0.7598148712251548;-0.12574804565166978;0.7700001647821557
52.976929;1.0938183439325808;0.8331579176001636;0.7619608684562056;0.1234159551154929;0.11285768528424761;1.0970749924905225;9.99949588410716;0.8333793558471962;1.0970787079244588;1.0972728694915264;0.7598133782146135;-0.12574804586632723;0.7700006711670224
52.986929;1.0938185738108015;0.8331587190859228;0.761958511388376;0.12341534543919955;0.11285780335996322;1.0970790068396041;9.999499417811906;0.833379487341997;1.0970740386360327;1.09727604921158;0.759811849747803;-0.12574804607633933;0.7700012214396832
52.996929;1.0938188902943402;0.8331596225964977;0.7619560677490602;0.12341476101707201;0.11285792185785254;1.0970830452687788;9.9995037205088;0.8333796489065134;1.0970693860405418;1.0972793147717859;0.759810295132969;-0.12574804628302844;0.7700018209593886
53.006929;1.0938193035549446;0.8331606310134698;0.7619535423126369;0.1234142032503342;0.11285804071931739;1.09708709458638;9.99950890396085;0.8333798458733418;1.0970647660120065;1.0972826572929217;0.7598087240100366;-0.12574804648728619;0.7700024744634262
53.016929;1.0938198200051137;0.8331617486067054;0.7619509416168004;0.12341367337007694;0.11285816001375328;1.0970911416952294;9.99951507167856;0.8333800818561231;1.097060191759837;1.0972860653420817;0.7598071454038495;-0.12574804668944337;0.7700031851416826
53.026929;1.0938204439834673;0.8331629802150643;0.7619482736862174;0.12341317221926452;0.11285827983528908;1.0970951741669543;9.999522311030363;0.8333803589453507;1.097055673003039;1.0972895257123325;0.7598055675499078;-0.12574804688931718;0.7700039539115016
53.036929;1.093821180060645;0.8331643308165051;0.7619455472274207;0.12341270022204753;0.1128584003066471;1.0970991798760328;9.999530691184551;0.8333806787715852;1.0970512152777776;1.0972930238668828;0.7598039986706296;-0.12574904708636267;0.7700049431682852
53.046929;1.093822033503477;0.833165804899326;0.7619427704801971;0.12341225753406099;0.11285852169386543;1.0971031468292378;9.999540271614801;0.8333810426551613;1.0970468199922465;1.0972965437349798;0.7598024470194401;-0.12574904727978986;0.7700058246870903
53.056929;1.093823009575478;0.8331670612541222;0.7619396355943092;0.1234130099706336;0.11285971016249932;1.0971070639837872;9.999551119690791;0.8333814515468835;1.0970424863062325;1.0973000685138643;0.7598009198209293;-0.12574904746873067;0.7700067596534207
53.066929;1.093825072426875;0.8331695499921581;0.7619368038020568;0.12341251832878754;0.11285963762425663;1.097110921581054;9.99956332335777;0.8333819065601221;1.097038213651602;1.0973035832199651;0.7597994227669307;-0.12574904765229228;0.7700077454088241
53.076929;1.093826306952252;0.8331714007856726;0.7619339040359003;0.1234121621620252;0.11285976388096948;1.0971147103146475;9.999576985305676;0.8333824092512381;1.0970340027453471;1.0973070767741735;0.7597979606007487;-0.12574904782926338;0.7700087793337
53.086929;1.0938276715694781;0.8331733739406437;0.7619309652881627;0.12341183339416056;0.11285989211583299;1.097118420747654;9.999592204290602;0.8333829616357796;1.0970298554062299;1.097310542167309;0.7597965378335936;-0.12574904799803388;0.7700098600026647
53.096929;1.0938291616419744;0.8331754667441181;0.7619279859265221;0.1234115310188916;0.11286002243618001;1.0971220439708145;9.999609067700696;0.8333835660158612;1.0970257743318514;1.0973139751771;0.7597951589009125;-0.12574904815700258;0.7700109879703121
53.106929;1.0938307710719966;0.833177676728216;0.7619249638077431;0.12341125401941841;0.11286015491401431;1.0971255728031268;9.999627652417113;0.8333842240561695;1.0970217623862468;1.0973173724874077;0.7597938275764653;-0.1257490483047157;0.7700121660274675
53.116929;1.0938324938656903;0.8331800013154823;0.7619218981740574;0.12341100133625686;0.11286028951342307;1.097129002174663;9.999648016735597;0.833384935585365;1.0970178214144934;1.0973207312194733;0.7597925461205045;-0.1257490484397118;0.7700133994409961
53.126929;1.093834324619947;0.8331824368601416;0.761918791135531;0.12341077200376914;0.1128604261177955;1.0971323288156543;9.999670198594849;0.8333856984517845;1.0970139512309445;1.0973240507556814;0.7597913151286313;-0.12574904856068153;0.7700146957303206
53.136929;1.0938362590407888;0.8331849784001436;0.7619156477726806;0.12341056546948574;0.1128605646795415;1.0971355504962794;9.999694226720074;0.833386509561686;1.0970101491730684;1.097327334136798;0.7597901343814719;-0.12575004866679687;0.7700162263531314
53.146929;1.093838294202055;0.8331872766884911;0.7619121609183254;0.12341154755072722;0.11286177103044386;1.097139663888757;9.999720127130416;0.8333873658205865;1.0970064117390679;1.0973305868641958;0.7597890041809146;-0.1257500487579936;0.770017671904706
53.156929;1.0938404280954563;0.8331900139314744;0.7619089660892517;0.12341138670984808;0.11286191361793806;1.0971426629902206;9.999747920424129;0.8333882646990407;1.0970027381048795;1.0973338146178824;0.7597879260650297;-0.12575004883520988;0.7700192015801992
53.166929;1.0938426587636405;0.8331928419280412;0.7619057548629955;0.12341124884125249;0.11286205789054524;1.0971455400724364;9.999777609984655;0.8333892046704661;1.0969991317534713;1.0973370215672282;0.7597859020647079;-0.1257500489003285;0.7700198331682597
53.176929;1.0938449831409252;0.8331957567555962;0.761902532161359;0.12341113370105672;0.11286220333426561;1.0971482867653362;9.999809171865875;0.8333901848099001;1.0969955989795;1.097340209363195;0.7597849338467056;-0.12575004895569591;0.7700215414146084
53.186929;1.0938473961327233;0.8331987549989336;0.7618993036641922;0.12341104086860075;0.11286234942042381;1.097150894203862;9.99984256647901;0.8333912040045236;1.0969921470246564;1.0973433768469152;0.7597840232605407;-0.12575004900337428;0.7700233379437763
53.196929;1.09384989062335;0.8332018339755024;0.761896075841655;0.1234109698444137;0.11286249572926363;1.0971533535369582;9.999877757199455;0.8333922611499107;1.096988783462324;1.097346520405263;0.7597831728498675;-0.12575004904462903;0.7700252188315817
53.206929;1.0938524576374642;0.8332049914791894;0.7618928540241101;0.12341092007639984;0.11286264202643227;1.0971556565314773;9.999914710780317;0.8333933559016284;1.0969855167321145;1.0973496350753504;0.759782385009478;-0.12575004908020154;0.7700271801762609
53.216929;1.0938550856166538;0.8332082246483917;0.7618896415099576;0.12341089097516429;0.11286278824865872;1.097157796193561;9.999953383728409;0.8333944891220371;1.0969823568221742;1.0973527160807681;0.7597816612672522;-0.12575004911117946;0.7700292193002576
53.226929;1.0938577594304466;0.8332115287470897;0.7618864407429231;0.1234108818906261;0.11286293441024328;1.0971597677019287;9.999993707479895;0.833395663213624;1.0969793148996623;1.0973557593179726;0.7597810026600383;-0.12575004913970203;0.7700313346094516
53.236929;1.0938604611029743;0.8332145526866478;0.7618829399457863;0.12341205788506689;0.11286414628410336;1.0971615684781506;10.000035585803618;0.8333968818557994;1.096976402484317;1.0973587604544126;0.7597804102228065;-0.12575104916899355;0.7700336883971812
53.246929;1.0938631726585186;0.833217973881902;0.7618797694070516;0.12341208622667516;0.1128642923001625;1.0971631975241836;10.00007890642053;0.8333981491213764;1.0969736304122186;1.097361713971146;0.7597798850983687;-0.12575104920302624;0.7700359528709084
53.256929;1.0938658787547817;0.8332214367315834;0.7618766159351215;0.12341213153820327;0.11286443805290357;1.097164655317368;10.0001235510026;0.8333994693673958;1.0969710071928664;1.097364612699103;0.7597794282598392;-0.1257510492463975;0.7700382883599153
53.266929;1.0938685674059225;0.8332249283329978;0.7618734801614234;0.12341219239767298;0.11286458313086199;1.0971659439301324;10.000169399760079;0.8334008477950522;1.0969685389078718;1.0973674480913274;0.7597790395359343;-0.12575104930430395;0.7700406892335592
53.276929;1.0938721882430502;0.8332291989577789;0.7618703920926265;0.12341216017413066;0.11286452990523259;1.0971670669586033;10.000216334568716;0.833402290248767;1.0969662315430666;1.097370211714542;0.7597787166373596;-0.12575104938204548;0.7700431477681334
53.286929;1.0938748141176917;0.8332327130010028;0.7618672944844948;0.12341224781416191;0.11286467142976006;1.0971680296787305;10.000264236846114;0.833403801790576;1.0969640925306405;1.0973728965520106;0.759778455097967;-0.12575104948443955;0.770045655063131
53.296929;1.0938773954435992;0.833236224510214;0.7618642177735843;0.12341234683172901;0.11286481024631838;1.0971688402354036;10.000312984654952;0.8334053849482891;1.0969621295760474;1.0973754970425125;0.7597782484229935;-0.12575104961596917;0.7700482013589685
53.306929;1.0938799247314237;0.8332397258545785;0.7618611631725621;0.12341245596610952;0.11286494612333973;1.0971695112463895;10.000362450200203;0.8334070389146471;1.0969603484748578;1.0973780081238074;0.75977808819721;-0.12575104978110285;0.7700507762887472
53.316929;1.0938823970792033;0.8332432100484745;0.7618581317019827;0.12341257405980545;0.11286507884691736;1.0971700596545058;10.00041248838791;0.8334087600951545;1.0969587522902138;1.0973804232579423;0.7597779650757626;-0.12575104998374897;0.7700533698839277
53.326929;1.093884808794754;0.8332466709936489;0.7618551242396777;0.12341270005179039;0.11286520802249377;1.0971705048760214;10.000462928340891;0.8334105439961031;1.0969573421785794;1.0973827338039308;0.7597778697227219;-0.12575105022642535;0.7700559737129935
53.336929;1.0938871553891407;0.8332497594413681;0.7618518274826332;0.12341399874365157;0.11286639889790105;1.0971708661241728;10.000513583707889;0.8334123870856935;1.0969561184737346;1.0973849308832906;0.7597777924719705;-0.12575205051015423;0.7700587437973986
53.346929;1.0938894315583447;0.8332531561758065;0.7618488713894714;0.12341413735825203;0.11286651938181418;1.0971711592260287;10.000564264573446;0.8334142863776691;1.096955081651038;1.0973870069881755;0.7597777230049558;-0.12575205083477461;0.7700613461688169
53.356929;1.0938916316478018;0.8332565086602404;0.7618459443810913;0.12341428084822108;0.1128666346611233;1.0971723950200925;10.000614779059678;0.8334162380533401;1.0969542332075508;1.0973889572142712;0.7597776510387605;-0.12575205119927305;0.7700639363118531
53.366929;1.093893749975747;0.8332598064119897;0.7618430493930219;0.12341442844665854;0.11286674433885063;1.097172580552818;10.000664941672097;0.8334182378696663;1.0969535750154542;1.0973907803876124;0.7597775677882926;-0.1257520516021212;0.7700665063559883
53.376929;1.093895781660776;0.8332630382195659;0.7618401897751321;0.12341457939710279;0.11286684841539191;1.0971727211612874;10.000714583957965;0.8334202822028846;1.0969531068003622;1.097392478028878;0.759777467874759;-0.1257520520411913;0.7700690485672744
53.386929;1.0938977229023428;0.8332661925758004;0.7618373710739087;0.12341473291778163;0.11286694731340914;1.0971728213953214;10.000763549613897;0.8334223673499339;1.0969528244128317;1.0973940521607106;0.7597773496476202;-0.1257520525133923;0.7700715554730528
53.396929;1.093899570948552;0.8332692574718231;0.7618346023236799;0.12341488820583964;0.11286704170479117;1.0971728844834983;10.000811691914775;0.8334244878827185;1.096952720621328;1.0973955040904075;0.759777212930039;-0.12575205301476775;0.7700740195876835
53.406929;1.0939013241505717;0.8332722197014123;0.761831895362724;0.1234150444889435;0.11286713232119021;1.0971729110476138;10.000858885496026;0.8334266362535149;1.096952786518694;1.0973968339552593;0.759777057039074;-0.12575205354089666;0.7700764332422132
53.416929;1.093902980515816;0.8332750646658516;0.7618292625015446;0.12341520121208223;0.11286721993484944;1.0971728985525744;10.00090503050814;0.8334288039905282;1.0969530116477275;1.097398041156465;0.759776881125409;-0.12575205408707207;0.7700787892699658
53.426929;1.0939045358995216;0.8332777772667959;0.7618267142637725;0.12341535812994248;0.11286730544240382;1.097172842834723;10.0009500422573;0.8334309833071227;1.0969533842426726;1.0973991259557812;0.7597766853747917;-0.12575205464869246;0.7700810812185239
53.436929;1.0939059842264098;0.8332799994331856;0.7618239450514143;0.1234166809843842;0.1128684555759295;1.0971727405529288;10.0009938386887;0.8334331674901949;1.0969538927214815;1.0974000904234997;0.7597764708747312;-0.12575305522202795;0.7700834657688974
53.446929;1.0939073184535475;0.8332824053735861;0.7618215909654196;0.12341683789755822;0.11286853964436733;1.0971725899467686;10.001036332829479;0.8334353499200883;1.0969545267110858;1.0974009378351512;0.7597762382335496;-0.12575305580457555;0.7700856094128703
53.456929;1.0939085312992538;0.83328463930756;0.761819344611065;0.1234169945289454;0.11286862398270157;1.0971723898772818;10.001077432924836;0.8334375238280726;1.0969552761962542;1.097401672383216;0.7597759866826395;-0.12575305639461593;0.7700876693431519
53.466929;1.0939096162711905;0.8332866907801816;0.7618172116032206;0.12341715051404464;0.11286870894359845;1.0971721393600464;10.00111704118444;0.8334396835766706;1.0969561294351147;1.0974022995993693;0.7597757140706936;-0.12575305699057132;0.7700896413915216
53.476929;1.0939105679865506;0.8332885512448042;0.7618151973335143;0.1234173051875872;0.11286879468911173;1.0971718379046167;10.001155044384262;0.8334418262007588;1.0969570720745627;1.0974028260529136;0.7597754173524474;-0.1257530575909163;0.7700915233430433
53.486929;1.0939113819689037;0.8332902133468256;0.7618133075222965;0.12341745761493089;0.11286888123899663;1.0971714856430708;10.001191311657093;0.8334439518143523;1.0969580887365677;1.0974032584498818;0.7597740935133978;-0.12575305819446217;0.7700923272511512
53.496929;1.0939130147301004;0.8332924327598289;0.7618115762242288;0.12341749950052477;0.11286877173743101;1.0971710837360134;10.001225706566322;0.8334460623327791;1.0969591646860295;1.0974036028838376;0.7597737402057093;-0.12575305880036639;0.7700940246954711
53.506929;1.0939135480776325;0.8332936773640021;0.7618099481846804;0.12341764394166574;0.11286886028865491;1.0971706350169885;10.00125809627728;0.8334481598949902;1.0969602856230396;1.0974038644849131;0.7597733555546048;-0.12575305940765297;0.7700956271648698
53.516929;1.0939139433621465;0.8332947032556698;0.7618084537574801;0.12341778255125137;0.1128689503628727;1.097170143473653;10.001288350436385;0.8334502463931789;1.0969614366765081;1.0974040478497031;0.7597729382887733;-0.12575306001461845;0.770097132163517
53.526929;1.0939142028093527;0.8332955062908982;0.7618070914872648;0.12341791411418356;0.11286904225305494;1.0971696131189586;10.00131634454235;0.8334523232401507;1.0969626022150705;1.097404157945794;0.7597724889281533;-0.12575306061882224;0.7700985361003959
53.536929;1.0939143282510098;0.8332957434085424;0.7618055426487033;0.12341920323290521;0.11287020176515208;1.0971690479798368;10.001341970123091;0.8334543904295737;1.0969637671082766;1.0974042003703992;0.7597720101141139;-0.12575306121757754;0.770099834460877
53.546929;1.0939143221877252;0.8332961068514291;0.761804429004005;0.12341931690913854;0.11287029730692116;1.0971684528197492;10.001365138634569;0.8334564460993116;1.0969649183326153;1.0974041808818815;0.759771505311341;-0.12575406180820628;0.7701011859923255
53.556929;1.0939141885996329;0.8332962595377811;0.7618034290180233;0.12341941985775191;0.11287039464112468;1.0971678332318509;10.00138577905524;0.8334584875651041;1.096966044802632;1.0974041052993677;0.7597709782330739;-0.12575406238804432;0.7701022604602058
53.566929;1.0939139327363816;0.8332962093015105;0.7618025356578868;0.12341951117902612;0.11287049373922343;1.097167194767888;10.001403834709711;0.8334605125940476;1.0969671355535138;1.097403979614547;0.7597704332526567;-0.12575406295447422;0.770103218870847
53.576929;1.0939135595332143;0.8332959654433458;0.7618017429260894;0.1234195902029093;0.11287059445352249;1.0971665415520946;10.001419262269541;0.8334625198054876;1.0969681783503324;1.0974038096841914;0.7597698748517354;-0.12575406350495974;0.7701040601235772
53.586929;1.0939130712584655;0.8332955385122497;0.7618010461217549;0.12341965638859337;0.11287069668934366;1.097166875721851;10.001432031877544;0.8334645088260443;1.096969159785816;1.0974036013014996;0.7597693067512241;-0.1257540640370655;0.7701047839893863
53.596929;1.0939124669349385;0.8332949403457495;0.7618004414197815;0.12341970922980425;0.11287080052704876;1.0971661983500132;10.001442120778663;0.833466480873928;1.0969700669002864;1.0974033605509874;0.7597687320072514;-0.1257540645483725;0.7701053906412857
53.606929;1.0939117440374784;0.8332941835453983;0.7617999252720696;0.12341974825762023;0.11287090607085469;1.0971655102873739;10.001449504705421;0.8334684389840602;1.0969708892082188;1.0974030933470356;0.7597681532596101;-0.12575406503635705;0.7701058797513739
53.616929;1.0939106171002797;0.8332931731945951;0.7617995931556174;0.123419010519435;0.11287034526375837;1.0971648125851008;10.001454160440078;0.833470387209639;1.0969716191714372;1.0974028045956186;0.7597675727748194;-0.12575406549848284;0.7701062502834728
53.626929;1.093909649274511;0.8332921351338887;0.7617992437154634;0.12341902107035646;0.11287045366567085;1.0971641074948935;10.001456078086726;0.8334723295197694;1.0969722515023184;1.0974024976900265;0.7597669927578686;-0.12575406593245145;0.7701065011918681
53.636929;1.09390855674268;0.8332906294654747;0.7617986581655712;0.12342018300531571;0.11287162844092696;1.0971633984318878;10.001455268866792;0.8334742690869597;1.0969727834013958;1.097402174057797;0.759766415438146;-0.12575406633643907;0.7701066319923393
53.646929;1.0939073407853819;0.8332893538988504;0.7617984606858348;0.12342016431337118;0.11287173721045761;1.0971626878018805;10.001451759843484;0.8334762078534927;1.0969732152284983;1.0974018331016848;0.7597658423300088;-0.12575406670920625;0.7701066436393763
53.656929;1.0939060044214344;0.8332879742867599;0.7617983317465424;0.12342013034039971;0.11287184470085307;1.0971619751664392;10.001445580660187;0.83347814642972;1.096973549190248;1.097401473145632;0.7597652736121947;-0.1257550670498224;0.7701067028628655
53.666929;1.093904551038235;0.8332865004672373;0.7617982655428913;0.12342008036366343;0.11287194981005151;1.0971612579406245;10.001436757936945;0.833480085106281;1.096973786635564;1.0974010923797006;0.7597647087182193;-0.1257550673571851;0.770106488617889
53.676929;1.0939029837982648;0.8332849440187101;0.7617982569145401;0.12342001357510282;0.11287205152900998;1.0971605341148156;10.001425327923048;0.8334820255272276;1.0969739272767638;1.0974006884371121;0.7597641471089153;-0.12575506763006944;0.7701061703706289
53.686929;1.0939013065956673;0.8332833182923303;0.7617983014241815;0.12341992927246256;0.11287214910396677;1.097159804471508;10.00141135795009;0.8334839710500297;1.0969739706766424;1.0974002571719517;0.7597635883155969;-0.1257550678676877;0.770105753957348
53.696929;1.093899525243574;0.8332816372795163;0.7617983948337297;0.12341982693330024;0.11287224216361899;1.0971590730496545;10.001394954201452;0.8334859256540483;1.096973917063327;1.097399792331711;0.7597630321807218;-0.12575506806992343;0.7701052449061172
53.706929;1.093897646993957;0.8332799148618186;0.7617985326074124;0.12341970611554676;0.11287233060447631;1.0971583472672481;10.001376243547991;0.8334878932664506;1.0969737669326434;1.097399286926057;0.7597624794714977;-0.125755068236934;0.7701046494621905
53.716929;1.0938956790540666;0.8332781645972316;0.7617987095046072;0.12341956644066107;0.1128724143372078;1.0971576376114616;10.001355345075659;0.8334898782056082;1.096973521598874;1.0973987352062764;0.7597619322125009;-0.1257550683687064;0.7701039758031967
53.726929;1.0938945865257672;0.8332771619673354;0.7617989492406746;0.12341930047453971;0.11287229638056684;1.097156955746426;10.001332358467192;0.8334918855253779;1.0969731844786754;1.097398133862845;0.7597613938086953;-0.1257550684650717;0.7701032338203493
53.736929;1.093892454968992;0.8332750494030792;0.7617988744387499;0.12342028822700322;0.11287343648036743;1.0971563125572508;10.00130737406045;0.833493920626768;1.096972761084363;1.0973974828605026;0.7597608688288479;-0.1257550685258114;0.770102433607062
53.746929;1.0938902458731452;0.8332732860096929;0.761799137999567;0.12342009078771743;0.11287350643226925;1.0971557177501037;10.001280490685446;0.8334959885976008;1.0969722578913084;1.0973967852212148;0.7597603621893393;-0.1257550685507241;0.7701015843857092
53.756929;1.0938879614864099;0.8332715349769159;0.7617994202370351;0.12341987414565657;0.1128735720025402;1.097155179892008;10.001251826330703;0.8334980935567609;1.0969716810602024;1.097396044427879;0.75975987858351;-0.12575506854016885;0.7701006944953911
53.766929;1.0938856056056987;0.8332698020236429;0.7617997151825756;0.12341963836654178;0.11287363281815717;1.0971547059349032;10.00122151358313;0.8335002390730822;1.096971034792313;1.0973952623750352;0.7597594227732641;-0.12575606849547857;0.7700999345366503
53.776929;1.0938831836150007;0.833268092491163;0.7618000180969053;0.12341938343187549;0.11287368836864145;1.0971543008658322;10.001189688014708;0.8335024293315088;1.0969703203755066;1.0973944398295477;0.7597589997374535;-0.1257560684185555;0.770098983611082
53.786929;1.093880701842656;0.8332664113397081;0.7618003269058444;0.12341910953273157;0.11287373831148473;1.0971539680143967;10.001156475809445;0.8335046683917754;1.0969695376810646;1.0973935766809753;0.759758613998905;-0.12575606831130126;0.7700980094322583
53.796929;1.093878167975226;0.8332647631331525;0.7618006420200386;0.12341881727804709;0.11287378253001473;1.0971537099331605;10.001121979912273;0.8335069586257421;1.0969686871968984;1.0973926716418174;0.7597582688326733;-0.12575606817532511;0.7700970158664356
53.806929;1.0938755917138216;0.8332631525024891;0.7618009645821904;0.12341850755647883;0.11287382100167355;1.0971535291602676;10.001086272470383;0.8335093014605799;1.096967769810004;1.0973917232889512;0.7597579658986844;-0.12575606801176994;0.7700960063462691
53.816929;1.0938729841544765;0.8332615839373181;0.7618012947056821;0.12341818122321145;0.11287385368723353;1.0971534291629548;10.00104939788483;0.8335116987031342;1.0969667856239331;1.0973907317886384;0.7597577054120538;-0.12575606782133605;0.7700949843400233
53.826929;1.0938703558336733;0.8332600604882542;0.7618016309136753;0.12341783897273703;0.11287388053050164;1.0971544158219093;10.001011386307407;0.8335141520111485;1.0969657335985046;1.0973896996785704;0.759756487044114;-0.12575606760453265;0.7700929673525675
53.836929;1.0938677146999078;0.8332585830431567;0.7618019703539824;0.12341748153528186;0.11287390150505015;1.0971544974248706;10.00097227745909;0.8335166620261553;1.0969646114909735;1.097388630964245;0.7597563112401289;-0.12575606736177708;0.7700919333772466
53.846929;1.0938650659145013;0.8332568070691432;0.7618019949514869;0.12341827581982626;0.1128749824572332;1.0971546826001302;10.000932139864855;0.8335192281746322;1.0969634161065698;1.0973875296142803;0.759756180006118;-0.1257560670932103;0.7700909019541758
53.856929;1.0938624132017936;0.8332554177989747;0.7618023288584101;0.12341789153989521;0.11287499218695203;1.0971549783706795;10.000891067680032;0.8335218483439026;1.0969621440370474;1.0973863993624036;0.7597560968274377;-0.12575606679880166;0.7700898809345359
53.866929;1.0938597591284736;0.8332540680826386;0.7618026540309455;0.12341749622848787;0.1128749969926832;1.0971553895688944;10.00084916488224;0.8335245190373957;1.0969607919066622;1.0973852445442018;0.7597560662746053;-0.1257560664789081;0.7700888793377272
53.876929;1.0938571043141327;0.8332527532964638;0.7618029666895711;0.1234170915389131;0.11287499737240861;1.0971559201027246;10.00080653681163;0.8335272362765102;1.0969593561648652;1.0973840709811016;0.7597560936257214;-0.12575606613457035;0.7700879059152299
53.886929;1.0938544479496224;0.8332514676161903;0.7618032618993006;0.12341667894769517;0.11287499370254812;1.0971565751304087;10.000763287850047;0.833529996342352;1.0969578337878585;1.097382886748743;0.7597561846580086;-0.12575706576723442;0.770087131097137
53.896929;1.0938517891476776;0.833250204618856;0.7618035327655688;0.12341625974403198;0.11287498637557204;1.0971573613673096;10.000719516692227;0.8335327964822482;1.0969562235448858;1.0973817015932723;0.7597563456893438;-0.1257570653783252;0.7700862335926522
53.906929;1.0938491269231603;0.833248958777834;0.7618037709561167;0.12341583513938109;0.11287497580622574;1.097158285772065;10.00067531156374;0.833535635264314;1.0969545253818604;1.097380524748773;0.7597565835670682;-0.12575706496892167;0.7700853805238247
53.916929;1.0938464589340497;0.8332477266957902;0.7618039682903857;0.12341540637925584;0.11287496233111503;1.0971593551164434;10.000630747354661;0.8335385119953412;1.096952738099791;1.0973793633719315;0.7597569055702025;-0.12575706453966967;0.7700845743119434
53.926929;1.0938437806153365;0.8332465078598339;0.761804118191;0.12341497483534322;0.11287494624028349;1.0971605759268916;10.00058588387308;0.8335414259060115;1.0969508586939827;1.0973782223773567;0.7597573190702351;-0.12575706409095916;0.7700838162964716
53.936929;1.0938410861474208;0.8332453049640601;0.7618042161761074;0.12341454207034977;0.1128749278576431;1.0971619532829229;10.000540777271919;0.8335443757309482;1.0969488837973673;1.0973771051575472;0.7597578307507178;-0.12575706362298084;0.7700831070514494
53.946929;1.0938383713034612;0.8332441224928947;0.7618042591917479;0.12341410973795211;0.11287490755488597;1.0971634893106599;10.00049550282034;0.833547360258165;1.0969468108214417;1.097376014663713;0.7597584460274726;-0.1257570631357962;0.7700824462382503
53.956929;1.0938356354462966;0.8332426202993342;0.7618039298798238;0.12341484523327995;0.11287595149487868;1.0971651826597544;10.00045016152825;0.8335503794423774;1.0969446383154153;1.0973749536178679;0.7597591686078673;-0.125757062629721;0.7700818325655056
53.966929;1.0938338398015064;0.8332422494726088;0.7618038816063755;0.12341431093944952;0.11287573165527741;1.097167028833004;10.000404867607696;0.8335534340250107;1.0969423665879596;1.0973739240400175;0.7597599996008422;-0.12575706210541704;0.7700812637784749
53.976929;1.093831069315659;0.8332411400291021;0.7618037374869515;0.12341388799670443;0.11287570812006895;1.0971690208398586;10.000359739908939;0.8335565239455175;1.0969399992135105;1.097372926866134;0.759760937214096;-0.12575706156341998;0.7700807365193222
53.986929;1.0938282882345045;0.8332400531920596;0.7618035233781506;0.1234134699042596;0.11287568452616499;1.097171150065572;10.000314902608944;0.8335596479232202;1.096937544437013;1.0973719612035413;0.7597619777508133;-0.1257570610038058;0.7700802465300153
53.996929;1.09382550362038;0.8332389889379048;0.7618032365861731;0.12341305706341069;0.1128756615036078;1.0971734062778267;10.000270486716909;0.8335628041736566;1.096935014336596;1.0973710232270557;0.7597631166996157;-0.1257570604263569;0.770079788635262
54.006929;1.0938227237636546;0.833237948228093;0.7618028741425181;0.12341264968807203;0.11287563979718512;1.0971757758088199;10.000226637932798;0.8335659912095906;1.0969324224909835;1.0973701055153078;0.7597643491415873;-0.12575805983076316;0.7700795194947784
54.016929;1.0938199580965338;0.8332369316550082;0.7618024329539091;0.12341224786154632;0.11287562026140843;1.097178239725426;10.00018352950469;0.8335692084055579;1.0969297828442972;1.0973691979701814;0.75976566997204;-0.12575805921673208;0.7700791050931785
54.026929;1.093817216611706;0.833235940227905;0.761801910580394;0.12341185155606876;0.11287560370119543;1.0971807744875997;10.000141359354066;0.8335724555892366;1.0969271093599722;1.0973682900665562;0.7597670743356107;-0.12575805858428574;0.770078702507647
54.036929;1.093814507827823;0.8332349769220145;0.7618013059902347;0.1234114607155544;0.1128755907030969;1.0971833555073767;10.000100332642525;0.8335757318795827;1.0969244150933777;1.0973673720388903;0.7597685578345806;-0.1257580579338433;0.7700783073320121
54.046929;1.0938118373074406;0.8332340458417576;0.7618006200308095;0.12341107541243147;0.112875581660897;1.097185961251949;10.000060651857625;0.8335790351754292;1.0969217112494838;1.0973664341066025;0.7597701165342134;-0.12575805726570793;0.7700779161163347
54.056929;1.0938092078383497;0.833233150475032;0.7617998553535827;0.12341069587726576;0.11287557692890342;1.0971885750273533;10.000022518937593;0.8335823626133014;1.0969190073286847;1.0973654654987692;0.7597717473308857;-0.1257580565793699;0.7700775262147099
54.066929;1.0938066205676213;0.8332319495763956;0.7617987019323057;0.12341148828498119;0.1128766426542289;1.0971911849299827;9.999986135746694;0.8335857106093064;1.0969163126910793;1.097364455319908;0.7597734480035596;-0.12575805587337996;0.7700771360422586
54.076929;1.0938040753918623;0.8332311320652908;0.7617977936639599;0.12341112130550262;0.11287664771336997;1.0971937828296714;9.999951690692157;0.8335890740199434;1.096913638084018;1.0973633944164822;0.759775216943557;-0.12575805514610056;0.7700767445158897
54.086929;1.0938015701467696;0.8332303547223413;0.7617968231471518;0.1234107613092336;0.11287665830825672;1.0971973614404045;9.999919337939836;0.8335924456419597;1.0969109957208696;1.0973622755353358;0.7597770538396689;-0.1257580543966562;0.7700763507095811
54.096929;1.0937991004840713;0.8332296171121248;0.7617957984146961;0.12341040887773733;0.11287667483915462;1.097199911287587;9.999889191629086;0.8335958166235145;1.096908398198463;1.097361092380143;0.7597789606497372;-0.1257580536252659;0.7700759545426995
54.106929;1.0937966615968615;0.8332289182726653;0.7617947281402805;0.12341006463470708;0.11287669745850193;1.0972024204260324;9.999861343750826;0.833599177931856;1.0969058577380337;1.0973598395041415;0.759780941408796;-0.1257580528327103;0.7700755573226283
54.116929;1.093794250690562;0.833228257139878;0.7617936204677666;0.12340972913665009;0.11287672604323852;1.0972048763295994;9.999835884953375;0.8336025219255759;1.0969033872897094;1.097358512641935;0.7597830011486838;-0.12575805201933285;0.770075161256505
54.126929;1.0937918685920318;0.8332276322151201;0.7617924824417881;0.12340940281212565;0.11287676046146004;1.0972072678967915;9.99981290717835;0.8336058422415175;1.096901001954005;1.097357108952765;0.7597851445541575;-0.1257590511845683;0.7700749319745765
54.136929;1.0937895198655754;0.8332270409371988;0.7617913201921916;0.12340908610376938;0.11287680078151385;1.097209586191524;9.999792495815678;0.8336091328163465;1.0968987179728011;1.0973556266709754;0.759787374898467;-0.1257590503272842;0.7700745450762169
54.146929;1.0937872113826281;0.8332264805493299;0.7617901387199512;0.12340877958258822;0.11287684724270672;1.0972118233339136;9.99977472643819;0.8336123876063979;1.096896550932811;1.0973540628930905;0.7597896939655961;-0.12575904944625102;0.7700741656643879
54.156929;1.0937849499514931;0.8332259496141684;0.7617889411170015;0.12340848389567752;0.11287690021101464;1.0972139705295105;9.999759664610885;0.8336156008724847;1.096894515569404;1.0973524104095065;0.759792102529156;-0.12575904854045886;0.770073794290651
54.166929;1.0937827406562843;0.8332254479863124;0.7617877279126517;0.12340819967683192;0.11287696014299844;1.097216017472537;9.999747364423;0.833618768042451;1.0968926253117082;1.0973506569991707;0.7597946004239524;-0.12575904760932674;0.7700734295261629
54.176929;1.0937805871017117;0.8332249757177459;0.7617864970375947;0.12340792743001694;0.1128770274267577;1.0972179536713158;9.99973786726872;0.8336218867523343;1.0968908908874737;1.0973487881890058;0.7597971860250459;-0.12575904665253046;0.7700730682780812
54.186929;1.0937784934270658;0.8332241885507512;0.7617849306380858;0.12340883329006322;0.11287816802181362;1.0972197699280188;9.999731200308702;0.8336249567122953;1.096889320088114;1.097346790234753;0.7597998555659057;-0.1257590456697261;0.7700727069770766
54.196929;1.093776466150903;0.8332237725386473;0.761783653457207;0.12340858561438516;0.11287825040623502;1.097221459103944;9.999727378430972;0.833627978532377;1.0968879181688909;1.0973446509560352;0.7598016028961008;-0.12575904466080018;0.7700713563952972
54.206929;1.0937745133385117;0.833223382324277;0.7617823487898989;0.12340835024974346;0.11287834013552267;1.0972230168900794;9.999726417416865;0.8336309532455128;1.0968866874253926;1.0973423595111833;0.7598044201702893;-0.12575904362616824;0.7700709889945039
54.216929;1.093772642051678;0.8332230169683316;0.761781015324345;0.1234081270010745;0.11287843675822383;1.0972244423519437;9.999728347222993;0.8336338831388789;1.0968856263574391;1.097339905934344;0.7598072990531214;-0.1257590425665201;0.7700706198277288
54.226929;1.0937718159832692;0.8332234399207786;0.7617796812663115;0.12340780826029621;0.11287834274297186;1.0972257373151064;9.99973320692124;0.833636772369619;1.0968847292399235;1.0973372805293327;0.7598102308014548;-0.12575904148247724;0.7700702523953181
54.236929;1.0937701185798785;0.8332231289695852;0.7617782870055112;0.12340760776223207;0.11287845140271634;1.0972269056133723;9.999741023812712;0.8336396261033058;1.0968839869037375;1.097334474138149;0.7598132052106995;-0.12575904037451271;0.7700698906283133
54.246929;1.0937685092414735;0.833222850937359;0.7617768609136771;0.12340741791599652;0.11287856561675;1.0972279539062844;9.999751789785845;0.8336424492369862;1.0968833881763207;1.0973314789991815;0.7598162107161718;-0.12576003924312554;0.7700697009570111
54.256929;1.0937669884002361;0.8332226094655415;0.7617754038324507;0.1234072385419849;0.11287868544963627;1.0972288929279714;9.999765452336264;0.833645245798317;1.0968829212475748;1.0973282884953388;0.7598192362776316;-0.1257600380893104;0.7700693594709067
54.266929;1.0937655576233816;0.8332224068847606;0.761773918316007;0.12340706959654796;0.11287881089052823;1.097229737194393;9.9997819298407;0.8336480181086457;1.0968825758913574;1.0973248959295414;0.7598222731707596;-0.12576003691494292;0.7700690322792445
54.276929;1.0937642191344636;0.8332222447075157;0.7617724077696865;0.12340691116605457;0.11287894160750858;1.0972305039386372;9.999801128977156;0.8336507656346099;1.0968823451248488;1.0973212942527628;0.7598253150589395;-0.1257600357228619;0.7700687218192709
54.286929;1.0937629754847964;0.8332221245507416;0.7617708756711882;0.12340676359944272;0.11287907706121444;1.097231212362139;9.999822947460956;0.8336534851993237;1.0968822239875606;1.0973174777138925;0.7598283567205901;-0.12576003451672835;0.7700684297204646
54.296929;1.0937618297859686;0.8332220485758995;0.7617693254055867;0.12340662740525318;0.11287921679302328;1.097231882533589;9.999847274926216;0.8336561724020207;1.0968822079755283;1.097313444348375;0.7598313928855972;-0.1257600333004429;0.7700681572312322
54.306929;1.093760785014524;0.8332216751886332;0.7617674462403266;0.12340766881763995;0.11288042629915046;1.0972325336065063;9.999873997943583;0.8336588224742661;1.0968822936987497;1.0973091973259461;0.7598344176419344;-0.12576003207723;0.77006790592729
54.316929;1.0937598429918178;0.8332216931466305;0.7617658699421097;0.12340755624026636;0.1128805738508346;1.0972331822475427;9.999903005064985;0.8336614305762771;1.0968824796469785;1.0973047445942656;0.7598374244633536;-0.12576003084914217;0.7700676776763019
54.326929;1.0937590045166994;0.8332217593978621;0.7617642855980322;0.12340745558082603;0.11288072494699504;1.0972338415820146;9.999934194523773;0.8336639921190752;1.0968827653357038;1.0973000975549414;0.759840407089903;-0.12576002961737598;0.7700674739426856
54.336929;1.0937582692584316;0.8332218737705819;0.7617626970909555;0.12340736685277519;0.11288087932981133;1.0972345203858742;9.999967481619231;0.8336665025087389;1.0968831494638693;1.0972952693507703;0.7598433606247563;-0.12576002838275566;0.7700672953086203
54.346929;1.0937576350322005;0.8332220349933598;0.7617611089834241;0.12340729003295628;0.1128810368384964;1.0972352240095669;10.000002793804933;0.8336689567288804;1.0968836282268037;1.0972902740790729;0.7598462822281415;-0.1257600271458007;0.7700671411939917
54.356929;1.0937570982884948;0.8332222420937111;0.7617595249475706;0.12340722513383873;0.11288119724995699;1.097236957512796;10.000040049183964;0.8336713494115545;1.0968841953247401;1.097285127386949;0.7598491710680314;-0.12576002590678304;0.7700670098656698
54.366929;1.0937566552649765;0.8332224964011596;0.761757946425701;0.1234071721757261;0.1128813600810826;1.0972377274490235;10.000079134463116;0.8336736747665319;1.096884843444663;1.0972798466663882;0.759852027176873;-0.12576002466600994;0.7700668994259376
54.376929;1.0937563021295;0.8332228013408767;0.7617563734156275;0.12340713104015323;0.112881524642585;1.0972385403851885;10.000119906235396;0.8336759267546313;1.096885565092063;1.0972744505403844;0.7598548500000499;-0.1257610234239465;0.7700669723076333
54.386929;1.0937560341488848;0.8332231609385201;0.7617548060998635;0.12340710150220963;0.11288169011475173;1.0972394012487752;10.000162209914702;0.8336780999980412;1.0968863525724306;1.0972689585583317;0.7598576376017167;-0.12576102218125929;0.7700669023077987
54.396929;1.0937558443768711;0.8332235793552418;0.7617532452992234;0.12340708341349226;0.11288185555164057;1.0972403134425495;10.000205889935378;0.8336801903719354;1.0968871986904825;1.0972633900654496;0.7598603866657481;-0.12576102093897798;0.7700668539976233
54.406929;1.0937557230692494;0.8332240608540018;0.7617516924668586;0.12340707672784379;0.11288201996712234;1.0972412786739443;10.000250788263115;0.8336821947815216;1.0968880977474955;1.097257762059216;0.7598630929390723;-0.1257610196986672;0.7700668290302114
54.416929;1.0937556588208164;0.8332246088147823;0.7617501500640191;0.123407081414315;0.11288218234255702;1.0972422959140173;10.000296744517646;0.8336841104940239;1.09688904559216;1.097252088642237;0.7598657514898025;-0.12576101846271434;0.7700668293208787
54.426929;1.0937556400170922;0.8332248810581357;0.7617483066662994;0.12340826338343766;0.1128834073509089;1.097243361571723;10.000343599794958;0.8336859345501426;1.0968900399418096;1.0972463830179018;0.759868356933328;-0.12576101723448946;0.7700668569808624
54.436929;1.0937556559628188;0.833225564826896;0.7617467921960595;0.12340829118478372;0.11288356249548909;1.097244471117021;10.000391196455759;0.8336876640953255;1.0968910812716848;1.0972406594827826;0.759870903497826;-0.1257610160178218;0.7700669136296068
54.446929;1.0937556988361559;0.8332263150624845;0.7617452924795313;0.12340833130973024;0.11288371296560853;1.097245620505944;10.000439375430291;0.8336892970598049;1.096892171897379;1.0972349328517568;0.7598733845448385;-0.12576101481620255;0.7700670000220564
54.456929;1.0937557654166337;0.833227129383303;0.7617438065190467;0.1234083847148231;0.11288385861131667;1.0972468066876355;10.000487978832528;0.8336908322311142;1.0968933140250376;1.0972292159670483;0.7598757929584882;-0.1257610136324976;0.7700671165229176
54.466929;1.093755856956376;0.833228004414311;0.7617423326491866;0.12340845250736035;0.11288399944947065;1.0972480277856531;10.000536853318387;0.8336922689670098;1.0968945098168355;1.0972235185830213;0.7598781220544948;-0.12576101246904153;0.7700672631377954
54.476929;1.093755977878059;0.83322893582199;0.7617408695421497;0.12340853572559052;0.11288413544620664;1.0972492835124912;10.000585850734762;0.8336936060090063;1.0968957620264843;1.0972178485222852;0.7598803648128399;-0.12576101132781647;0.7700674389350192
54.486929;1.0937561340773205;0.8332299187760926;0.7617394174222678;0.1234086351817877;0.11288426651027755;1.0972505755625945;10.000634829912258;0.8336948402997258;1.0968970726073521;1.0972122127914241;0.7598825127962564;-0.12576101021066224;0.7700676416053434
54.496929;1.0937563316495884;0.8332309494525361;0.761737978143506;0.12340875136700959;0.11288439249661801;1.0972519076743454;10.000683658501414;0.8336959675679689;1.0968984410240965;1.0972066174232507;0.7598845567200689;-0.1257610091191871;0.7700678668821148
54.506929;1.093757535770735;0.8332327897622701;0.7617365833238331;0.12340877728162929;0.1128843163238575;1.09725328533858;10.000732213853652;0.833696982910545;1.096899864100415;1.0972010665081418;0.7598864875405763;-0.1257610080545568;0.7700681082114551
54.516929;1.0937578334214582;0.833233917737039;0.7617351763799068;0.1234089271091313;0.11288443183870231;1.097254714377092;10.000780382089037;0.8336978805962754;1.0969013366350069;1.0971955612176136;0.7598882970354117;-0.12576200701761386;0.7700685206697355
54.526929;1.0937581874530347;0.8332351017408394;0.7617337871950461;0.12340909336306571;0.11288454240709431;1.0972561983602485;10.000828052936619;0.8336986547184834;1.0969028526818823;1.097190100122214;0.7598899782808307;-0.12576200600893955;0.7700687686722923
54.536929;1.0937585989294467;0.8332363478898319;0.7617324160808572;0.12340927550993551;0.11288464843916964;1.0972577378243715;10.000875113731828;0.8336992998743948;1.0969044075811507;1.0971846819206768;0.759891525935621;-0.12576200502875673;0.7700690065541467
54.546929;1.0937590658935208;0.8332376617870786;0.7617310638731012;0.12340947281610494;0.11288475025611586;1.0972593321877906;10.000921443776926;0.8336998110156629;1.0969059986285554;1.097179308406668;0.7598929356403419;-0.12576200407707075;0.7700692258757119
54.556929;1.0937595836265546;0.8332387044469703;0.7617294188974225;0.12341085040764783;0.11288591377450664;1.0972609807835676;10.000966911244495;0.8337001833060156;1.09690762368118;1.0971739840259653;0.7598942029239594;-0.12576200315383174;0.7700694188825178
54.566929;1.093760144954551;0.8332401667793573;0.7617281150236086;0.1234110760927169;0.11288600750098808;1.0972626813985351;10.001011384687969;0.8337004118404812;1.0969092806888896;1.0971687125371263;0.7598953228727678;-0.12576200225885217;0.7700695788285226
54.576929;1.0937607410950074;0.8332417078190254;0.7617268463788669;0.12341131561884063;0.1128860972024656;1.0972644283556166;10.0010547536547;0.8337004915405779;1.0969109689837093;1.0971634939584287;0.7598962907806224;-0.12576200139189786;0.7700697007393071
54.586929;1.0937613635747088;0.8332433305090426;0.761725621840546;0.12341156899350389;0.11288618288265594;1.0972662123999228;10.001096937658131;0.8337004183356416;1.0969126896718246;1.0971583240400289;0.7598971028072271;-0.12576200055296508;0.7700697819505885
54.596929;1.0937620049651233;0.8332450390701148;0.7617244483911626;0.12341183614020697;0.11288626440942429;1.0972680222747881;10.001137877518673;0.8337001905183099;1.0969144443087309;1.0971531964794434;0.759896756278712;-0.12576199974201605;0.7700688354383493
54.606929;1.0937626576445323;0.8332468401266405;0.761723330770443;0.12341211689405969;0.11288634130568863;1.0972698458204468;10.001177516167758;0.8336998087374602;1.0969162338741505;1.0971481053959666;0.7598972502499516;-0.12576199895828336;0.7700688354969927
54.616929;1.0937633126452198;0.8332487431124448;0.7617222731795311;0.12341241116237478;0.11288641274530267;1.097271670127582;10.001215785739255;0.8336992758011617;1.096918060050791;1.0971430460214124;0.7598975861525126;-0.1257619982000005;0.7700687972013469
54.626929;1.0937639598018027;0.8332507590299716;0.7617212807805401;0.12341271897357976;0.11288647780173383;1.0972734822097527;10.001252617492439;0.8336985971229955;1.0969199270582375;1.0971380150062435;0.7598977677229624;-0.12576199746463504;0.7700687220507317
54.636929;1.093764589285882;0.8332528977011469;0.7617203590716001;0.12341304030379305;0.11288653575554762;1.097276269882764;10.00128796621773;0.8336977803272985;1.0969218402802823;1.0971330114533302;0.7598978008078977;-0.12576199674922758;0.7700686124295344
54.646929;1.0937651932118893;0.8332551658193931;0.7617195124898504;0.12341337501564047;0.11288658637339999;1.0972780211411632;10.001321817730009;0.8336968338357437;1.0969238031770374;1.0971280372070042;0.759897693519854;-0.12576299605075097;0.770068636261451
54.656929;1.0937657659654239;0.833257567495597;0.7617187444215245;0.12341372309427547;0.11288662995824494;1.0972797229439561;10.001354168426612;0.8336957654446039;1.096925816910415;1.097123095635337;0.759897455426419;-0.12576299536640342;0.7700684728201799
54.666929;1.0937663044009571;0.8332601049926494;0.7617180574375536;0.12341408482658404;0.11288666705015778;1.097281361807919;10.001385005280401;0.8336945813659037;1.0969278819584523;1.0971181899051836;0.7598970958136761;-0.12576299469365074;0.7700682904776632
54.676929;1.0937668082380427;0.833262777809674;0.7617174522416488;0.12341446067110426;0.11288669823718807;1.0972829255437;10.0014143068909;0.8336932866002823;1.0969299981108134;1.0971133224750331;0.7598966227634012;-0.1257629940300887;0.7700680932386837
54.686929;1.0937672794019935;0.8332652383527048;0.7617166127766677;0.12341601695472422;0.11288779012714296;1.097284403534912;10.001442050570425;0.8336918857587825;1.096932162723995;1.0971084962742472;0.7598960431366734;-0.12576299337338512;0.7700678848240327
54.696929;1.0937677208746424;0.8332681680494143;0.7617161639018328;0.12341642242373632;0.11288781250367107;1.0972857854687275;10.001468211940473;0.8336903826507812;1.0969343701520191;1.0971037156668189;0.7598953626014351;-0.12576299272140357;0.7700676685321652
54.706929;1.0937681357795093;0.8332712172928283;0.7617157874011912;0.12341684351104638;0.11288783279636383;1.0972870601782647;10.001492761427558;0.8336887795280683;1.0969366134379657;1.0970989858981846;0.7598945858862057;-0.12576299207233244;0.7700674475011425
54.716929;1.093768526205535;0.8332743815799014;0.7617154790666433;0.1234172808204084;0.1128878526847454;1.097288214953946;10.001515662550943;0.833687077069976;1.0969388857004816;1.0970943118211545;0.7598937174353784;-0.1257629914246815;0.7700672259999172
54.726929;1.093768892435455;0.8332776579853183;0.7617152346175982;0.12341773485425071;0.1128878735046248;1.0972892357166404;10.0015368776554;0.8336852749054182;1.096941179213533;1.0970896981152927;0.7598927619643413;-0.1257629907771993;0.7700670094922729
54.736929;1.093769233646119;0.8332810445488683;0.7617150502924201;0.12341820593101518;0.11288789610430099;1.09729010839518;10.001556373895218;0.8336833724082279;1.0969434839003613;1.097085151748502;0.7598917248960687;-0.12576299012870795;0.7700668035115226
54.746929;1.093769548619421;0.8332845385578933;0.7617149233201581;0.12341869427226734;0.11288792092953244;1.0972908200498919;10.00157411895939;0.8336813696970318;1.0969457881558768;1.0970806832516418;0.7598906123489747;-0.12576298947776238;0.7700666133583601
54.756929;1.0937698352455398;0.8332881344296671;0.7617148517546144;0.12341920021187716;0.11288794816654964;1.097291359243207;10.001590082684524;0.8336792685291046;1.0969480812403327;1.0970763045408733;0.7598894297440879;-0.12576298882220732;0.7700664437692252
54.766929;1.093770090387036;0.83329182347211;0.7617148339576043;0.12341972429369336;0.11288797785553607;1.0972917163836662;10.001604252341483;0.8336770725962509;1.0969503540121923;1.0970720255878592;0.7598881803420375;-0.1257629881588937;0.7700662974161812
54.776929;1.0937703100390115;0.8332955957262871;0.761714867998023;0.1234202671467876;0.11288800997112103;1.0972918834338854;10.001616639322336;0.8336747876825611;1.096952598846546;1.0970678526774047;0.7598868658369792;-0.12576298748393305;0.7700661742019578
54.786929;1.0937704888966748;0.8332994414720741;0.7617149514239995;0.12342082935172223;0.11288804448916498;1.0972918530476583;10.001627261360419;0.8336724215799705;1.0969548104445899;1.0970637892538235;0.7598854879323867;-0.1257639867934715;0.7700662355435076
54.796929;1.0937715801943402;0.8333041137540634;0.7617151104213399;0.12342130430060232;0.11288788457089241;1.0972916182423844;10.001636113934245;0.8336699825374562;1.0969569854975687;1.0970598380097476;0.7598840492099831;-0.12576398608426312;0.7700661519771819
54.806929;1.0937716606756664;0.8333080771912842;0.7617152824064624;0.12342190678148186;0.11288792432869181;1.0972911726749222;10.001643163099338;0.833667477054505;1.0969591213138563;1.0970560016944668;0.7598825537320119;-0.12576398535360622;0.7700660831853614
54.816929;1.0937716862523805;0.8333117397458034;0.7617151764885598;0.12342369570871993;0.11288903304859846;1.0972905118102385;10.00164836883455;0.8336649090680056;1.0969612153654393;1.0970522821473927;0.7598810072506357;-0.1257639845990357;0.7700660249247788
54.826929;1.093771654675273;0.8333157772686632;0.761715415433113;0.12342433903266645;0.11288907966767789;1.0972896345891685;10.00165170971344;0.8336622806119469;1.0969632649224037;1.0970486795150038;0.7598794165462461;-0.12576398381796286;0.7700659722089354
54.836929;1.0937715647155444;0.8333198344549179;0.761715682482261;0.12342500180452853;0.11288913025577353;1.0972885439775553;10.001653193202916;0.8336595923765772;1.0969652664517615;1.0970451936993346;0.7598777888019456;-0.12576398300753636;0.7700659198879908
54.846929;1.0937714165386865;0.8333239010268967;0.761715978320002;0.12342568288000458;0.11288918478499858;1.0972872469667299;10.00165286381722;0.8336568436565759;1.096967216137492;1.0970418265427582;0.7598761314262686;-0.1257639821652126;0.7700658645766488
54.856929;1.0937712107104234;0.8333279693247502;0.7617163046846772;0.1234263809394424;0.11288924284188276;1.0972857550229083;10.001650803569488;0.8336540325423456;1.0969691109524449;1.0970385813084702;0.7598744519480217;-0.12576398128936367;0.7700658056477908
54.866929;1.0937709463140242;0.8333320339913367;0.7617166629452234;0.12342709459416057;0.11288930379195922;1.097284083706683;10.001647114507367;0.833651156580316;1.0969709486867423;1.0970354605448671;0.7598727577837107;-0.12576398037931605;0.7700657442777523
54.876929;1.0937706207941906;0.8333360906962373;0.7617170542967007;0.12342782245332781;0.11288936692471459;1.0972822505014113;10.00164189688116;0.8336482139303638;1.0969727274797183;1.097032466056864;0.7598710555666738;-0.12576397943533738;0.7700656817775516
54.886929;1.0937702312976085;0.8333401354539258;0.7617174799342371;0.12342856310938781;0.11288943149460426;1.0972802716257333;10.001635231580154;0.8336452045374043;1.0969744460781525;1.097029600816077;0.7598693507006634;-0.12576397845874218;0.7700656181722569
54.896929;1.0937697745752917;0.8333441648158363;0.7617179403736389;0.12342931510978096;0.11288949688585205;1.0972781595147183;10.001627167095487;0.8336421301807471;1.096976104388638;1.0970268700055255;0.759867648090936;-0.12576397745172896;0.7700655521195575
54.906929;1.0937692455759735;0.833348176455617;0.7617184347808169;0.1234300769663459;0.11288956281371042;1.0972759221083448;10.001617718919544;0.8336389941682345;1.0969777036066848;1.0970242803546846;0.7598659528660819;-0.1257639764167904;0.7700654817547707
54.916929;1.093768637311429;0.8333521691009879;0.7617189613309646;0.12343084720328257;0.11288962935250448;1.0972735638143305;10.001606875881912;0.8336358016836927;1.096979246226902;1.0970218387548525;0.7598642698788675;-0.12576397535601602;0.7700654046037769
54.926929;1.0937679422984443;0.8333561415248544;0.7617195178886974;0.12343162449069865;0.1128896967996344;1.0972710871299576;10.00159459728048;0.8336325592032685;1.0969807355772336;1.0970195503071754;0.759862602716875;-0.125763974270923;0.7700653169662558
54.936929;1.0937671538968246;0.8333600922371057;0.7617201013966779;0.12343240773990226;0.11288976543961181;1.097268493716962;10.00158081060323;0.8336292721085911;1.0969821744842543;1.0970174163952242;0.7598609533672732;-0.12576497316286853;0.7700653775735997
54.946929;1.0937662664108958;0.8333640201207362;0.7617207072329758;0.12343319607883678;0.11288983538107668;1.0972667853130542;10.001565425584259;0.8336259432608542;1.0969835647871955;1.0970154350391461;0.7598593229852144;-0.12576497203347367;0.7700652548641534
54.956929;1.0937652752914115;0.8333675805878109;0.7617210163680962;0.1234351546884651;0.112890972359415;1.097263965314923;10.001548351926196;0.8336225739616309;1.0969849083450922;1.0970136031848856;0.7598577128148283;-0.12576497088463018;0.7700651067270906
54.966929;1.0937641787224295;0.83337145985617;0.7617216534063735;0.12343595121746365;0.1128910448037154;1.0972610398469753;10.001529508976272;0.8336191648629698;1.0969862079809416;1.097011917986415;0.7598561240332876;-0.12576496971812934;0.770064927553164
54.976929;1.0937629780585092;0.8333753134388364;0.7617223008529668;0.1234367507722259;0.11289111847544236;1.0972580173313553;10.00150883231535;0.8336157164842164;1.0969874682024636;1.0970103775959796;0.7598545566088424;-0.12576496853541605;0.770064712420491
54.986929;1.0937616761364317;0.8333791420389874;0.7617229555139948;0.12343755236124719;0.11289119339136039;1.0972549076919629;10.001486278289795;0.83361223038506;1.096988695985018;1.0970089831937904;0.7598530082079533;-0.1257649673378817;0.7700644578394082
54.996929;1.0937602768635029;0.8333829475607561;0.7617236153159177;0.12343835480499996;0.11289126947817792;1.0972517218065134;10.001461824754417;0.8336087096148784;1.0969899003980137;1.0970077394887134;0.7598514741855186;-0.12576496612719804;0.7700641615655367
55.006929;1.093758786456599;0.8333867324317668;0.7617242797658056;0.12343915672792893;0.1128913464563821;1.0972484700251297;10.00143546751213;0.8336051582751901;1.0969910909545733;1.0970066517503316;0.7598499489256327;-0.12576496490498548;0.7700638215842632
55.016929;1.0937572130290656;0.8333904995232194;0.7617249481006868;0.12343995656173445;0.11289142386172968;1.097245160077003;10.001407216144933;0.833601581248136;1.0969922759128847;1.0970057227236418;0.7598484277954636;-0.12576496367221124;0.7700634353101541
55.026929;1.0937555644235264;0.8333942513256007;0.761725617072143;0.12344075268200345;0.11289150119588968;1.0972417967225878;10.001377099586525;0.8335979838942892;1.0969934608042229;1.0970049521142808;0.7598469081513239;-0.12576496242918472;0.7700629992288988
55.036929;1.0937538477299051;0.8333979887949362;0.7617262817515092;0.12344154357633441;0.1128915781137207;1.0972383832618782;10.001345174142442;0.8335943719026873;1.096994648171629;1.0970043374967455;0.7598453887819514;-0.125764961176035;0.7700625090630329
55.046929;1.0937520712554836;0.8334017118393563;0.7617269383902115;0.12344232789252203;0.11289165459162984;1.0972349225697624;10.001311514012931;0.8335907515015619;1.0969958396944668;1.097003875245748;0.7598428689773459;-0.12576495991296807;0.7700609741410701
55.056929;1.0937502452611971;0.8334054206447187;0.7617275858719049;0.12344310443604997;0.11289173095386458;1.0972314168853181;10.001276194384664;0.8335871296510533;1.0969970385655836;1.0970035612845224;0.7598413477544721;-0.12576495864019727;0.7700603648562708
55.066929;1.0937483799777272;0.8334091157959176;0.761728225387842;0.12344387226044153;0.11289180769484296;1.0972278680650807;10.0012392919191;0.833583514156653;1.0969982500254707;1.0970033913905668;0.759839823033874;-0.12576495735778254;0.770059693970551
55.076929;1.0937464837272903;0.8334127976537541;0.7617288595953727;0.12344463083831414;0.11289188521702606;1.0972242792686988;10.00120089680213;0.8335799133074359;1.0969994807974726;1.0970033608247156;0.7598382913051386;-0.12576495606561144;0.7700589631264034
55.086929;1.093744562207717;0.8334164666166926;0.761729491192752;0.12344538015734083;0.11289196364580635;1.0972206559556543;10.001161118387543;0.8335763349056224;1.0970007379720441;1.0970034634719843;0.7598367481911095;-0.12576595476370706;0.7700583391992637
55.096929;1.0937426181979333;0.8334197800136478;0.7617298072532388;0.12344728649311193;0.1128931085582035;1.0972170043701726;10.001120078408016;0.833572785318196;1.097002027983432;1.0970036915936108;0.7598351898814631;-0.12576595345251787;0.7700575004155391
55.106929;1.093741611204499;0.8334241892505827;0.7617304652524034;0.12344791159985029;0.11289299111208373;1.0972133299571618;10.001077892691121;0.8335692686986269;1.0970033568742779;1.0970040370577632;0.759833614480041;-0.1257659521327186;0.7700566155721694
55.116929;1.0937396216535904;0.8334278267372792;0.7617310924219945;0.123448636359242;0.11289307047142925;1.0972096380063192;10.001034658182299;0.8335657866395042;1.0970047311473534;1.0970044926367548;0.7598320220958379;-0.1257659508048285;0.7700556899889697
55.126929;1.0937376070288125;0.833431456628138;0.76173171819064;0.12344935423672172;0.11289314938057292;1.0972059341912168;10.000990458064853;0.8335623387361017;1.0970061574008751;1.0970050520566847;0.7598304143412025;-0.12576594946935057;0.7700547285537274
55.136929;1.0937355662637327;0.8334350806027299;0.7617323433445874;0.1234500655287276;0.11289322761438779;1.0972022238086758;10.000945370440776;0.8335589234627819;1.0970076410600835;1.0970057095298626;0.7598287940141996;-0.12576594812730765;0.7700537364561097
55.146929;1.0937334997860573;0.8334386998680008;0.7617329690766982;0.12345077015019269;0.11289330496979857;1.09719851217025;10.000899471605393;0.8335555389086345;1.0970091863435347;1.09700645903594;0.7598271644103614;-0.12576594678024577;0.7700527194864533
55.156929;1.0937314099907176;0.8334423144897655;0.7617335965406922;0.1234514677212477;0.11289338111457932;1.097194806128504;10.000852845950307;0.8335521833702403;1.0970107975152923;1.0970072931218053;0.7598255283923774;-0.12576594542961858;0.770051683145815
55.166929;1.093729301283849;0.833445922536609;0.7617342268074363;0.12345215765347034;0.11289345547490462;1.0971911137519357;10.00080560015866;0.8335488548636448;1.0970124791401408;1.097008202528278;0.7598238885564127;-0.12576594407659075;0.770050631834992
55.176929;1.0937271791224512;0.8334495196283431;0.7617348611789087;0.12345283930541853;0.11289352721762089;1.0971874416157519;10.000757865506703;0.8335455499361591;1.0970142344842237;1.0970091774696982;0.7598222486710354;-0.12576594272251432;0.7700495689646857
55.186929;1.0937250482880878;0.8334531000902773;0.7617355011450397;0.1234535122292652;0.11289359530155044;1.0971837926651469;10.000709790858787;0.8335422640078252;1.0970160636798663;1.0970102092672511;0.7598206146561937;-0.12576594136915986;0.770048497128695
55.196929;1.0937229124143368;0.8334566588039175;0.7617361480405415;0.12345417633330338;0.11289365861070103;1.097180167033141;10.000661531082082;0.8335389933037035;1.097017963682658;1.0970112908942087;0.7598189941524195;-0.12576594001823674;0.7700474178194567
55.206929;1.0937207761448977;0.8334601923754636;0.7617368022021808;0.12345483188362853;0.11289371615014743;1.0971765648882685;10.00061322724472;0.8335357362894578;1.0970199298244294;1.0970124163325656;0.7598173953850654;-0.12576593867099572;0.770046331152014
55.216929;1.0937186476654217;0.8334636995997432;0.761737462351594;0.12345547938633793;0.11289376717605945;1.0971729878947054;10.000564997180696;0.8335324937987767;1.097021957163019;1.0970135800094893;0.7598158260357336;-0.12576593732856645;0.7700452360060529
55.226929;1.093716538405131;0.8334671812652213;0.7617381265926907;0.123456119390781;0.11289381116600332;1.0971694381873327;10.000516951440531;0.8335292685675727;1.097024041585647;1.0970147773666268;0.7598142925172078;-0.125765935992433;0.770044130679568
55.236929;1.0937144605205382;0.8334702959438897;0.7617384797476846;0.12345791820217933;0.11289491340962557;1.0971659177899606;10.00046920836231;0.8335260645004026;1.0970261810804611;1.09701600632215;0.7598127996203952;-0.12576593466456842;0.770043013192067
55.246929;1.0937124246721945;0.8334737341684296;0.7617391504122312;0.123458544380053;0.11289494177527004;1.0971624290728847;10.000421889758837;0.833522885382187;1.0970283760102624;1.097017267921265;0.7598113502608965;-0.12576693334727698;0.7700420439385364
55.256929;1.0937104394988564;0.8334771551436124;0.7617398249611549;0.12345916396347002;0.11289496127135283;1.0971589744636598;10.000375113910016;0.8335197338449676;1.0970306280147226;1.0970185644174129;0.7598099457377342;-0.1257669320426396;0.770040891705658
55.266929;1.0937085128515223;0.8334805611664666;0.7617405032248615;0.12345977703594177;0.11289497106758445;1.097155556037762;10.000328994547077;0.8335166116091319;1.0970329386569784;1.0970198969822973;0.759808586813391;-0.12576693075197437;0.7700397137903766
55.276929;1.093706652790265;0.833483954807503;0.761741183300723;0.12346038364709043;0.11289497029064696;1.0971531759323776;10.00028363616338;0.8335135200134458;1.0970353086219482;1.0970212660291128;0.75980727480823;-0.12576692947576548;0.7700385043279725
55.286929;1.0937048675709145;0.8334873391694992;0.7617418605837579;0.12346098371720968;0.11289495814147894;1.0971498367335109;10.000239123660721;0.8335104600450041;1.0970377373137172;1.0970226725802292;0.7598060119733291;-0.12576692821364488;0.7700372593108914
55.296929;1.093703166019437;0.8334907168157678;0.7617425275686437;0.12346157691956644;0.11289493411893703;1.0971465409693946;10.000195516141014;0.8335074327125961;1.0970402219920818;1.0970241186169953;0.7598048011708258;-0.1257669269643136;0.7700359771181532
55.306929;1.0937015580043261;0.833494088903021;0.7617431751838624;0.12346216277405586;0.11289489806979594;1.0971432906903986;10.000152849294093;0.8335044395066974;1.0970427566287577;1.0970256066102513;0.7598036450677382;-0.1257669257259094;0.7700346584700285
55.316929;1.0937000539444595;0.8334974552903164;0.7617437948930074;0.12346274085163979;0.11289485003736427;1.0971400881445352;10.00011114128901;0.8335014820833833;1.0970453328483551;1.0970271385439732;0.7598025456838576;-0.12576692449676224;0.7700333064138395
55.326929;1.0936986630774121;0.8335008149458454;0.7617443800140664;0.12346331091141897;0.11289479015922357;1.0971369361334182;10.000070395686555;0.833498562016625;1.0970479428111286;1.097028714861694;0.7598015049242614;-0.12576692327578357;0.7700319257778664
55.336929;1.0936973914712311;0.8335041659266021;0.7617449254076678;0.12346387291906785;0.11289471860494087;1.097133836902619;10.000030603119784;0.8334956811596914;1.0970505800814863;1.0970303339885026;0.7598005250851875;-0.12576692206217607;0.7700305224774431
55.346929;1.0936962418774532;0.8335075052338341;0.7617454265263515;0.12346442698780322;0.11289463548035092;1.0971307908031223;9.999991746088785;0.8334928417166666;1.0970532379501121;1.0970319922892795;0.7597996088786033;-0.1257669208549855;0.7700291034346436
55.356929;1.0936952154386355;0.8335108291369712;0.7617458793239255;0.12346497335119902;0.11289454082864041;1.0971277963179304;9.999953800216819;0.8334900454770908;1.0970559082735787;1.0970336839700872;0.7597987598330992;-0.12576691965290646;0.7700276767837311
55.366929;1.0936943134209627;0.8335141338849531;0.7617462806412432;0.12346551233085148;0.11289443473409094;1.0971248516749814;9.999916731766119;0.833487292829677;1.0970585812224098;1.0970354008167498;0.7597979824552901;-0.1257669184544664;0.7700262518477987
55.376929;1.093693538296491;0.8335174159698321;0.7617466278126657;0.12346604425756168;0.11289431742333106;1.0971219564990242;9.999880498817951;0.8334845830822342;1.0970612449691075;1.0970371323076795;0.7597972815151278;-0.12576691725868352;0.7700248384737309
55.386929;1.0936928943029398;0.8335203279080444;0.7617466033709661;0.12346773541269833;0.11289525508743864;1.097119111761744;9.999845054831312;0.8334819162344441;1.0970638861160926;1.097038866971664;0.7597966616363142;-0.12576691606581905;0.7700234458109957
55.396929;1.093692386815406;0.8335235529738255;0.7617468311103148;0.12346825472953056;0.11289511676988813;1.0971163185783062;9.99981035888708;0.8334792941779848;1.0970664910747652;1.0970405944483732;0.7597961270001304;-0.1257669148775962;0.7700220817584951
55.406929;1.0936920208635068;0.833526743661189;0.7617469909907069;0.12346876900552774;0.11289496877269847;1.097113577724162;9.99977638544439;0.8334767202449354;1.0970690474807407;1.0970423063359978;0.7597956803520333;-0.12576791369690116;0.7700209171617828
55.416929;1.0936918012990453;0.8335298966443487;0.7617470764234169;0.12346927932814161;0.1128948114956752;1.097110890352999;9.999743106867168;0.8334741980600107;1.097071545338861;1.0970439948911153;0.7597953229415044;-0.12576791252750202;0.7700196338764128
55.426929;1.093691734841221;0.8335330080054046;0.7617470810220266;0.12346978690050034;0.11289464529708208;1.09710825819587;9.999710467920233;0.8334717306549407;1.0970739773447447;1.0970456514607076;0.7597950561335772;-0.1257679113738084;0.7700184051559806
55.436929;1.0936918307949144;0.8335360719709788;0.7617469991009933;0.12347029297830038;0.11289447073008797;1.0971056824972167;9.999678397826958;0.8334693197913604;1.0970763379336594;1.0970472672933476;0.759794882450646;-0.12576791024040854;0.7700172417984805
55.446929;1.093693058327818;0.8335398437244486;0.7617468541216492;0.12347069167250921;0.11289409180736107;1.0971031637506692;9.999646842421017;0.8334669655864725;1.0970786227379123;1.0970488357930477;0.7597948048076573;-0.12576790913172478;0.7700161537690363
55.456929;1.093693507523065;0.8335427898302836;0.7617465816645896;0.12347119854830117;0.11289390366058341;1.097100702366997;9.999615775084324;0.8334646669589627;1.097080829253175;1.0970503537892924;0.7597948252869055;-0.12576790805202903;0.7700151484188951
55.466929;1.0936941438027705;0.8335456641560164;0.7617462057013671;0.1234717076335443;0.11289371086965838;1.0970982987090487;9.999585185205909;0.833462422356819;1.0970829564844031;1.0970518219216019;0.7597949447431693;-0.12576790700540444;0.7700142301562953
55.476929;1.0936949712175534;0.8335484578440907;0.7617457227036206;0.12347221969791516;0.11289351497765526;1.0970959532520257;9.999555060623468;0.8334602296911086;1.0970850030597257;1.0970532447833514;0.7597951629758233;-0.12576790599547436;0.7700134016041792
55.486929;1.0936959918743734;0.8335511631058756;0.7617451301366301;0.12347273490679743;0.11289331755551503;1.097093667680675;9.999525379654822;0.8334580861010258;1.0970869654546838;1.0970546305634865;0.7597954790002328;-0.1257679050250701;0.7700126648854583
55.496929;1.0936972061979806;0.8335537745223202;0.7617444256587237;0.1234732528979644;0.11289312018279071;1.09709144572199;9.99949611396565;0.83345598881657;1.0970888378884727;1.0970559896923666;0.7597958915065193;-0.12576790409612146;0.7700120223227757
55.506929;1.0936986122841823;0.8335562895014433;0.7617436071854645;0.12347377292975992;0.11289292421098385;1.097089292142765;9.99946723355669;0.8334539363569476;1.097090614785403;1.0970573325533286;0.7597963989696288;-0.12576790320997983;0.7700114766241153
55.516929;1.0937002049723825;0.8335587070364322;0.7617426735053701;0.12347429394469372;0.11289273043461394;1.0970872108475398;9.999438718516839;0.8334519284411868;1.0970922933243181;1.09705866854462;0.7597969988658796;-0.12576790236765784;0.7700110306878049
55.526929;1.0937019764894924;0.8335610263822891;0.7617416247470107;0.12347481460311217;0.11289253900043864;1.097085204269636;9.999410575259716;0.8334499647385267;1.0970938730302335;1.0970600073749288;0.7597976869324414;-0.12576790156960632;0.7700106876144811
55.536929;1.09370391872094;0.8335632474729013;0.7617404621122754;0.12347533342215737;0.11289234959856813;1.09708327347855;9.999382839614395;0.8334480438145208;1.0970953536705257;1.0970613592618248;0.7597974578505267;-0.12576790081570322;0.7700094644384109
55.546929;1.0937060248332569;0.8335650276171274;0.7617388731111187;0.123477014825189;0.11289322737344823;1.0970814178294939;9.999355563237556;0.8334461625804311;1.0970967350276521;1.0970627337997498;0.7597983069361264;-0.12576790010559594;0.7700093379790172
55.556929;1.0937082882686282;0.8335670552053533;0.7617374884148237;0.12347752571744999;0.11289303983215404;1.0970796347780534;9.999328801647126;0.8334443159440943;1.0970980185154324;1.0970641408829684;0.7597992306875947;-0.12576789943877167;0.7700093243489208
55.566929;1.093710700258029;0.8335689865383488;0.7617359971524563;0.12347803064677787;0.11289285148913525;1.0970779205748766;9.999302617008222;0.8334424970986237;1.0970992068195822;1.0970655920965677;0.7598002255972317;-0.12576889881445924;0.7700095884364618
55.576929;1.0937132489582202;0.833570820803626;0.7617344039667154;0.12347852816356955;0.11289266104156806;1.0970762720180216;9.999277081383319;0.8334406983853887;1.0971003019212895;1.097067099624993;0.7598012870593307;-0.12576889823163878;0.7700098047592986
55.586929;1.0937159207693572;0.8335725569099753;0.7617327155043178;0.12347901664188465;0.1128924672836232;1.097074688218457;9.999252268623781;0.8334389117710242;1.0971013048785203;1.0970686744726132;0.7598024090797486;-0.12576889768911362;0.7700101374809327
55.596929;1.0937187017419596;0.8335741937304375;0.7617309406412779;0.12347949457978921;0.11289226919114562;1.0970731705874774;9.99922825185988;0.8334371289533928;1.0971022167370381;1.0970703254066603;0.7598035839822421;-0.1257688971857584;0.7700105868374293
55.606929;1.0937215794116675;0.8335757296234348;0.7617290889930773;0.12347996090011897;0.11289206597663565;1.0970717210014675;9.999205116941122;0.8334353420238403;1.097103039071113;1.0970720580666395;0.7598048020710209;-0.12576889672095878;0.7700111522912293
55.616929;1.0937245454313078;0.833577161969152;0.7617271696750647;0.12348041488149147;0.1128918570087125;1.097070340200868;9.999182967797346;0.8334335441952946;1.0971037739253615;1.0970738749567868;0.7598060518104295;-0.1257688962950968;0.7700118320217502
55.626929;1.093727595645108;0.8335784878342396;0.7617251917117178;0.12348085589462059;0.11289164170995815;1.0970690279840891;9.999161908364652;0.8334317296197202;1.0971044227243072;1.0970757767967165;0.7598073206939961;-0.12576889590972065;0.7700126223177606
55.636929;1.0937307268210215;0.8335797051766074;0.7617231640233861;0.1234812832341688;0.11289141955826659;1.0970687843275657;9.999142027054852;0.8334298932884663;1.0971049853785035;1.0970777638479516;0.7598085962758838;-0.1257688955670759;0.7700135184581595
55.646929;1.093733933920608;0.8335808133411706;0.7617210947432739;0.12348169612457104;0.1128911900894344;1.0970676095491967;9.999123396176637;0.8334280316749023;1.0971054609530337;1.0970798364738241;0.7598098668617008;-0.125768895269364;0.7700145163950493
55.656929;1.093737209990234;0.8335818126440203;0.7617189918724944;0.1234820938095127;0.11289095284648305;1.0970665025897355;9.999106068887818;0.8334261433597142;1.097105848826977;1.0970819956453302;0.7598111219020757;-0.1257688950181425;0.770015612674816
55.666929;1.0937405465652472;0.8335827038127002;0.7617168644699878;0.12348247564140521;0.11289070730775633;1.0970654588063815;9.999090075972985;0.8334242302347367;1.097106149186884;1.0970842431886922;0.7598123525405172;-0.12576889481393677;0.7700168025491769
55.676929;1.0937439331505323;0.833583487335618;0.7617147225657745;0.12348284106961444;0.11289045280960726;1.0970644700960661;9.999075431310578;0.8334222991473391;1.0971063631556957;1.0970865812404822;0.7598135517906129;-0.12576889465615307;0.7700180784669459
55.686929;1.0937473575932608;0.8335841620630671;0.7617125765520483;0.12348318946459141;0.11289018851616656;1.0970635270626312;9.999062140329814;0.833420361554301;1.0971064928492948;1.097089011178245;0.7598147134399867;-0.12576889454316453;0.7700194305139828
55.696929;1.0937508075205151;0.8335847241851233;0.761710437154625;0.12348351998354895;0.11288991348845538;1.0970626202595761;9.999050210417916;0.8334184311455437;1.0971065409965204;1.0970915325455073;0.7598158315333703;-0.1257688944726448;0.7700208482038224
55.706929;1.0937542703420873;0.8335848242190409;0.7617080014285829;0.12348499751062919;0.11289069251576392;1.0970617394520878;9.99903965454845;0.8334165218018947;1.0971065100584807;1.0970941431162717;0.7598169018513244;-0.12576889444231704;0.7700223217853038
55.716929;1.0937577322109509;0.8335851433308562;0.76170590941879;0.12348528933265117;0.11289039297999993;1.097060872141885;9.999030475253903;0.8334146465279267;1.0971064017531118;1.097096839331497;0.7598179229089033;-0.1257688944505903;0.7700238429134513
55.726929;1.093761178630126;0.8335853323866699;0.7617038587018213;0.12348556041942818;0.11289007931632608;1.0970600041170069;9.99902264681571;0.8334128171107323;1.0971062170375774;1.0970996148860261;0.7598188946009073;-0.12576889449655873;0.7700254054004231
55.736929;1.0937645966335872;0.8335853872501067;0.7617018608303732;0.123485809906722;0.11288974998824045;1.0970591232736469;9.999016116730193;0.8334110442401155;1.0971059553171107;1.0971024598496695;0.7598198160968543;-0.12576889457948942;0.7700270055686295
55.746929;1.0937679766081538;0.8335853041970379;0.7616999266978601;0.12348603704068097;0.11288940337116418;1.0970582232071484;9.999010817017659;0.8334093369211496;1.0971056137806454;1.0971053634492784;0.7598206852007595;-0.12576989469805314;0.7700288053384923
55.756929;1.0937713126650161;0.8335850789942564;0.7616980659892385;0.1234862413514677;0.11288903780395901;1.097057303280936;9.999006673168338;0.8334077014926886;1.0971051885131469;1.0971083178013925;0.7598214990703198;-0.12576989484970405;0.7700304785677945
55.766929;1.0937746012929943;0.833584707641533;0.7616962873042092;0.12348642266703015;0.1128886515616118;1.0970563662806;9.999003611622078;0.8334061417756157;1.097104676340871;1.09711131851648;0.7598222543182551;-0.12576989503077485;0.7700321900641802
55.776929;1.0937778397164364;0.8335841875760713;0.7616945989728231;0.12348658102665454;0.11288824291822498;1.097055415857601;9.999001561578732;0.8334046600860815;1.0971040759257835;1.0971143621426291;0.7598229460715308;-0.12576989523721832;0.7700339408893563
55.786929;1.0937810254813074;0.83358351809331;0.7616930091795446;0.12348671671488912;0.1128878103639961;1.0970544550116992;9.999000448674838;0.8334032582027235;1.0971033879136531;1.097117444031751;0.7598235680074671;-0.12576989546514425;0.7700357302881924
55.796929;1.0937841558739176;0.8335827004471134;0.7616915250416644;0.12348683031124481;0.11288735283835127;1.097053486450257;9.999000195172368;0.8334019380808084;1.097102614487055;1.0971205587972228;0.7598241141865658;-0.12576989571066238;0.7700375548541053
55.806929;1.0937881862765206;0.8335824999704571;0.7616901808659359;0.12348681543711205;0.11288667291472809;1.0970525140796368;9.999000731618931;0.8334007022747397;1.0971017581150841;1.0971237017084363;0.7598245809559067;-0.12576989596969082;0.7700394083885346
55.816929;1.0937911945209513;0.8335813945322387;0.7616889212705172;0.12348688717040915;0.11288616436599364;1.0970515438371682;9.99900200651447;0.8333995540495314;1.097100819229751;1.0971268693760399;0.7598249672603643;-0.1257698962383298;0.7700412825961043
55.826929;1.093794137350034;0.8335801493244801;0.7616877765757177;0.12348693915426424;0.11288563043618763;1.097050583667805;9.99900398772482;0.8333984974483457;1.0970997946102694;1.0971300593495856;0.7598252735447456;-0.12576989651326595;0.7700431685025604
55.836929;1.0937970127928238;0.8335787655024336;0.7616867463342234;0.12348697228594481;0.11288507137422356;1.0970496430792287;9.999006656850876;0.8333975375760351;1.0970986775833511;1.0971332684371748;0.7598255004971144;-0.12576989679189265;0.7700450572308
55.846929;1.0937998181911222;0.8335772429209141;0.7616858286915291;0.12348698759494564;0.11288448756218132;1.09704873228333;9.999009989712684;0.833396680129004;1.097097458999972;1.0971364917265682;0.7598256484261503;-0.12576989707249978;0.7700469394028109
55.856929;1.093802550406105;0.833575582071881;0.7616850209211581;0.12348698602534372;0.11288387957210817;1.0970478612977337;9.99901392364137;0.8333959297437304;1.097096129347233;1.0971397238848948;0.7598257174468295;-0.125769897354367;0.7700488047373634
55.866929;1.0938052062076022;0.8335737852150287;0.7616843204006146;0.12348696821336236;0.11288324816504748;1.0970470390289448;9.999018346287288;0.8333952894098073;1.0970946814229088;1.09714295995279;0.759825708480977;-0.1257698976374201;0.7700506429149739
55.876929;1.093807782512085;0.8335715114120632;0.7616834110506097;0.12348810040987641;0.11288366007848734;1.0970462725716192;9.999023127018198;0.833394761592553;1.0970931109627189;1.0971461940265228;0.7598256246652842;-0.12576989792169063;0.7700524447134323
55.886929;1.0938102769914178;0.8335694501763917;0.7616829195106302;0.1234880512174759;0.11288298497682124;1.097045566965958;9.999028156555717;0.8333943484864242;1.0970914154591613;1.0971494176957777;0.7598254720318669;-0.1257698982071626;0.7700542021107118
55.896929;1.0938126880248082;0.8335672598560601;0.761682528372054;0.12348798705617121;0.11288228997978215;1.0970449246267848;9.999033369034436;0.8333940511978134;1.0970895929435776;1.0971526196260275;0.7598252587396402;-0.12576989849420728;0.7700559077334259
55.906929;1.093815013426355;0.8335649437916457;0.7616822313283815;0.12348790891201106;0.1128815765559247;1.0970443445642504;9.999038758221571;0.8333938697945082;1.0970876412855226;1.0971557866142114;0.7598249936375002;-0.1257698987838012;0.7700575548089127
55.916929;1.093817249835849;0.8335625078358319;0.7616820188530253;0.12348781825889155;0.11288084625013586;1.0970438230196309;9.999044378610852;0.8333938038470967;1.0970855586999164;1.0971589049172428;0.7598246852021239;-0.12576989907679997;0.7700591376977931
55.926929;1.0938193936784564;0.8335599611008436;0.7616818797910002;0.12348771680838244;0.11288010066043523;1.0970433558709964;9.999050308853683;0.8333938529320988;1.0970833457871916;1.0971619606078253;0.7598243409079714;-0.12577089937298638;0.7700608157368607
55.936929;1.093821442041486;0.8335573156081378;0.7616818028093024;0.12348760621630972;0.11287934143799513;1.0970429407240978;9.999056603642668;0.8333940176179017;1.097081007940625;1.0971649404262243;0.7598239669786919;-0.12577089967098934;0.770062259985594
55.946929;1.0938233932626937;0.8335545849666706;0.7616817765332126;0.12348748798790488;0.11287857034922362;1.0970425773933326;9.999063275174699;0.8333942998390138;1.0970785566635155;1.0971678342224416;0.7598235688344185;-0.12577089996889362;0.7700636329705439
55.956929;1.0938252477725152;0.8335517831819226;0.7616817889971026;0.1234873634285682;0.11287778938691197;1.0970422671476168;9.999070307672806;0.8333947024545265;1.0970760091768716;1.0971706362170595;0.7598231520499227;-0.12577090026476817;0.7700649355762483
55.966929;1.0938270081752357;0.8335489243298198;0.7616818273711392;0.12348723351364568;0.11287700082696127;1.0970420109499652;9.999077685115443;0.8333952294497959;1.0970733864730244;1.0971733438127662;0.7598227232241817;-0.12577090055706652;0.7700661698280289
55.976929;1.0938286785944193;0.8335460224447402;0.7616818781256215;0.12348709890153707;0.11287620720273088;1.097041808396466;9.999085406620804;0.8333958862240289;1.0970707108178839;1.0971759569565294;0.7598222898052883;-0.1257709008449751;0.7700673371583048
55.986929;1.093830264168572;0.8335430904794707;0.7616819270749772;0.12348696013659935;0.11287541125811133;1.0970416591169654;9.99909348261137;0.833396678902765;1.0970680037841336;1.0971784781658944;0.759821858729208;-0.12577090112844128;0.7700684373425191
55.996929;1.0938317710030812;0.83354013889645;0.7616819595906216;0.12348681778454838;0.1128746158947658;1.0970415646379998;9.999101922327464;0.8333976128475927;1.0970652852904468;1.0971809107174302;0.7598214357738603;-0.1257709014080005;0.770069469353143
56.006929;1.0938332066027336;0.8335371754316446;0.761681961516806;0.12348667248274112;0.11287382411569763;1.0970415278985064;9.999110716416737;0.8333986908049176;1.097062573235722;1.0971832557161332;0.7598210263286389;-0.1257709016848257;0.770070432400319
56.016929;1.0938345798873594;0.8335342058443249;0.7616819201203656;0.12348652499869206;0.11287303897546763;1.097042551144442;9.999119824583357;0.8333999123080029;1.0970598829578082;1.097185510317379;0.7598206354735614;-0.1257709019608627;0.7700713261401302
56.026929;1.0938359000585833;0.8335312344810084;0.7616818247174978;0.12348637615983746;0.11287226351100337;1.0970426346833224;9.999129184804675;0.8334012753496532;1.0970572274208878;1.097187668492601;0.7598202665321883;-0.12577090223823773;0.7700721511153411
56.036929;1.093837175090868;0.8335282643786174;0.7616816674839979;0.12348622664004436;0.11287150070071518;1.0970427772783653;9.999138745078884;0.8334027784341373;1.0970546182880503;1.0971897239176944;0.7598199204498048;-0.12577090251810227;0.7700729094175456
56.046929;1.0938384108162194;0.8335252973127685;0.7616814440585006;0.12348607681947542;0.11287075350476823;1.097042977601963;9.999148496137709;0.8334044214734584;1.0970520657132492;1.0971916720836277;0.7598195973443121;-0.12577090280024017;0.7700736044587899
56.056929;1.0938396115166447;0.8335219906257462;0.7616808391355274;0.12348709266172317;0.11287109055276362;1.097043235445053;9.999158473311153;0.8334062057256838;1.0970495772663624;1.0971935098723773;0.7598192984265287;-0.12577090308380462;0.7700742394708798
56.066929;1.0938407822765945;0.8335190325489039;0.7616804828225102;0.12348694236876273;0.1128703828151286;1.0970435503737992;9.999168727525944;0.8334081329642824;1.097047158076796;1.0971952335773096;0.7598190266645982;-0.1257709033684097;0.7700748155373974
56.076929;1.093841930640627;0.8335160795488384;0.7616800654370592;0.12348679182237497;0.11286969801680603;1.0970439180795737;9.999179300004332;0.8334102045826898;1.0970448112326625;1.0971968376975931;0.7598187860362094;-0.1257709036548396;0.7700753311098919
56.086929;1.0938430658831182;0.8335131308819668;0.7616795938180831;0.12348664122643835;0.11286903758318168;1.0970443287783243;9.999190215610383;0.8334124212933969;1.0970425375960806;1.0971983167466126;0.7598175798726046;-0.12577090394486454;0.7700747975117652
56.096929;1.0938441980242721;0.8335101857934342;0.761679075747195;0.12348649100843383;0.11286840246302215;1.097044770120371;9.99920148612187;0.8334147830826808;1.0970403367320962;1.0971996681764355;0.7598174093712307;-0.12577090424044987;0.7700751873907522
56.106929;1.0938453378577342;0.8335072443675366;0.7616785189011234;0.12348634181277302;0.11286779336233876;1.0970452309823282;9.999213114985261;0.8334172889989803;1.0970382090302815;1.097200893125293;0.7598172733977984;-0.12577090454348366;0.7700755149054482
56.116929;1.0938464970522979;0.8335043076687727;0.7616779312694637;0.12348619441536095;0.11286721091732699;1.097045702143274;9.999225098253902;0.8334199368937871;1.0970361572475607;1.097201995679333;0.7598171697113576;-0.1257719048562001;0.7700759438564264
56.126929;1.093847688008236;0.8335013776636669;0.7616773219620014;0.1234860495863592;0.11286665556682425;1.0970461755529102;9.999237431081637;0.8334227234121652;1.0970341862995185;1.0972029815559976;0.759817096036773;-0.12577190518138529;0.7700761475318728
56.136929;1.0938489227976353;0.8334984570239902;0.761676700906913;0.12348590799973645;0.11286612749619741;1.097046644461755;9.999250124662936;0.833425643952846;1.0970323009917673;1.0972038559199964;0.759817049735392;-0.1257719055221862;0.770076289449492
56.146929;1.0938502114491915;0.833495548991543;0.7616760775648227;0.12348577020024738;0.1128656267959303;1.097047103308106;9.999263207996695;0.833428692114288;1.097030503528347;1.0972046215272864;0.7598170270557493;-0.12577190588186643;0.7700763706805022
56.156929;1.0938515615959843;0.8334926577239775;0.761675459667204;0.12348563659470703;0.11286515354304244;1.0970475471555037;9.999276706743375;0.833431859349561;1.0970287929472684;1.097205278648153;0.7598170234145563;-0.1257719062636113;0.7700763927224491
56.166929;1.0938529792206597;0.8334897884106038;0.7616748522906259;0.12348550747248492;0.11286470780231986;1.0970479716059143;9.999290632960829;0.8334351358622377;1.0970271662577586;1.0972058267405513;0.759817034456872;-0.12577190667045882;0.7700763566843526
56.176929;1.0938544690206942;0.8334869460851637;0.7616742572984688;0.12348538302397544;0.11286428963163055;1.0970483725575697;9.999304994531073;0.8334385121775949;1.097025620487637;1.097206265320765;0.7598170563473464;-0.12577190710525665;0.7700762630361229
56.186929;1.0938560344292143;0.8334841339966154;0.7616736741434996;0.12348526335366183;0.11286389899333318;1.0970487446836343;9.999319797142727;0.8334419805979165;1.097024154548897;1.0972065923226213;0.7598170849891994;-0.1257719075706472;0.7700761120151928
56.196929;1.0938576770965056;0.833481353271745;0.7616731020816585;0.12348514851993368;0.11286353565109691;1.0970490800062165;9.999335034696168;0.8334455361433194;1.097022768956661;1.097206802675753;0.7598171155624371;-0.12577190806905328;0.7700759040978848
56.206929;1.0938603553394737;0.8334793666418481;0.7616725704946027;0.12348493144561001;0.11286300228888213;1.097049368837131;9.999350685823918;0.8334491762525598;1.0970214636011761;1.0972068891503786;0.7598171434224275;-0.12577190860249557;0.7700756403599694
56.216929;1.093862147855465;0.8334766488627875;0.7616720211176092;0.12348482655086561;0.11286269229744611;1.0970496017445068;9.99936671993007;0.8334528993311847;1.0970202360355357;1.0972068444551115;0.7598171656367507;-0.12577190917235165;0.7700753230770845
56.226929;1.0938640096025307;0.8334739624150161;0.7616714821691475;0.1234847269572218;0.11286240838276375;1.0970497708045817;9.999383104891393;0.833456703207763;1.097019080878907;1.09720666342556;0.7598171814165974;-0.1257719097791164;0.7700749561439595
56.236929;1.0938659346565194;0.8334709635860552;0.7616706377401636;0.12348579889676049;0.11286321602946504;1.0970498705716034;9.999399809520636;0.8334605847442988;1.0970179900306316;1.0972063445741;0.7598171913361066;-0.12577191042215038;0.7700745446813392
56.246929;1.0938679157763824;0.8334683398563986;0.7616701134758078;0.12348571094645405;0.11286298343682685;1.0970498981179317;9.99941680019741;0.833464540493652;1.0970169545342419;1.097205890694494;0.759817196418754;-0.1257719110996145;0.7700740939724617
56.256929;1.0938699465130228;0.8334657469764915;0.7616695904184336;0.12348562918097425;0.11286277592615068;1.0970498525074521;9.999434040956944;0.8334685664998244;1.0970159671042343;1.0972053080591486;0.7598171975091268;-0.12577191180880626;0.7700736078026081
56.266929;1.0938720230538794;0.8334631838507329;0.7616690614762708;0.12348555369551867;0.11286259284824625;1.097049735230837;9.999451506877259;0.8334726568035672;1.0970150229952547;1.0972046046861035;0.7598171952418338;-0.12577191254678488;0.7700730872497659
56.276929;1.0938741449869802;0.833460649001012;0.7616685178210267;0.12348548444734703;0.11286243351899895;1.0970495500463762;9.999469206815686;0.8334768026631151;1.0970141187550857;1.0972037891268538;0.759817190833877;-0.12577191331079068;0.7700725317675249
56.286929;1.0938763147571322;0.8334581401580764;0.7616679503295027;0.12348542125483694;0.11286229733074137;1.0970493010171822;9.999487191024038;0.8334809933932267;1.0970132507044557;1.0972028696304503;0.7598171873151365;-0.12577191409834373;0.7700719413904134
56.296929;1.0938785364472132;0.8334556543245277;0.7616673514932739;0.12348536392503551;0.11286218366430535;1.0970489909673355;9.999505534184195;0.8334852171876539;1.0970124151212008;1.097201853275453;0.7598171897461844;-0.12577191490757494;0.7700713173516516
56.306929;1.0938808159425453;0.8334531885666446;0.7616667156575283;0.12348531237586849;0.11286209184196967;1.0970486216477133;9.999524322020658;0.8334894609976833;1.097011608481264;1.0972007458649957;0.7598172035958319;-0.12577191573770125;0.7700706618234257
56.316929;1.0938831612745628;0.833450741134117;0.7616660373112903;0.12348526674141855;0.11286202125514588;1.0970481949100392;9.999543646537907;0.8334937105994605;1.0970108260243538;1.0971995527985672;0.7598172331460221;-0.12577291658867817;0.7700701421252487
56.326929;1.0938855813539432;0.8334483121724425;0.7616653103448816;0.12348522750177278;0.11286197148287423;1.0970477141164263;9.999563587813547;0.8334979509162842;1.0970100609437876;1.0971982796867301;0.7598172812427145;-0.1257729174602714;0.7700694385971394
56.336929;1.0938880847115375;0.8334459033389992;0.7616645292230839;0.12348519539579043;0.11286194223227672;1.0970471847050856;9.999584193507902;0.8335021658755539;1.097009304252399;1.0971969324414648;0.7598173492486522;-0.12577291835192897;0.7700687243051513
56.346929;1.093890679023761;0.8334435165145716;0.7616636900016452;0.1234851711204381;0.11286193316356159;1.097046613268427;9.99960547565049;0.8335063387487448;1.0970085435592987;1.0971955183156261;0.7598174367308956;-0.12577291926348516;0.770068010554178
56.356929;1.0938933708272558;0.8334411526651823;0.7616627898716047;0.12348515519652008;0.11286194376990027;1.097046006102354;9.999627418591086;0.8335104538008912;1.0970077635784015;1.09719404734391;0.7598175411985809;-0.1257729201954908;0.7700673088872954
56.366929;1.093896165290699;0.8334388123103486;0.7616618259662095;0.12348514801683999;0.11286197337151595;1.097045368451621;9.99964998792329;0.8335144981758049;1.0970069493791317;1.0971925323202658;0.7598176582776893;-0.12577292114880698;0.7700666303287518
56.376929;1.0938990661119485;0.8334364972112837;0.7616607952000471;0.12348514984306388;0.11286202112880106;1.0970447037902142;9.999673138377771;0.8335184624865086;1.097006088021711;1.0971909875098789;0.7598177833479952;-0.1257729221240915;0.77006598510406
56.386929;1.0939020756556759;0.8334342106694472;0.761659695695927;0.12348516074464932;0.11286208604811084;1.097044013075755;9.999696818466072;0.8335223404520901;1.0970051676514732;1.0971894270334928;0.7598179134372419;-0.1257729231215694;0.7700653815900343
56.396929;1.0939051944170688;0.8334319558336317;0.7616585280563909;0.12348518055446969;0.112862167067243;1.0970432956521863;9.99972096880031;0.8335261285067518;1.0970041769254502;1.0971878637054209;0.7598180469516039;-0.12577292414111305;0.7700648251706098
56.406929;1.0939084199559013;0.8334297343532396;0.7616572952031554;0.12348520889996896;0.11286226315612455;1.0970425513529944;9.999745521344636;0.8335298246825851;1.097003105643669;1.0971863089334422;0.7598181821957325;-0.12577292518249922;0.7700643195558357
56.416929;1.0939117475159046;0.8334275465720928;0.761656001202855;0.12348524530733347;0.11286237332609654;1.0970417825259668;9.999770406877799;0.8335334265836575;1.0970019453362951;1.0971847726854838;0.7598183165686472;-0.12577292624538414;0.770063869842938
56.426929;1.0939151717925732;0.8334250484606447;0.7616543354884757;0.12348645511444996;0.11286356237997393;1.0970409956112959;9.999795566055823;0.8335369294947673;1.0970006884716357;1.0971832632634941;0.7598184461193583;-0.12577292732904904;0.7700634838454792
56.436929;1.093918687381378;0.8334229267715858;0.7616529288157374;0.12348650592588764;0.11286369791959056;1.097040201247337;9.99982096039679;0.8335403260021276;1.0969993274282948;1.0971817884773922;0.7598185652259836;-0.12577292843250784;0.7700631705821717
56.446929;1.0939222882913988;0.833420837450168;0.7616514688820599;0.12348656280742128;0.11286384506063621;1.0970404125343567;9.999846578300714;0.8335436079511185;1.0969978547446508;1.0971803571467655;0.7598186669780737;-0.1257729295547942;0.7700629381757134
56.456929;1.0939259676839452;0.8334187808216055;0.7616499579432658;0.12348662482680299;0.11286400344996862;1.0970396420314537;9.999872423846119;0.8335467689483701;1.0969962636292412;1.097178978855425;0.7598187439893186;-0.12577293069500334;0.7700627931732266
56.466929;1.0939297177969654;0.8334167564901525;0.7616483982278772;0.12348669102564896;0.11286417297195162;1.0970388986487432;9.999898491498975;0.8335498051280287;1.0969945481407066;1.097177662540723;0.75981878877942;-0.12577293185233246;0.7700627409259938
56.476929;1.0939335304381743;0.8334147615445551;0.7616467911022;0.12348676052528183;0.11286435372603536;1.0970381863351013;9.999924749292624;0.833552714475105;1.0969927033265587;1.0971764149205638;0.7598187935454569;-0.12577293302616;0.7700627863684831
56.486929;1.0939373984031284;0.8334127912107834;0.7616451368396454;0.1234868325735283;0.11286454608625103;1.0970375048948444;9.999951141525013;0.8335554963227043;1.0969907258024183;1.0971752398969816;0.7598187499545392;-0.1257729342160215;0.7700629347892779
56.496929;1.0939413170368408;0.8334108413728285;0.7616434350113445;0.123486906600064;0.11286475062518482;1.0970368513853277;9.999977604317888;0.8335581514166241;1.0969886149577806;1.0971741397147092;0.7598186493514822;-0.12577293542157802;0.7700631918329021
56.506929;1.0939452844184792;0.83340890922555;0.7616416850627237;0.12348698227198207;0.1128649678448118;1.0970362212624905;10.000004082601036;0.8335606813665413;1.096986373211639;1.0971731164327627;0.7598184835056973;-0.1257729366425548;0.7700635632102453
56.516929;1.0939492998108062;0.8334069909576564;0.7616398868096331;0.12348705952756127;0.11286519798548536;1.0970356102415688;10.000030529714328;0.8335630878750246;1.0969840056208824;1.097172172314328;0.7598182459449915;-0.12577393787859129;0.7700642182759623
56.526929;1.0939533617354789;0.833405080824289;0.7616380408894176;0.12348713866695318;0.1128654411108179;1.0970350168458685;10.000056886497076;0.8335653733412046;1.0969815202103614;1.0971713092870776;0.7598179325387073;-0.12577393912912646;0.7700648369593834
56.536929;1.0939574666146916;0.8334031739459947;0.7616361493739607;0.12348722031707889;0.11286569728055476;1.097034443061011;10.00008306995495;0.8335675414419884;1.0969789269062422;1.097170528325862;0.7598175404211527;-0.12577394039352785;0.7700655893600237
56.546929;1.0939616081074655;0.8334012692380957;0.7616342165016412;0.12348730518345319;0.1128659665462689;1.0970338929282857;10.000108981973515;0.8335695961124755;1.096976234484834;1.0971698305579014;0.7598170667989805;-0.12577394167144568;0.7700664814846415
56.556929;1.093965776921268;0.8333993696437169;0.7616322488447256;0.12348739397156754;0.11286624877464878;1.0970333717495802;10.000134516942827;0.8335715404171078;1.0969734495658185;1.0971692195915448;0.7598165087249338;-0.12577394296289457;0.7700675170497356
56.566929;1.0939699604151634;0.8333974805480494;0.7616302546246752;0.12348748755303093;0.11286654345061398;1.097032885347485;10.000159567530511;0.833573375914524;1.096970579179281;1.0971687015049332;0.759815863191717;-0.1257739442677005;0.7700686970176905
56.576929;1.09397414236742;0.8333956080459491;0.7616282426546908;0.123487587060633;0.1128668496219168;1.0970324377715017;10.000184028870349;0.8335751020239035;1.0969676335721312;1.0971682824360898;0.7598151271099501;-0.1257739455847085;0.7700700206406279
56.586929;1.093978304699654;0.8333937575065075;0.7616262218236383;0.12348769387052749;0.11286716605686052;1.097032029834323;10.000207789584154;0.8335767161692601;1.0969646272254059;1.0971679668210548;0.7598142972559934;-0.12577394691146973;0.7700714865506791
56.596929;1.0939824305268047;0.8333919326049396;0.7616242016658823;0.12348780953168433;0.11286749144503372;1.0970316597849983;10.00023073249472;0.8335782144570646;1.0969615783081406;1.0971677567816605;0.7598133702603969;-0.12577394824449298;0.7700730933711756
56.606929;1.0939865052459774;0.8333901355492034;0.7616221924678027;0.12348793556358768;0.11286782446646271;1.097031323073127;10.000252760670776;0.8335795921587391;1.0969585069786212;1.0971676522576976;0.7598123428442538;-0.1257739495795891;0.7700748394186394
56.616929;1.093990515311243;0.8333880244073737;0.761619889357567;0.1234892390567643;0.11286922956612312;1.0970310113438375;10.000273813323577;0.8335808446872447;1.0969554335439624;1.097167652114878;0.7598112122791516;-0.1257739509121719;0.7700767214367032
56.626929;1.0939944466627944;0.8333862883526013;0.7616179274716739;0.12348938909222336;0.11286957390312684;1.0970307143597733;10.000293853043713;0.8335819687934933;1.0969523769234961;1.0971677550050327;0.7598099767778642;-0.1257739522375804;0.7700787343602401
56.636929;1.0939992432137722;0.8333853475754767;0.7616160268207905;0.12348944498209281;0.1128697250198198;1.097030423211702;10.000312852087387;0.833582962670716;1.0969493540612854;1.0971679597130206;0.7598086360303786;-0.1257739535512547;0.7700808723682477
56.646929;1.0940029712672419;0.8333836770985169;0.7616141343271977;0.12348962149523839;0.11287007552605685;1.0970301303185184;10.000330795980178;0.8335838249661929;1.0969463806205184;1.0971682659164708;0.7598071918165958;-0.12577395484869533;0.7700831291646568
56.656929;1.094006576682443;0.8333820388524856;0.7616122856434117;0.12348981192969471;0.11287042744401099;1.0970298274063088;10.000347682863021;0.8335845540101642;1.0969434716743753;1.097168674250242;0.7598056477327494;-0.1257739561253318;0.7700854977601974
56.666929;1.0940100489457092;0.8333804319892911;0.7616104887051072;0.12349001664129104;0.11287077989153346;1.0970295054555395;10.000363498461516;0.8335851481666164;1.096940642686097;1.0971691850591057;0.7598040077262845;-0.12577395737655686;0.770087971004646
56.676929;1.09401338012951;0.8333788565616059;0.7616087527999916;0.12349023594424167;0.11287113217793117;1.0970291569650539;10.000378196434708;0.8335856066702583;1.0969379113770106;1.0971697974146641;0.7598022744065972;-0.1257739585981246;0.7700905421616495
56.686929;1.0940165642976658;0.8333773138185655;0.7616070873562656;0.12349047020484011;0.11287148377990154;1.0970287780166283;10.000391718175871;0.8335859300554977;1.096935298454735;1.0971705094907305;0.7598004481095403;-0.12577395978643877;0.7700932044211518
56.696929;1.094019596434423;0.8333758054725074;0.7616055005824321;0.12349071984429158;0.11287183430024955;1.0970283685444413;10.000404027195511;0.8335861201291201;1.0969328261626647;1.0971713197231627;0.7597985270687854;-0.1257739609383425;0.7700959495002919
56.706929;1.0940224721645933;0.8333743330148531;0.761603998995145;0.12349098522260182;0.11287218349379198;1.09702793168296;10.000415119597756;0.8335861793813194;1.096930516133447;1.0971722270898256;0.7597965088726751;-0.12577396205093952;0.7700987670910534
56.716929;1.0940251891694024;0.8333728977149476;0.7616025872477973;0.12349126643329213;0.11287253129098801;1.0970274728990252;10.00042500871714;0.8335861099986192;1.0969283878081528;1.0971732294615555;0.7597933924014708;-0.12577396312193087;0.7701006596929462
56.726929;1.0940277481161145;0.8333715006872787;0.7616012682581029;0.12349156315026598;0.11287287765281227;1.0970269983716778;10.000433705632801;0.8335859132683641;1.0969264576198414;1.0971743213973388;0.7597911785701223;-0.12577396415015013;0.7701035904072578
56.736929;1.0940301519155644;0.8333701427710548;0.7616000440271459;0.12349187471751481;0.11287322240304144;1.097026513941334;10.00044121833831;0.8335855893639381;1.0969247388189662;1.0971754933495121;0.7597888695963516;-0.12577496513575367;0.770106726992617
56.746929;1.0940324053519648;0.8333688250652055;0.7615989164556383;0.12349220034173834;0.11287356529855762;1.0970260260565101;10.00044756087144;0.8335851375255806;1.0969232419658275;1.097176732347014;0.7597864681632873;-0.12577496607993355;0.7701097349125806
56.756929;1.0940345155047335;0.833367549585744;0.7615978877475829;0.12349253920445098;0.11287390619175737;1.097025542385966;10.000452754768794;0.833584556996546;1.0969219755259916;1.0971780235677564;0.7597839778816178;-0.12577496698442892;0.7701127708950725
56.766929;1.0940364912953713;0.8333663181884889;0.7615969603668475;0.12349289053253681;0.1128742450846584;1.0970250702792785;10.000456834269356;0.8335838476620946;1.096920945723491;1.0971793521098647;0.7597814043671044;-0.1257749678510721;0.7701158296576722
56.776929;1.0940383420738047;0.8333651315194541;0.7615961362059092;0.12349325365579174;0.11287458211223718;1.0970246160792285;10.000459857972421;0.8335830094519844;1.0969201561060145;1.0971807039120303;0.7597787548566797;-0.12577496868158136;0.7701189074294681
56.786929;1.0940400764127498;0.8333639905662769;0.7615954156135409;0.12349362806042105;0.11287491743519923;1.097024186830711;10.000461915806873;0.8335820411633992;1.0969196081530455;1.0971820658606262;0.7597760362535203;-0.12577496947771508;0.770122001682393
56.796929;1.0940417018194801;0.8333628980635653;0.7615947972378849;0.12349401340812335;0.11287525105791012;1.097023790850054;10.000463130172815;0.8335809400523446;1.096919302990072;1.0971834261883575;0.7597732532037152;-0.1257749702414984;0.7701251101701686
56.806929;1.0940432249075085;0.8333618571162619;0.7615942782415087;0.12349440946079988;0.112875582770598;1.097023436463781;10.000463647424526;0.8335797032889594;1.0969192422916514;1.0971847753293025;0.7597704074742044;-0.12577497097519344;0.7701282302531852
56.816929;1.0940446512754949;0.8333608694619422;0.761593854348291;0.12349481599200032;0.1128759122577216;1.0970231321021493;10.000463624455652;0.833578330115256;1.0969194278523182;1.0971861062428694;0.759767498802922;-0.12577497168111626;0.7701313585659295
56.826929;1.0940459856153415;0.8333595922850157;0.7615932059360848;0.12349639866622103;0.1128773049992846;1.0970228874280161;10.000463225950364;0.8335768224489394;1.0969198610336903;1.0971874141541373;0.7597645264338659;-0.1257749723612997;0.7701344907087782
56.836929;1.0940472323244697;0.8333587148945913;0.7615929556369957;0.1234968255824399;0.11287762935244014;1.0970227133652273;10.000462625306874;0.8335751845639754;1.0969205421912387;1.0971886960798751;0.759761490718788;-0.12577497301702978;0.7701376207324403
56.846929;1.0940483950534783;0.8333578976733788;0.7615927843047798;0.12349726247986996;0.11287795118386379;1.097022621073688;10.00046198980734;0.8335734233674799;1.096921470802484;1.0971899497782869;0.759758394363874;-0.12577497364872608;0.770140740222484
56.856929;1.0940494747274234;0.8333571466206005;0.7615926882773532;0.1234977092130922;0.11287827063924909;1.0970226206690838;10.000461459691667;0.833571548637118;1.0969226464377984;1.0971911727900021;0.7597552426788999;-0.12577497425630416;0.7701438381660037
56.866929;1.0940504681978425;0.8333564683373822;0.761592664522806;0.12349816566390884;0.11287858767346795;1.0970227209474137;10.000461147039003;0.833569571945046;1.0969240683456676;1.0971923619057593;0.7597520427956391;-0.1257749748396672;0.770146902913957
56.876929;1.0940513687674278;0.8333558684338946;0.7615927094650067;0.12349863170433975;0.1128789020373873;1.0970229304772074;10.000461153346496;0.8335675039747525;1.0969257337598022;1.097193512441908;0.7597488023638229;-0.12577497539903812;0.7701499248931923
56.886929;1.0940521680814692;0.8333553503279436;0.7615928186670935;0.12349910703804552;0.1128792134204356;1.097023258145061;10.000461588081517;0.833565352542699;1.0969276374512682;1.0971946185182384;0.759745528612575;-0.12577497593493214;0.7701528974845175
56.896929;1.094052858176894;0.8333549150509412;0.7615929881877074;0.12349959115739635;0.11287952152400081;1.0970237120751043;10.000462579525228;0.8335631236497553;1.096929772989324;1.0971956738606716;0.7597422286925777;-0.1257749764478031;0.770155816009518
56.906929;1.0940534320372144;0.8333545616271064;0.7615932162976686;0.12350008349820112;0.1128798260509242;1.0970252980362054;10.000464271019492;0.8335608234714904;1.0969321338036515;1.097196671063247;0.7597389100436355;-0.12577497693793688;0.7701586767138692
56.916929;1.0940538836442872;0.8333542869605107;0.7615935039007993;0.12350058353217988;0.1128801267012228;1.0970260187668186;10.000466801670916;0.8335584586671043;1.096934712863488;1.0971976011117386;0.7597355792871205;-0.125774977405783;0.7701614764517084
56.926929;1.0940542091544112;0.8333540861130461;0.7615938541853762;0.12350109073421264;0.11288042315286048;1.0970268752875445;10.000470283761336;0.8335560359235624;1.0969375023585144;1.097198454564202;0.759732241417191;-0.12577497785199696;0.7701642129036568
56.936929;1.094054407119686;0.833353953645001;0.7615942724859958;0.12350160461099685;0.11288071505126412;1.097027869135058;10.000474791384889;0.833553562282824;1.0969404944462924;1.097199222999508;0.7597289008358048;-0.12577497827704334;0.7701668850979559
56.946929;1.0940544774974086;0.8333538837049015;0.7615947660307532;0.12350212469580446;0.11288100206752448;1.097029002575405;10.000480367216433;0.8335510457533283;1.0969436824852457;1.0971998999463408;0.7597255623642237;-0.12577497868095217;0.7701694931808527
56.956929;1.0940544222753399;0.8333538684320064;0.7615953429124511;0.12350265037963387;0.11288128390225137;1.0970302773373781;10.000487038269851;0.8335484948931392;1.0969470619566783;1.0972004798913202;0.7597222305880235;-0.12577597906348342;0.7701722004501304
56.966929;1.094054246994243;0.8333538975023728;0.761596010723592;0.12350318079469466;0.11288156016717768;1.0970316944876919;10.000494821242345;0.8335459171973087;1.096950630105991;1.0972009555176732;0.7597189088170339;-0.12577597942451907;0.7701746790598973
56.976929;1.0940539606793915;0.8333539590761037;0.7615967758612523;0.12350371488244571;0.11288183032338034;1.097033254765476;10.000503713616512;0.8335433175214396;1.0969543845105185;1.0972013163173249;0.7597155992287803;-0.1257759797643431;0.7701770900356094
56.986929;1.0940535738358892;0.8333540405487908;0.761597643291707;0.12350425147419501;0.11288209377775058;1.0970349581194447;10.000513689811903;0.8335406983127227;1.0969583216961813;1.0972015496033072;0.7597123037179148;-0.12577598008364543;0.7701794303211424
56.996929;1.0940530960407895;0.8333541292272295;0.7615986164247807;0.123504789331394;0.11288234998509211;1.0970368024827335;10.000524710032092;0.833538061682006;1.0969624361747703;1.0972016431758418;0.7597090244128234;-0.12577598038326862;0.7701816957782416
57.006929;1.0940525349968246;0.8333542132583353;0.7615996975127067;0.1235053272897346;0.11288259849603725;1.097038782444905;10.000536728166106;0.8335354112251193;1.096966720337167;1.0972015886161108;0.7597057638264173;-0.1257759806638417;0.7701838810732418
57.016929;1.0940518963927715;0.8333542823088516;0.7616008880124877;0.12350586437043301;0.11288283900697024;1.0970408899194763;10.000549695071687;0.8335327521537258;1.0969711652030374;1.0972013827636238;0.7597025243930743;-0.1257759809257048;0.7701859806442147
57.026929;1.0940511828837631;0.8333543276705928;0.7616021885669948;0.12350639959791365;0.11288307133612001;1.0970431165586672;10.000563558705855;0.8335300900368734;1.09697576136531;1.0972010269131114;0.7596993072681956;-0.12577598116920266;0.7701879897929137
57.036929;1.0940503932624595;0.833354342594833;0.7616035990853296;0.12350693175786223;0.11288329538112073;1.0970454553485944;10.000578258329028;0.8335274296667229;1.0969805003360549;1.097200525470735;0.7596961120705271;-0.12577598139496754;0.7701899053674599
57.046929;1.0940495241668795;0.8333539793409547;0.7616048041960806;0.12350862530381292;0.11288457691377278;1.0970479013707337;10.000593715604523;0.8335247754490684;1.0969853758901071;1.0971998851665534;0.7596929380327447;-0.12577598160391823;0.7701917263783224
57.056929;1.0940485730106038;0.8333539238035655;0.7616064296926144;0.1235091470835357;0.11288478453202962;1.0970504523211455;10.000609834460775;0.8335221324014958;1.096990383959759;1.0971991150810758;0.7596897848485245;-0.12577598179702493;0.7701934541630107
57.066929;1.0940475383005765;0.8333538321006068;0.761608158200924;0.12350966179268898;0.11288498422723145;1.0970531081581267;10.000626520755434;0.8335195062297742;1.096995521160894;1.0971982261976536;0.759686653054959;-0.12577598197515585;0.770195091601166
57.076929;1.0940464175857743;0.8333537042553316;0.7616099864034813;0.12351016857142112;0.11288517631584827;1.097055870319156;10.000643702040977;0.8335169029597054;1.097000783081707;1.0971972298401071;0.7596835444194654;-0.12577598213930055;0.7701966419357256
57.086929;1.0940452062864623;0.8333535402381064;0.761611910234361;0.12351066677946029;0.1128853611209976;1.0970587414422568;10.000661321997528;0.833514328379674;1.0970061631786383;1.0971961365604095;0.759680462133648;-0.12577598229089765;0.7701981081544723
57.096929;1.094043898593501;0.8333533410715469;0.7616139244927875;0.12351115579932018;0.11288553892804772;1.0970617251083006;10.000679321952141;0.8335117874827294;1.0970116527338805;1.0971949564860441;0.7596774109634836;-0.12577598243169993;0.7701994927344983
57.106929;1.0940424889360527;0.8333531104860009;0.7616160224450337;0.12351163496341522;0.11288571007000263;1.0970648250903248;10.00069763229139;0.8335092845422741;1.0970172416644137;1.0971937009509996;0.759674396825705;-0.1257759825634093;0.7702007973057349
57.116929;1.0940419306361142;0.8333536178261289;0.761618224041958;0.12351199648585354;0.11288567804798834;1.0970680449887131;10.000716178487774;0.8335068230235156;1.0970229201921522;1.0971923837613233;0.7596714256272533;-0.1257759826877138;0.7702020228168877
57.126929;1.0940402971838992;0.8333533456525959;0.761620458964522;0.12351245393590887;0.11288583706834593;1.0970713882316765;10.000734887360654;0.8335044055118731;1.0970286810270973;1.0971910203580035;0.7596685024317508;-0.12577598280654603;0.770203170116162
57.136929;1.0940385369220256;0.8333530634354408;0.7616227429820716;0.12351289923571183;0.11288599044903455;1.0970748574622537;10.00075368170249;0.8335020343650659;1.0970345200926073;1.0971896262887595;0.7596656312836765;-0.12577598292206335;0.7702042403612102
57.146929;1.094036637518676;0.8333527768897344;0.761625062769424;0.12351333126008794;0.11288613844229826;1.0970784540154201;10.000772477149159;0.8334997124203803;1.0970404345417946;1.0971882165059648;0.759662815339243;-0.12577598303630455;0.7702052354865623
57.156929;1.0940345868814136;0.8333524911187993;0.7616274062964817;0.12351374893966097;0.11288628161966051;1.0970821779514879;10.000791188765744;0.8334974438429785;1.0970464199302976;1.0971868050067168;0.7596600575831081;-0.12577598315086036;0.7702061587260892
57.166929;1.0940323747807736;0.8333522108462517;0.7616297634907093;0.12351415140274713;0.11288642087301692;1.0970860273734382;10.000809732776073;0.8334952348133976;1.0970524690879875;1.0971854046845604;0.7596573623134206;-0.1257759832669144;0.7702070150425416
57.176929;1.0940299934446491;0.833351940142065;0.7616321251841051;0.12351453798309776;0.11288655710376808;1.097089997602909;10.00082802337476;0.8334930926206647;1.0970585724790058;1.0971840272736488;0.7596547361131892;-0.12577598338553098;0.7702078112577738
57.186929;1.0940274373565364;0.8333516815955686;0.761634481927673;0.12351490815683393;0.11288669099057846;1.0970940821390187;10.000845974902735;0.8334910237394494;1.0970647186468163;1.097182683400556;0.7596521871374605;-0.12577598350776495;0.7702085551064597
57.196929;1.09402470260652;0.8333514359565637;0.7616368242801275;0.12351526145453402;0.11288682295712149;1.097098274365261;10.000863505030127;0.8334890330869138;1.0970708947708827;1.0971813827284644;0.7596497233700734;-0.12577698363458162;0.7702094167468455
57.206929;1.0940215031444653;0.8333510957089094;0.7616392417388226;0.12351483480145349;0.11288628523583448;1.0971025677467805;10.000880536832389;0.8334871246371511;1.0970770874162128;1.0971801338692264;0.7596473507909784;-0.12577698376681107;0.7702100746206766
57.216929;1.0940184018071577;0.8333508744317614;0.7616415266924539;0.12351515300210092;0.11288641367711572;1.0971069551334127;10.000897001664699;0.833485302068339;1.0970832827081525;1.097178944535414;0.7596450725273355;-0.12577698390495937;0.7702106960917355
57.226929;1.0940151147619315;0.8333506637691102;0.7616437695179283;0.12351545304108547;0.11288654007060038;1.0971114285809467;10.000912835404364;0.833483569330274;1.097089465725964;1.0971778217375174;0.7596428902357992;-0.1257769840488471;0.7702112847039847
57.236929;1.0940116437554195;0.8333504613164496;0.7616459633764131;0.12351573451280186;0.11288666407423457;1.0971159789793943;10.000927969491633;0.8334819308432271;1.097095619532968;1.0971767716631469;0.7596408063838075;-0.12577698419776087;0.770211842958719
57.246929;1.0940079937396145;0.8333502637773403;0.7616481020155134;0.12351599696303064;0.11288678526331902;1.097120595409616;10.00094232571225;0.833480390491363;1.097101725312189;1.0971757994749842;0.7596388247256545;-0.12577698435108814;0.7702123717693476
57.256929;1.0940041727279477;0.8333500684006988;0.7616501785263474;0.12351623988441272;0.11288690309451195;1.0971252652995573;10.000955818506782;0.8334789507752234;1.0971077653241448;1.0971749084297762;0.7596369488639725;-0.1257769845085335;0.7702128712604622
57.266929;1.0940001920820315;0.8333498746443205;0.7616521859116991;0.1235164627759781;0.11288701693258638;1.097129974951648;10.000968369789701;0.8334776137886717;1.0971137261787374;1.0971740989155832;0.7596351809455157;-0.12577698467002027;0.7702133418957582
57.276929;1.0939960660625443;0.833349340946601;0.7616538044413707;0.12351783117024556;0.11288819181549785;1.097134710540328;10.000979925492153;0.8334763827610626;1.0971195988149929;1.0971733690309196;0.759633521753272;-0.12577698483571512;0.7702137840370947
57.286929;1.0939918101417452;0.833349158234589;0.76165565860288;0.12351801320940486;0.11288829540757767;1.0971394600230786;10.00099045254945;0.8334752620612188;1.097125377095019;1.0971727160485985;0.7596319712540703;-0.12577698500590848;0.7702141970064004
57.296929;1.0939874401279148;0.8333489857101348;0.7616574306708896;0.12351817478686056;0.11288839263688187;1.097144213798593;10.000999926823129;0.8334742557421863;1.0971310570893829;1.0971721369199423;0.7596305281927039;-0.1257769851809068;0.7702145796201829
57.306929;1.0939829720529006;0.8333488246071853;0.7616591163765947;0.12351831595850105;0.11288848269489958;1.0971489630168156;10.001008333661463;0.8334733662770785;1.0971366356169356;1.0971716274987051;0.7596291894923238;-0.1257769853612213;0.7702149313985212
57.316929;1.093978421497315;0.8333486753113507;0.7616607108146138;0.1235184368172147;0.11288856486743269;1.0971536976344232;10.001015674754857;0.8334725946687651;1.097142108367364;1.0971711818977534;0.75962795117026;-0.12577698554768874;0.7702152526163878
57.326929;1.0939738021375194;0.8333485388967836;0.7616622096860314;0.12351853750358346;0.11288863854940437;1.0971584056400572;10.001021971705915;0.8334719417798571;1.0971474700187747;1.0971707928628653;0.7596268099032478;-0.12577698574123256;0.7702155434108455
57.336929;1.0939691238987643;0.8333484171538986;0.7616636101395389;0.1235186182486888;0.11288870323148836;1.0971630737304385;10.001027265615148;0.8334714096796021;1.0971527165386987;1.0971704523781418;0.7596257631579976;-0.12577698594254738;0.7702158035135814
57.346929;1.0939643925940543;0.8333483114299486;0.7616649098245654;0.12351867937952433;0.11288875852482258;1.0971676892226063;10.00103160960495;0.8334710021671765;1.0971578471348635;1.0971701521250319;0.7596248088018401;-0.12577698615212296;0.7702160328041838
57.356929;1.0939596116699903;0.833348222469858;0.761666105539334;0.12351872122315191;0.11288880407478809;1.097172241677265;10.001035057083119;0.8334707246634417;1.0971628643533609;1.097169883955477;0.7596239458097693;-0.12577698637044388;0.7702162313096221
57.366929;1.093954783536358;0.8333481513685446;0.7616671931274439;0.1235187441256908;0.11288883944930786;1.0971767229771798;10.001037648921402;0.8334705842463626;1.0971677730476053;1.097169639956085;0.7596231748263607;-0.1257769865981253;0.7702163984788493
57.376929;1.0939499098554237;0.8333481003369799;0.7616681685689158;0.1235187486161414;0.11288886427826741;1.0971811258953825;10.00103940555877;0.8334705896223552;1.0971725786773674;1.0971694121372026;0.7596224974638114;-0.12577698683599894;0.7702165333382891
57.386929;1.0939449926550886;0.8333480727849955;0.7616690295853707;0.12351873543186853;0.11288887848267098;1.0971854428323462;10.001040339282225;0.8334707498485328;1.0971772851897443;1.0971691923242117;0.7596219149918817;-0.12577698708495383;0.7702166352988914
57.396929;1.0939400357243996;0.8333480725196305;0.7616697764300185;0.12351870538851215;0.11288888230102809;1.0971896665482708;10.001040476355163;0.8334710730014426;1.0971818938042692;1.0971689725036193;0.7596214272628312;-0.12577698734556556;0.7702167034771737
57.406929;1.0939350444701537;0.8333481025760303;0.7616704111965414;0.12351865929304895;0.1128888761064434;1.0971937914421284;10.001039861839699;0.8334715664597127;1.0971864038188583;1.0971687458288122;0.7596210326836441;-0.12577698761789757;0.7702167353724944
57.416929;1.0939300249521349;0.8333481652051442;0.761670936829413;0.12351859790090008;0.11288886020497657;1.0971978136498686;10.001038554981529;0.8334722369606353;1.097190814476056;1.097168508120248;0.7596207290331907;-0.1257769879015818;0.7702167277011674
57.426929;1.0939249828830107;0.8333482629504779;0.7616713566347294;0.12351852181957844;0.11288883478546637;1.0972017310044055;10.00103662940931;0.8334730892682976;1.097195125148488;1.0971682586568337;0.7596205140415386;-0.12577698819596267;0.7702166784570627
57.436929;1.093919921872715;0.8333483987736323;0.7616716743049863;0.1235184314486481;0.11288879993058008;1.097206543547376;10.001034171773298;0.83347412548113;1.0971993336028443;1.0971679992608476;0.7596203854308657;-0.12577698850018915;0.7702165872004353
57.446929;1.0939148423942364;0.8333485748551808;0.7616718947859774;0.12351832717861701;0.11288875556378596;1.0972102537836546;10.001031285038989;0.8334753455618013;1.097203434938048;1.097167732826206;0.7596193404562824;-0.12577698881339391;0.7702154672901821
57.456929;1.0939097427035946;0.8333487919856797;0.7616720250196604;0.12351820973762645;0.11288870144969188;1.097213865743382;10.001028094605527;0.8334767477656558;1.0972074217259378;1.097167463452715;0.7596193753337943;-0.12577798913488972;0.7702154549492795
57.466929;1.093904619946039;0.8333490505977771;0.7616720735891531;0.12351808024423057;0.1128886373586926;1.0972173830012837;10.001024732589839;0.8334783287580012;1.0972112848857314;1.097167197489687;0.7596194852414802;-0.12577798946421584;0.770215236710589
57.476929;1.0938994713955252;0.8333493525453103;0.7616720503345508;0.1235179399598098;0.11288856327887703;1.097220806462109;10.00102130917605;0.8334800835716252;1.0972150151562465;1.0971669429955515;0.7596196646291149;-0.12577798980117896;0.7702149755173364
57.486929;1.0938942962922282;0.8333497019845446;0.7616719661250816;0.12351779012603305;0.11288847952847761;1.097224133337303;10.001017908483435;0.8334820052962457;1.0972186041907086;1.0971667082906573;0.7596199074358928;-0.12577799014585406;0.7702146701709863
57.496929;1.0938890962136407;0.8333501046970122;0.7616718321415467;0.12351763198036554;0.11288838676197466;1.0972273593709108;10.00101460196558;0.833484085298887;1.09722204522669;1.0971665020369015;0.7596202074168957;-0.1257779904984163;0.770214317789806
57.506929;1.0938838731804292;0.8333505670032623;0.7616716595696901;0.12351746685365805;0.11288828587745232;1.0972304819922485;10.001011446278943;0.8334863143504964;1.0972253337360505;1.097166334649674;0.7596205586963423;-0.12577799085901617;0.7702139135519526
57.516929;1.093878627582878;0.8333507513739087;0.7616711457762845;0.1235184621200361;0.1128892436031184;1.0972334998287663;10.001008475989787;0.8334886834729627;1.097228467190019;1.097166218573236;0.759620956460816;-0.12577799122784344;0.7702134519921014
57.526929;1.093873358510543;0.8333513501785149;0.7616709306721149;0.12351828765686676;0.11288912932158213;1.0972364103493484;10.001005709498115;0.8334911841279757;1.0972314438288668;1.0971661658682383;0.7596213976248856;-0.12577799160526604;0.7702129292125102
57.536929;1.0938680656544635;0.8333520220224777;0.7616707098531965;0.12351811101309802;0.11288900968050923;1.097239209340931;10.001003158357333;0.833493808038158;1.0972342620245756;1.0971661853738817;0.759621881238919;-0.12577799199191272;0.7702123435457234
57.546929;1.0938627489495543;0.8333527661180014;0.7616704898475705;0.12351793385662568;0.11288888563025215;1.097241892064292;10.00100083744253;0.8334965462423025;1.097236919865458;1.097166282577175;0.7596224084153811;-0.1257779923887313;0.7702116942410798
57.556929;1.093857406567588;0.8333535796780781;0.7616702744828214;0.12351775772358688;0.11288875829900798;1.0972444552782603;10.000998773539271;0.8334993883110878;1.097239414127279;1.0971664612471128;0.7596229815481035;-0.12577799279725085;0.770210980765508
57.566929;1.0938520360530881;0.8333544592716833;0.7616700667235573;0.12351758383999341;0.1128886290983737;1.0972468985098542;10.000997006944118;0.8335023229832484;1.0972417406243429;1.0971667241564649;0.7596236028720799;-0.1257779932199054;0.770210202971134
57.576929;1.0938466386401282;0.8333554011627795;0.761669869179203;0.12351741308234931;0.11288849977981512;1.0972492228926387;10.000995596904344;0.8335053391085483;1.0972438956838189;1.0971670717854782;0.7596242732415621;-0.12577799365980535;0.7702093604568233
57.586929;1.093841221681278;0.8333564010203067;0.7616696832971316;0.12351724614083408;0.1128883724368735;1.097251429339699;10.00099463109246;0.8335084254344187;1.0972458767652788;1.097167500660662;0.7596249916161202;-0.1257779941198838;0.7702084518793858
57.596929;1.0938357967180055;0.8333574535766075;0.7616695094615604;0.12351708372460941;0.11288824939408117;1.0972535180457603;10.000994227181595;0.8335115699610958;1.0972476829738504;1.0971680038674192;0.7596257549179642;-0.12577799460211528;0.7702074753774474
57.606929;1.0938303759864332;0.8333585519849933;0.7616693479436305;0.12351692663246314;0.11288813293119238;1.0972554886761037;10.000994527894312;0.8335147601946657;1.0972493160135344;1.0971685726580223;0.7596265586773011;-0.12577799510742255;0.7702064302023326
57.616929;1.0938249709853043;0.8333596876785329;0.7616691992092124;0.12351677567258884;0.11288802496691128;1.097257341388916;10.000995691456456;0.8335179841535095;1.0972507806687875;1.0971691972942292;0.7596273983672017;-0.1257779956361366;0.7702053185425456
57.626929;1.093819593166163;0.833360851625341;0.7616690636985202;0.12351663162067421;0.11288792688337217;1.0972590792671362;10.000997872889519;0.8335212313673723;1.0972520838094735;1.0971698676089139;0.7596282702369299;-0.12577799618848337;0.7702041451003514
57.636929;1.0938142546200045;0.8333620356473046;0.7616689418417245;0.12351649525716182;0.11288783955375874;1.0972607094423872;10.00100120576005;0.8335244934388161;1.0972532322684598;1.0971705731569181;0.7596291713061275;-0.12577799676457632;0.7702029144395999
57.646929;1.0938089676709897;0.8333632327427102;0.7616688342095171;0.12351636731209228;0.11288776345181087;1.097262241321454;10.001005799331056;0.8335277634845727;1.0972542310411102;1.0971713025357386;0.7596300989322327;-0.12577799736382386;0.7702016293776183
57.656929;1.0938047025332265;0.8333651996945878;0.761668770299713;0.12351614123639809;0.11288750184861152;1.097263685103069;10.001011744916072;0.8335310343784458;1.097255082247113;1.0971720433378416;0.7596310506376345;-0.12577799798438338;0.770200291676028
57.666929;1.0937995486469962;0.8333664060383519;0.761668691140439;0.12351603174663875;0.11288744871600512;1.0972650521795657;10.00101912196386;0.8335342976729602;1.0972557853171743;1.0971727837994847;0.7596320247267495;-0.1257779986230535;0.7701989030866422
57.676929;1.09379446892128;0.8333676089697571;0.7616686243349641;0.12351593205466373;0.11288740747567805;1.0972663552724757;10.001028002936213;0.8335375446718228;1.097256338002958;1.0971735143201682;0.7596330213927138;-0.12577799927557762;0.7701974654658298
57.686929;1.0937894642531563;0.8333688036163978;0.7616685674518843;0.12351584241427102;0.1128873785765186;1.097267607068026;10.001038450381534;0.8335407677031075;1.0972567362136312;1.097174227740209;0.7596340437115439;-0.12577799993750047;0.7701959806263542
57.696929;1.0937845351415656;0.8333699868688244;0.761668516964126;0.12351576302904052;0.11288736239671353;1.0972688181153407;10.001050510629579;0.8335439591097541;1.097256973319081;1.097174919814207;0.7596350977041539;-0.12577800060504932;0.7701944505584415
57.706929;1.093779682610546;0.8333711573299696;0.7616684688388367;0.12351569407191883;0.11288735921165727;1.0972699954791443;10.00106421860181;0.8335471096317926;1.0972570420155372;1.0971755896496782;0.7596361908385705;-0.1257780012754462;0.7701928774801003
57.716929;1.093774907208433;0.8333723151019065;0.7616684195841239;0.12351563555250779;0.11288736918946678;1.0972711429326292;10.001079601768728;0.8335502092196121;1.0972569384448527;1.0971762393477813;0.7596373298572614;-0.12577900194697303;0.770191426914033
57.726929;1.0937702081095722;0.8333734613224785;0.7616683659435347;0.12351558709715976;0.11288739232061415;1.0972722624155071;10.001096662984342;0.8335532495441905;1.0972566638544334;1.0971768740902923;0.7596385197928859;-0.12577900261891273;0.7701897746792028
57.736929;1.0937655835698101;0.8333745968396539;0.7616683043936116;0.12351554785765805;0.11288742832091164;1.09727335626408;10.00111536414577;0.8335562252719037;1.09725622208855;1.0971775028926325;0.7596397646369524;-0.12577900329118358;0.7701880873956569
57.746929;1.0937610313644834;0.8333757216192169;0.7616682318086799;0.12351551665420944;0.1128874765183415;1.0972744284019722;10.00113563469208;0.8335591336500888;1.097255617142751;1.0971781387530872;0.7596410679724555;-0.12577900396396174;0.7701863691497736
57.756929;1.093756547897255;0.8333768356083507;0.7616681455188421;0.1235154922293779;0.112887535784942;1.0972754828612226;10.001157378386194;0.833561974208448;1.0972548536558269;1.0971787975732423;0.7596424324054166;-0.125779004637389;0.7701846245799291
57.766929;1.0937521283171343;0.833377596015009;0.7616677281663636;0.1235166393315353;0.11288867041143041;1.097276521443217;10.00118046342571;0.833564748567374;1.0972539388782403;1.0971794963171981;0.7596438588018887;-0.1257790053112626;0.7701828587149983
57.776929;1.0937477687649;0.8333786919845342;0.7616676042939767;0.12351662529425717;0.11288874733868762;1.097277543481311;10.00120472646607;0.8335674594427184;1.097252883781522;1.0971802514832267;0.7596453458842352;-0.12577900598518163;0.7701810768479183
57.786929;1.0937434672851163;0.8333797816084146;0.7616674561254252;0.12351661519728438;0.11288883098412145;1.0972785479469658;10.00123000083529;0.8335701097447042;1.0972517014886236;1.097181078093526;0.7596468894887082;-0.12577900665914318;0.7701792850596115
57.796929;1.093739222446584;0.833380866607595;0.7616672813272957;0.12351660827569397;0.11288892019085682;1.097279535777316;10.001256140598992;0.8335727024273298;1.0972504039088369;1.097181988327084;0.75964848249681;-0.1257790073337535;0.7701774914537949
57.806929;1.0937350325712234;0.8333819490063866;0.7616670797851909;0.12351660390743942;0.11288901386589834;1.0972805108941681;10.001283021971508;0.8335752404567132;1.0972490006456224;1.0971829904551929;0.7596501167008284;-0.12577900800981628;0.7701757065311482
57.816929;1.0937308957439744;0.8333830307730267;0.7616668548669356;0.12351660169703105;0.11288911095175577;1.0972814804015218;10.001310528732313;0.8335777265106148;1.0972475007689726;1.0971840894937075;0.7596517850620336;-0.1257790086878592;0.7701739419223895
57.826929;1.0937268097354107;0.8333841126684057;0.7616666135719327;0.12351660128633381;0.11288921051909923;1.0972824542510493;10.001338532358526;0.8335801625418292;1.097245913977611;1.0971852880985549;0.7596534827931222;-0.1257790093679451;0.7701722089423289
57.836929;1.0937227730072914;0.8333851937844045;0.761666364292983;0.12351660218012542;0.11288931184553537;1.09728344356506;10.001366879499708;0.8335825499820669;1.0972442504128774;1.0971865858590812;0.7596552073079885;-0.12577901004965344;0.7701705178404967
57.846929;1.093718785903668;0.8333862723441069;0.7616661143188448;0.12351660382121063;0.11288941441275409;1.0972844583571573;10.001395397196465;0.8335848912430948;1.0972425197651194;1.0971879787400691;0.7596569575187548;-0.12577901073191827;0.7701688774749433
57.856929;1.0937148496991653;0.8333873463536278;0.7616658693456018;0.12351660563638103;0.11288951783291905;1.0972855060650182;10.001423908294315;0.8335871912252215;1.0972407298183116;1.097189461081223;0.759658733187007;-0.1257790114128063;0.7701672954465276
57.866929;1.0937109646414997;0.8333884133998695;0.7616656341962107;0.123516606999958;0.11288962172248515;1.0972865913932575;10.001452245421303;0.8335894573176716;1.0972388864313767;1.0971910284449402;0.7596605342531577;-0.12577901208957562;0.7701657785926734
57.876929;1.0937071301255126;0.8333894705449182;0.7616654134076875;0.12351660732309819;0.11288972555751893;1.0972877178229183;10.001480260360646;0.8335916982301702;1.0972369954818164;1.0971926775300331;0.7596623603171898;-0.12577901275899162;0.7701643333180133
57.886929;1.093703346080362;0.8333905148589813;0.7616652113465742;0.1235166061962165;0.11288982862907289;1.0972888896855875;10.001507829860946;0.8335939223772854;1.0972350643852642;1.097194403971455;0.759664211474136;-0.1257790134177884;0.7701629647167645
57.896929;1.0936996118145328;0.8333915437798248;0.7616650320314345;0.12351660350200677;0.11288993020667307;1.0972901128494073;10.001534855574953;0.833596136299825;1.0972331023627058;1.0971962020687194;0.7596660896507992;-0.1257790140629923;0.7701616748101984
57.906929;1.0936959231998489;0.8333925550106993;0.7616648794379247;0.1235165994045308;0.11289002977937838;1.097291393591181;10.00156124915269;0.8335983439624147;1.0972311204256546;1.0971980663199465;0.7596679982451985;-0.12577901469179656;0.7701604621551574
57.916929;1.093692271891667;0.8333935471178079;0.7616647584482102;0.12351659410067371;0.11289012711451482;1.0972927367613545;10.001586912294421;0.8336005471973812;1.0972291309022704;1.0971999920974251;0.7596699408272247;-0.1257790153011831;0.7701593231988452
57.926929;1.093688646888552;0.8333945201647366;0.7616646753928932;0.12351658758725573;0.11289022208445154;1.0972941446289448;10.001611732430137;0.8336027464581066;1.097227146181594;1.0972019750966087;0.7596719210098388;-0.1257790158877221;0.7701582536062656
57.936929;1.0936850367945932;0.8333954747178296;0.7616646374706992;0.12351657960487422;0.11289031446599215;1.0972956166711472;10.001635587784078;0.8336049416272554;1.097225177789592;1.0972040101235492;0.759673942821783;-0.12577901644793715;0.7701572484698869
57.946929;1.0936814315400676;0.8333964107097881;0.7616646511133726;0.12351656956935307;0.11289040386220714;1.097297149633565;10.001658347308881;0.8336071330567986;1.0972232357991842;1.0972060901062668;0.7596760099690751;-0.12577901697885738;0.7701563015480993
57.956929;1.0936778221234398;0.8333973280765135;0.7616647200350136;0.12351655658326195;0.11289048974899735;1.097298737895774;10.001679868997934;0.8336093219440205;1.097221327814812;1.0972082061517299;0.7596781243522891;-0.12577901747783493;0.7701554045185969
57.966929;1.0936741989832148;0.8333982280643623;0.7616648444949857;0.12351653964218427;0.1128905716717784;1.0973003742906031;10.001700007521665;0.8336115097935497;1.097219459324892;1.0972103479509112;0.7596802851885304;-0.12577901794200314;0.7701545473989875
57.976929;1.0936705522599774;0.8333991130919517;0.7616650222319863;0.12351651776851155;0.11289064950378311;1.097302050482993;10.001718635082854;0.8336136977832521;1.0972176357755108;1.097212504066615;0.7596824890825263;-0.12577901836851427;0.7701537199510414
57.986929;1.09366687402196;0.833399984798819;0.7616652499143897;0.12351648999597829;0.11289072346857355;1.097303757134552;10.001735660922273;0.8336158862407179;1.0972158633931435;1.097214662913314;0.759684730180718;-0.12577901875540629;0.7701529123673428
57.996929;1.0936631595102346;0.8334008419440209;0.7616655242660947;0.12351645536589544;0.11289079384000685;1.097305484379337;10.001751030646274;0.8336180744549517;1.0972141483425522;1.0972168143845666;0.7596870003655727;-0.1257790191020915;0.7701521149622015
58.006929;1.0936594074259964;0.8334016796476567;0.7616658426384322;0.12351641303308102;0.11289086064205765;1.0973072212922603;10.001764714243583;0.8336202615170782;1.0972124953342592;1.0972189506176193;0.7596892904536547;-0.1257800194090673;0.7701514816793864
58.016929;1.0936556202865382;0.8334024902189352;0.7616662032594171;0.12351636245410602;0.11289092360019116;1.0973089551428235;10.001776703674816;0.8336224475897712;1.097210905948526;1.097221065699464;0.7596915917915208;-0.12578001967721839;0.7701506773375608
58.026929;1.093651803589419;0.8334032652592208;0.7616666057781751;0.12351630344183621;0.11289098230698504;1.0973116725117003;10.00178701834453;0.833624633957165;1.0972093781033523;1.0972231554369396;0.7596938964460704;-0.12578001990725016;0.7701498577792916
58.036929;1.0936479636633498;0.833403654206961;0.7616667377581992;0.12351740192382735;0.11289210226011194;1.0973133604791137;10.001795699838318;0.8336268220602294;1.0972079067085234;1.0972252169598282;0.7596961963886552;-0.125780020099563;0.7701490170544328
58.046929;1.0936441069162777;0.8334043401319144;0.7616672314286153;0.12351732629063879;0.11289215197065315;1.0973150059731789;10.001802791529816;0.8336290126140077;1.097206484591125;1.097227248784274;0.7596984838966894;-0.12578002025458504;0.7701481512513837
58.056929;1.0936402412013413;0.8334049768291721;0.7616677772386562;0.12351724245697508;0.11289219746868222;1.0973165946203685;10.001808329152395;0.8336312048976687;1.0972051040502673;1.0972292526129692;0.7597007530746551;-0.12578002037307853;0.7701472575843915
58.066929;1.0936363761517127;0.8334055621837914;0.7616683782619311;0.12351715016257062;0.1128922391494995;1.0973181105777956;10.001812353777174;0.8336333965609836;1.0972037580419587;1.0972312341183996;0.7597029999747313;-0.12578002045611217;0.7701463324691875
58.076929;1.09363252081602;0.833406094176686;0.761669034217794;0.12351704874016899;0.11289227758681031;1.0973195375809095;10.001814918392894;0.8336355836483293;1.0972024407290382;1.0972332004553351;0.7597052208686893;-0.12578002050509512;0.7701453702691281
58.086929;1.0936286818152579;0.8334065719441214;0.7616697412221317;0.12351693717452421;0.11289231358223505;1.0973208604146767;10.00181608344703;0.8336377602742394;1.097201148816972;1.0972351580782214;0.7597074111601451;-0.1257800205218751;0.770144364004367
58.096929;1.0936248654372442;0.8334069961967511;0.7616704924398422;0.12351681437884422;0.11289234804492417;1.0973220658974918;10.0018159276032;0.8336399193683157;1.0971998824345763;1.097237113582834;0.7597095660198888;-0.1257800205084599;0.7701433079826928
58.106929;1.093621080877581;0.8334073686796426;0.7616712794058835;0.12351667946840916;0.11289238173000017;1.0973231433338992;10.001814563718508;0.8336420546160844;1.0971986445573423;1.0972390747252532;0.7597116813491104;-0.1257800204666614;0.7701421997544948
58.116929;1.0936173403602762;0.8334076919124112;0.7616720936768572;0.12351653178773973;0.11289241508118462;1.0973240838562353;10.001812130844357;0.8336441612023369;1.0971974402814815;1.0972410491858784;0.7597137542229427;-0.12578002039808028;0.7701410394186612
58.126929;1.0936136571900417;0.8334079690776575;0.7616729274888306;0.12351637082157417;0.11289244834073679;1.0973248778810356;10.001808770851492;0.8336462354843902;1.0971962755450935;1.097243042889863;0.759715782851538;-0.12578002030429622;0.7701398276342435
58.136929;1.0936100437088867;0.8334082034761069;0.7616737736269453;0.12351619621635082;0.1128924817406206;1.0973255126429193;10.001804616676976;0.8336482753235207;1.097195155662468;1.097245059705395;0.7597177662554997;-0.12578002018711684;0.770138564365284
58.146929;1.093606509353747;0.8334083980263312;0.7616746261199222;0.12351600788039971;0.11289251559011643;1.0973259725655073;10.00179979658167;0.8336502800935475;1.0971940856967874;1.097247101760673;0.7597197042300616;-0.12578002004863453;0.7701372493584979
58.156929;1.0936030600169706;0.8334085549819499;0.7616754812185285;0.12351580600682843;0.11289255033148991;1.0973262413497593;10.00179444074802;0.8336522491642311;1.097193071412554;1.0972491693837565;0.7597215977568504;-0.1257800198908743;0.7701358835466161
58.166929;1.0935996994580381;0.8334086752684187;0.7616763369395773;0.1235155910030518;0.1128925865330694;1.0973263028585363;10.001788682362202;0.8336541797211302;1.0971921187145297;1.0972512612058292;0.7597234495016711;-0.12578001971552158;0.7701344696659208
58.176929;1.093596430961718;0.833408757937927;0.7616771919652576;0.12351536338740697;0.1128926247712123;1.0973261409694146;10.001782654895624;0.8336560656106544;1.0971912322214565;1.0972533752753366;0.7597252639448587;-0.12578001952430354;0.7701330120113794
58.186929;1.0935932579916106;0.8334088007216546;0.7616780452576767;0.12351512357519882;0.1128926655503369;1.0973257404597327;10.001776482389507;0.833657898822919;1.0971904140532636;1.097255510129888;0.7597270466362949;-0.12578001931949914;0.7701315155448896
58.196929;1.0935901843850673;0.8334088012283727;0.7616788959424147;0.1235148715754191;0.1128927092745232;1.0973250887222923;10.00177026433725;0.8336596725632834;1.0971896633199298;1.0972576645700092;0.7597288031352775;-0.1257800191037166;0.7701299844482055
58.206929;1.093587213783367;0.8334087578940371;0.7616797432441034;0.12351460695615223;0.11289275616875052;1.0973241764075348;10.001764069363729;0.8336613829448771;1.097188976369264;1.0972598370698958;0.7597305389913345;-0.12578001887930496;0.7701284211941055
58.216929;1.0935843484934225;0.833408670668348;0.761680586810386;0.12351432920875094;0.11289280620114339;1.0973229967592735;10.001757942483808;0.833663029030212;1.097188347366374;1.0972620257951575;0.7597322605067007;-0.1257800186481766;0.7701268264164685
58.226929;1.0935815887292073;0.8334085412863631;0.7616814274415336;0.12351403810420344;0.11289285912500044;1.097321544779053;10.00175192110793;0.8336646120058924;1.0971877694404863;1.0972642290398262;0.759733974890237;-0.1257800184119152;0.7701251993660324
58.236929;1.0935789313065218;0.8334083722882557;0.7616822678270851;0.1235137337334492;0.112892914598702;1.097319816816469;10.001746053962862;0.833666133074585;1.097187236375039;1.097266445801025;0.7597356895575184;-0.12578001817198867;0.7701235389709902
58.246929;1.093576368442728;0.8334081656481133;0.7616831122923902;0.12351341636384934;0.1128929722268474;1.0973178110236907;10.001740411369424;0.8336675911492973;1.097186743601012;1.0972686757023606;0.7597374113864315;-0.12578001793013874;0.7701218448265137
58.256929;1.0935738898735063;0.8334079226987301;0.7616839654012119;0.12351308628982446;0.11289303147642361;1.0973155285497833;10.001735078102437;0.8336689818573088;1.097186288400951;1.097270917824605;0.7597391464163643;-0.12578001768852093;0.7701201173688831
58.266929;1.0935714871103441;0.8334076446276754;0.7616848304079288;0.12351274368000864;0.1128930915898904;1.0973129733987386;10.00173013477435;0.8336702977044572;1.0971858701074306;1.0972731699381468;0.7597408992548884;-0.12578001744938305;0.7701183568117087
58.276929;1.0935701142745977;0.8334080955169885;0.7616857378488538;0.12351228139124178;0.11289295479252014;1.0973101503353575;10.001725638417623;0.8336715291355692;1.0971854898341131;1.097275429290887;0.7597426722454219;-0.1257800172146339;0.770116561891682
58.286929;1.0935678501676522;0.8334077525484431;0.7616866296842346;0.1235119136731539;0.11289301423006262;1.0973070639558018;10.001721612306955;0.8336726659500432;1.0971851492491485;1.097277694112294;0.75974446590988;-0.12578001698555177;0.7701147302343355
58.296929;1.0935656524992454;0.8334073814449015;0.7616875352587748;0.12351153356827449;0.1128930725775945;1.0973037194422834;10.00171805521825;0.8336736981498845;1.097184849165191;1.0972799646182534;0.7597462805403995;-0.12578001676286998;0.7701128596928207
58.306929;1.0935635209466632;0.8334069849729274;0.7616884542781345;0.12351114145733447;0.11289312957072017;1.0973001220379808;10.001714955826378;0.8336746164475533;1.0971845887951353;1.0972822426555209;0.7597481176671061;-0.12578101654715532;0.7701111124181969
58.316929;1.0935614557958846;0.8334065658871773;0.7616893854995532;0.12351073792451375;0.11289318506539199;1.0972962761208518;10.0017122877808;0.8336754129045215;1.0971843657153002;1.0972845303511551;0.7597499806343446;-0.1257810163391144;0.7701091612810086
58.326929;1.0935594571217868;0.8334057839857671;0.7616900125104857;0.12351148967090249;0.11289430483093783;1.0972921862831668;10.001709994035725;0.8336760809109279;1.0971841763319867;1.0972868295003042;0.7597508744186063;-0.1257810161397743;0.7701061820785613
58.336929;1.0935575245743885;0.8334053304849279;0.7616909604675496;0.12351106591193904;0.11289435736510314;1.0972878584388894;10.001707984336159;0.8336766140333479;1.0971840164175324;1.0972891424658873;0.759752805374096;-0.12578101595056432;0.7701041455163548
58.346929;1.0935556580038235;0.8334048656161165;0.7616919107298672;0.12351063344146712;0.1128944083613522;1.0972832991580082;10.00170614953848;0.8336770052104321;1.0971838816520707;1.097291473699811;0.7597547804291702;-0.1257810157732364;0.7701020615799199
58.356929;1.0935538577758177;0.8334043933339972;0.7616928572064204;0.12351019307274443;0.11289445770796849;1.0972785155497895;10.00170438414297;0.833677247356037;1.0971837685015269;1.097293830936598;0.7597568057678143;-0.12578101560961497;0.7700999271941679
58.366929;1.093552124625967;0.8334039162863627;0.7616937922753667;0.1235097456105324;0.11289450528780741;1.0972735173252013;10.00170261342595;0.8336773343095867;1.0971836746900059;1.0972962250211369;0.7597588862466169;-0.1257810154613394;0.7700977410515085
58.376929;1.0935504603329378;0.8334034351451787;0.7616947083038813;0.12350929186613915;0.11289455094551684;1.0972683184449872;10.001700811477104;0.8336772615508423;1.0971835990106122;1.097298667497562;0.7597610252233326;-0.1257810153296995;0.770095504613677
58.386929;1.0935488694578392;0.8334029496506722;0.761695599506945;0.12350883255308004;0.11289459460629536;1.0972629359516533;10.001698990623302;0.8336770271126809;1.0971835418817057;1.0973011679318294;0.7597632237815563;-0.1257810152153849;0.7700932216804293
58.396929;1.0935473605347272;0.8334024596258782;0.7616964621975245;0.12350836819587889;0.1128946364515865;1.0972573876485543;10.001697171822721;0.8336766319798462;1.0971835063148985;1.0973037336973157;0.7597654802018325;-0.12578101511837353;0.7700908969557211
58.406929;1.093545944708639;0.8334019649127627;0.7616972937657633;0.12350789908229336;0.11289467687315338;1.0972516911097019;10.001695360761278;0.8336760786698654;1.0971834972733476;1.0973063706885817;0.7597677904298531;-0.12578101503828237;0.7700885352194087
58.416929;1.0935446325066098;0.833401464919845;0.7616980917596322;0.12350742525768489;0.11289471632594447;1.0972458640513882;10.001693537796134;0.8336753687728845;1.0971835203547653;1.0973090825843226;0.7597701491478868;-0.12578101497469182;0.77008614076862
58.426929;1.0935434318492239;0.8334009591372418;0.761698853450225;0.12350694660114593;0.11289475525890585;1.0972399245189601;10.001691657563143;0.8336745023575151;1.0971835819646392;1.0973118699045983;0.7597725517768231;-0.1257810149271575;0.7700837169509418
58.436929;1.0935423485369467;0.8334004475585348;0.7616995758486909;0.12350646290609624;0.11289479402364896;1.0972338905661547;10.001689651263211;0.8336734791965796;1.0971836897608882;1.0973147296909327;0.7597749963117482;-0.12578101489532306;0.7700812668290907
58.446929;1.0935413877384208;0.833399928868044;0.7617002562222691;0.12350597390446005;0.11289483276541;1.0972277808319042;10.001687433512119;0.8336722987385836;1.0971838516335852;1.0973176552455164;0.7597774827933373;-0.12578101487908627;0.7700787942678632
58.456929;1.0935405551619855;0.8333993984971992;0.7617008931102303;0.12350547934875608;0.11289487136361596;1.0972216159341248;10.00168491924582;0.8336709595997744;1.0971840741573806;1.0973206369169324;0.7597800116814374;-0.12578101487846;0.7700763044058112
58.466929;1.0935398572969532;0.8333988495878313;0.7617014869130574;0.12350497914897475;0.11289490938653356;1.0972154185645562;10.001682037080055;0.8336694611672639;1.0971843619636938;1.097323664132665;0.7597825832868765;-0.1257810148933571;0.7700738039771244
58.476929;1.0935393008755765;0.8333982754908504;0.7617020393317969;0.12350447336833796;0.11289494619227596;1.0972092117173828;10.001678731345715;0.8336678055678618;1.0971847177382184;1.0973267271451468;0.7597851974815087;-0.12578101492348148;0.7700713012816544
58.486929;1.0935388925488438;0.8333976709392505;0.7617025530219551;0.12350396203260611;0.11289498126485202;1.097203017149596;10.001674969720392;0.8336659971614903;1.09718514147353;1.0973298179841986;0.7597878531390131;-0.12578101496817246;0.7700688050847787
58.496929;1.0935386389050197;0.8333970310927887;0.7617030319745988;0.1235034449694775;0.1128950144626268;1.0971968549536562;10.001670757612933;0.8336640405558581;1.0971856293521105;1.097332930706287;0.7597905481590873;-0.12578101502623898;0.7700663232793562
58.506929;1.0935385468489254;0.8333963496257834;0.7617034811626977;0.12350292183556416;0.11289504589424525;1.0971907428756509;10.001666133823479;0.8336619399311902;1.0971861736697126;1.0973360606162874;0.7597932799402866;-0.1257810150958949;0.7700638627925599
58.516929;1.0935386238077534;0.8333956179141577;0.7617039052404774;0.12350239222591808;0.1128950756496903;1.0971846958715301;10.001661145357586;0.8336597002937206;1.0971867642360988;1.0973392026720301;0.7597960459783685;-0.12578101517506174;0.7700614309148492
58.526929;1.093538875953997;0.8333948261789474;0.761704307580826;0.12350185577318852;0.11289510371523179;1.0971787274768146;10.001655837947569;0.8336573289776197;1.0971873912566024;1.0973423495766563;0.7597988447932503;-0.12578101526197813;0.7700590368184856
58.536929;1.093539305813849;0.8333939651682492;0.7617046905495879;0.12350131219202985;0.1128951300319749;1.0971728517496435;10.001650270162253;0.8336548359173722;1.0971880477350369;1.097345490795279;0.7598016763418247;-0.1257810153553692;0.7700566915274416
58.546929;1.093539912127487;0.8333930271212245;0.761705056256773;0.12350076116825608;0.11289515450091972;1.0971670839116172;10.001644516647904;0.833652233656495;1.0971887293751967;1.0973486134031634;0.7598045407849415;-0.12578101545408538;0.7700544058689297
58.556929;1.0935406912857524;0.833392006902395;0.7617054064984673;0.12350020218222584;0.1128951768755996;1.0971614398397365;10.001638656377864;0.8336495382889269;1.0971894336282186;1.0973517032509077;0.7598074360402508;-0.12578101555668597;0.7700521882434044
58.566929;1.0935416389539072;0.8333909036350292;0.7617057422530464;0.12349963441641569;0.1128951966877944;1.0971559349109432;10.00163277090466;0.8336467694982753;1.097190159135681;1.0973547461113895;0.7598103559822283;-0.12578101566115824;0.7700500443097029
58.576929;1.093542751045323;0.8333897210776481;0.7617060635617574;0.12349905680946634;0.11289521337392225;1.0971505826869008;10.001626952927046;0.8336439481924915;1.0971909047001336;1.0973577298806798;0.7598132911584743;-0.12578101576502532;0.7700479781679479
58.586929;1.0935440231393316;0.8333884660383624;0.7617063697357604;0.123498468319622;0.11289522647322787;1.0971453939810396;10.00162130659881;0.833641093697947;1.0971916683910237;1.0973606459160583;0.759816231148673;-0.12578101586581555;0.7700459929104526
58.596929;1.0935454496650394;0.8333871460012278;0.7617066599360788;0.1234978682508309;0.11289523565569576;1.0971403761245346;10.00161593734235;0.8336382229857048;1.0971924473026828;1.0973634879353769;0.7598191657261634;-0.12578101596136795;0.7700440899793529
58.606929;1.0935470239749518;0.8333857674373315;0.761706934213201;0.12349725640057321;0.11289524065587847;1.0971355328265389;10.001610943462117;0.8336353517722782;1.097193237412228;1.097366250440527;0.759822084576438;-0.1257810160495783;0.7700422682097235
58.616929;1.0935487379928088;0.8333843357328351;0.7617071943754267;0.12349663301312927;0.11289524130608561;1.097130865354983;10.001606408702575;0.8336324954327992;1.0971940338469517;1.097368928399272;0.7598249772191067;-0.12578101612779746;0.7700405232559782
58.626929;1.093550581507353;0.833382512303559;0.7617071297206115;0.12349716453813968;0.11289630334591619;1.0971263736633994;10.001602392332277;0.8336296689331757;1.0971948314365225;1.0973715177843903;0.7598278336095708;-0.12578101619239723;0.7700388481829059
58.636929;1.0935525423238865;0.8333809901257335;0.7617073728035642;0.12349652003888618;0.1128962953576961;1.097122055663909;10.001598926682448;0.8336268866917617;1.0971956252375827;1.0973740158442071;0.7598306447777107;-0.12578201623869256;0.7700373985455266
58.646929;1.0935546064920876;0.8333794323716727;0.761707613100155;0.12349586646708394;0.11289628344381467;1.0971179058613962;10.001596023158688;0.8336241625442299;1.0971964115563069;1.0973764207848191;0.7598334027933918;-0.1257820162611195;0.7700358405520161
58.656929;1.0935567580872823;0.8333778476241905;0.7617078527486042;0.12349520521329264;0.112896268267239;1.0971139155754521;10.001593680491068;0.8336215087259797;1.097197188279928;1.0973787317678885;0.7598361004630494;-0.12578201625359672;0.7700343313970065
58.666929;1.0935589800275474;0.8333762453455669;0.7617080916596555;0.12349453789108987;0.11289625064010463;1.0971100741289421;10.00159189339434;0.8336189339447768;1.097197952729078;1.0973809486744952;0.7598387315133841;-0.1257820162100486;0.7700328660773602
58.676929;1.093561256211324;0.8333746349450082;0.761708327374267;0.12349386608675395;0.11289623120982435;1.0971063691530472;10.00159065715548;0.8336164427591363;1.097198698996534;1.097383070103843;0.759841291089648;-0.12578201612493478;0.7700314411340053
58.686929;1.0935635729254105;0.8333730254720002;0.7617085558233059;0.12349319123731996;0.11289621038669075;1.0971027868339633;10.001589970203684;0.8336140368427523;1.097199418273523;1.0973850918243229;0.7598437757496235;-0.12578201599340572;0.7700300545435776
58.696929;1.093565919077164;0.8333714250707588;0.7617087729864644;0.12349251476164959;0.11289618854063307;1.09709931347417;10.001589837847671;0.833611715961774;1.0972001023269244;1.0973870081707096;0.7598461825318662;-0.12578201581126378;0.7700287054438266
58.706929;1.093568286051565;0.833369840524055;0.761708976334331;0.12349183816465699;0.11289616621285928;1.0970969373389772;10.001590273493294;0.8336094779506196;1.0972007464657547;1.0973888146251005;0.7598485079719958;-0.12578201557521904;0.7700273943491868
58.716929;1.093570666016177;0.8333682780645445;0.7617091648524227;0.12349116304013884;0.11289614416767632;1.0970936498086665;10.001591302352395;0.833607319139012;1.0972013485776861;1.0973905094406384;0.7598507481067182;-0.12578201528307378;0.7700261233425988
58.726929;1.0935730496186256;0.8333667448023199;0.7617093383134521;0.1234904912211215;0.11289612322581952;1.0970904457440698;10.001592965928213;0.8336052354079068;1.0972019062245766;1.0973920935910177;0.75985289937898;-0.1257820149333839;0.770024896236758
58.736929;1.093575425660883;0.8333652488204022;0.7617094973947445;0.12348982494484727;0.1128961040439537;1.0970873234307172;10.00159531303857;0.8336032226686005;1.0972024158777596;1.0973935689613923;0.7598549591786964;-0.1257820145251054;0.7700237183954655
58.746929;1.0935777818683894;0.8333637976235936;0.7617096445444793;0.12348916676338502;0.11289608717326495;1.0970842844359996;10.001598385726794;0.8336012768600727;1.0972028738789776;1.097394936345291;0.7598569254033413;-0.12578201405782033;0.7700225957455258
58.756929;1.0935801070180529;0.8333623969380144;0.7617097838707244;0.12348851930675603;0.11289607329528384;1.097081332561351;10.001602216872616;0.8335993939438066;1.097203277125749;1.0973961956484002;0.7598587966034508;-0.12578201353221924;0.7700215341861714
58.766929;1.09358239468917;0.8333610508646148;0.7617099194846613;0.12348788511806957;0.11289606316511523;1.0970784723112572;10.001606826719645;0.8335975696958632;1.0972036236670555;1.0973973471828362;0.7598605734201955;-0.12578201294993696;0.7700205393670804
58.776929;1.0935846440133095;0.8333597622194262;0.7617100539096621;0.12348726662956133;0.11289605730853214;1.0970757077148294;10.001612207859553;0.833595799641286;1.0972039134942397;1.0973983904956335;0.7598622594485552;-0.1257820123128522;0.770019615676466
58.786929;1.0935868561430375;0.8333585323703521;0.7617101876332857;0.12348666613924085;0.11289605588047527;1.0970730406425098;10.001618319651149;0.8335940789327895;1.0972041492087767;1.0973993225799867;0.7598638601030097;-0.12578201162274205;0.7700187655771025
58.796929;1.0935890309982481;0.8333573608704385;0.7617103192598892;0.12348608565898139;0.11289605870537535;1.0970704687857746;10.001625101425303;0.8335924017922985;1.0972043359977544;1.0974001391733779;0.7598653807169468;-0.12578201088125512;0.7700179898643317
58.806929;1.0935911670456422;0.833356245304115;0.7617104461023815;0.12348552671537143;0.11289606535166838;1.0970679846599254;10.001632484473221;0.8335907615165042;1.0972044802777017;1.0974008368628374;0.7598668260251203;-0.1257820100899295;0.7700172879151034
58.816929;1.0935932629092031;0.8333551817197145;0.7617105651660483;0.12348499025282618;0.11289607519373654;1.0970655766064148;10.001640394692618;0.8335891509213731;1.0972045882849273;1.0974014133972847;0.7598682010485586;-0.12578200925046965;0.7700166585069442
58.826929;1.093595318313129;0.8333541651399389;0.7617106737212384;0.12348447677190892;0.11289608746315562;1.0970632312119488;10.001648760423137;0.8335875618807204;1.0972046664769073;1.097401867770529;0.7598695116634213;-0.12578200836521466;0.7700161010753309
58.836929;1.093597334082439;0.8333531894860009;0.7617107692536986;0.12348398663331382;0.11289610140986577;1.0970609352327187;10.001657522965331;0.8335859849299208;1.0972047224036494;1.0974022016663854;0.7598707636669099;-0.12578200743765341;0.7700156159906062
58.846929;1.0935993123508045;0.8333522472488778;0.7617108491319816;0.12348352019035325;0.11289611651273267;1.0970586761317132;10.001666629307893;0.8335844104748034;1.0972047639690539;1.0974024209103261;0.7598719609383998;-0.12578200647263704;0.7700152044300546
58.856929;1.0936012566220092;0.8333513293300421;0.7617109098537617;0.12348307768278871;0.11289613249711015;1.097056441801165;10.001676017655587;0.8335828303092353;1.097204797779943;1.0974025347420207;0.759873104360805;-0.12578200547575105;0.770014868658682
58.866929;1.0936031714861874;0.833350425356894;0.7617109465519588;0.12348265919279643;0.11289614921334003;1.0970542205968161;10.001685622959041;0.8335812379308807;1.0972048278344255;1.097402553925957;0.7598741921951635;-0.12578200445237406;0.7700146117153367
58.876929;1.0936050618582713;0.8333495243540877;0.7617109539580695;0.12348226465845599;0.1128961665078333;1.0970520018581293;10.001695397038892;0.8335796282045408;1.0972048552955351;1.0974024893511132;0.759875221598604;-0.12578200340741993;0.7700144364249389
58.886929;1.0936069308593672;0.833348615613874;0.7617109281904744;0.1234818937479837;0.11289618403696061;1.0970497762654694;10.001705318136967;0.8335779968726219;1.0972048798720933;1.0974023509423247;0.7598761902725218;-0.12578200234550502;0.7700143450600753
58.896929;1.09360877778865;0.8333476903455993;0.7617108679139508;0.1234815457928297;0.1128962011425464;1.0970475360058447;10.001715381188093;0.8335763399454992;1.0972049011460128;1.0974021478229619;0.7598770967653862;-0.1257820012708674;0.7700143399520447
58.906929;1.093610598101058;0.8333467431340591;0.7617107740441335;0.12348121987573389;0.11289621697053766;1.0970452752079505;10.001725587461765;0.8335746533983696;1.097204917511584;1.0974018896822912;0.7598779397006058;-0.12578200018697622;0.7700144242126293
58.916929;1.093612384603162;0.8333457714883593;0.7617106478362546;0.12348091481176458;0.11289623066910111;1.0970429902675787;10.00173594527525;0.8335729334715453;1.0972049241885122;1.0974015872172511;0.7598787174986092;-0.1257819990961247;0.7700146016515582
58.926929;1.0936141288913102;0.8333447741521293;0.7617104888490132;0.12348062907659686;0.11289624143992683;1.0970406790440268;10.001746464259833;0.83357117734957;1.0972049135652795;1.0974012518020995;0.7598794286310242;-0.12578199799972298;0.7700148758930782
58.936929;1.0936158227368196;0.833343750092417;0.7617102950443834;0.12348036093795728;0.11289624856897328;1.0970383399728205;10.00175713820599;0.8335693835035332;1.0972048776347234;1.097400895340335;0.7598800717118188;-0.1257819968993557;0.7700152501472889
58.946929;1.0936174591162078;0.833342698814078;0.7617100648011267;0.12348010866879727;0.11289625155015048;1.0970359724330065;10.001767934119208;0.833567551656452;1.0972048099399543;1.0974005296901004;0.7598806458489302;-0.1257819957974803;0.7700157282183359
58.956929;1.0936190326959128;0.833341276688564;0.7617094840542995;0.12348103643327833;0.11289731587573243;1.0970335769723216;10.001778800801107;0.8335656826916109;1.097204705677923;1.0974001660857386;0.7598811518029499;-0.12578199469730617;0.7700163149290026
58.966929;1.093620539347267;0.833340170708662;0.7617091828890986;0.12348081065255989;0.11289730988336855;1.0970311540895414;10.001789692439413;0.8335637781034893;1.0972045605003775;1.0973998149731339;0.7598815931589057;-0.12578199360227987;0.7700170150658612
58.976929;1.093621975411906;0.8333390357950112;0.7617088498155753;0.12348059520051398;0.11289729929117205;1.0970287028206778;10.001800581218879;0.8335618396843248;1.0972043694671834;1.0973994857135858;0.7598819763513753;-0.12578199251565841;0.7700178321594009
58.986929;1.0936242976168724;0.8333386322212276;0.7617085169196504;0.12348028074919853;0.11289708724369554;1.097026221116826;10.001811453225523;0.8335598704224783;1.0972041271750768;1.0973991868151751;0.7598823097388291;-0.12578299144081648;0.770018931364262
58.996929;1.0936255879084076;0.833337431246155;0.761708128563134;0.12348007920665514;0.11289706776265537;1.0970237071658497;10.00182231106536;0.8335578751986745;1.0972038286972274;1.0973989266113757;0.7598826020689676;-0.12578299038197893;0.7700199867112115
59.006929;1.0936268089817236;0.833336191628305;0.7617077170990847;0.12347988108132398;0.11289704419329362;1.0970211592810353;10.001833185824351;0.8335558597445726;1.0972034699915967;1.097398712818107;0.7598828608266484;-0.12578298934403753;0.7700211620113135
59.016929;1.093627966727511;0.8333349103868127;0.7617072865923589;0.12347968415367776;0.11289701659901887;1.0970185753561232;10.001844144708382;0.8335538292128597;1.0972030476074284;1.0973985510074244;0.7598830921897762;-0.12578298833136975;0.7700224572398211
59.026929;1.0936290687393864;0.833333585893567;0.7617068412000962;0.12347948648635398;0.11289698465549128;1.0970159532830233;10.001855289209402;0.8335517881275207;1.0972025586721184;1.0973984436697293;0.7598833019012703;-0.125782987346953;0.7700238709939821
59.036929;1.0936301244849413;0.8333322177713189;0.7617063842813097;0.12347928650166863;0.1128969477373501;1.0970132903268093;10.001866742510993;0.8335497410087678;1.09720200080132;1.0973983914115262;0.7598834945769519;-0.1257829863923424;0.770025400845221
59.046929;1.0936311455246364;0.8333308061707994;0.7617059186654959;0.12347908299210154;0.11289690509289692;1.0970105819139069;10.0018786287801;0.8335476924635703;1.0972013711182569;1.0973983954415523;0.7598836727028416;-0.12578298546812278;0.770027044510245
59.056929;1.0936321445207786;0.8333293510080914;0.7617054472367327;0.12347887505050795;0.1128968559733075;1.0970078232289378;10.001891049322932;0.8335456466858036;1.0972006654972337;1.097398458240386;0.7598838372926255;-0.12578298457444617;0.7700288003752482
59.066929;1.0936331332233498;0.833327851834674;0.7617049728730807;0.12347866196634838;0.11289679993745355;1.0970050119911774;10.00190406738438;0.8335436070478904;1.0971998791738558;1.097398582643288;0.7598839889649635;-0.12578298371138505;0.7700306669357785
59.076929;1.0936341204948328;0.8333263082187071;0.7617044984546116;0.12347844331771841;0.11289673719837628;1.0970021488612274;10.001917715548831;0.8335415761913533;1.0971990078456357;1.0973987717679246;0.7598841286890491;-0.12578298287909062;0.7700326421382817
59.086929;1.0936351114980085;0.833324720678739;0.7617040276725338;0.12347821913686512;0.11289666853194312;1.0969992371553947;10.001932011868602;0.8335395558342691;1.0971980480470582;1.0973990284663206;0.7598842584107764;-0.1257829820778556;0.7700347239936831
59.096929;1.0936361085431323;0.8333230920394591;0.7617035656999018;0.12347798980966568;0.1128965948637507;1.0969962835119633;10.001946962753513;0.8335375459910479;1.0971969969317064;1.097399352755874;0.7598843806722623;-0.12578298130789364;0.7700369120043139
59.106929;1.093637112498288;0.8333214281970458;0.7617031187760452;0.12347775583672745;0.1128965170194032;1.0969932976517343;10.001962555281994;0.8335355446332153;1.0971958529879737;1.0973997397163349;0.7598844975633338;-0.12578298056898785;0.7700392077276852
59.116929;1.0936381229808199;0.8333197371636047;0.7617026935016665;0.1234775176202459;0.11289643572807345;1.0969902906755298;10.001978748642474;0.8335335483970328;1.097194617835371;1.0974001804579354;0.7598846103281495;-0.12578297986053397;0.770041614104968
59.126929;1.0936391379107482;0.8333180271682521;0.7617022962811311;0.12347727532014895;0.11289635170742587;1.0969872729521488;10.001995477445817;0.833531553614547;1.097193296789172;1.0974006646140164;0.759884719536916;-0.1257829791817528;0.7700441343946774
59.136929;1.0936401546561185;0.833316305869528;0.7617019324969139;0.12347702897222206;0.1128962656908829;1.0969842530670888;10.002012668813048;0.8335295565847557;1.0971918971524182;1.0974011816398874;0.7598848252349779;-0.12578297853149709;0.7700467716520664
59.146929;1.0936411715385197;0.8333145805210989;0.761701605991436;0.12347677874230086;0.11289617836147786;1.096981238812713;10.002030251841953;0.8335275531004984;1.0971904255477924;1.0974017211474427;0.7598849266120722;-0.125782977907943;0.7700495288151696
59.156929;1.0936421875945244;0.8333128574080714;0.7617013192150119;0.12347652497451399;0.11289609025624825;1.0969782384504758;10.002048154391463;0.8335255387006925;1.0971888866239041;1.0974022728741342;0.75988502135376;-0.12578297730871388;0.7700524085933687
59.166929;1.0936432022070546;0.8333111410005553;0.7617010736912425;0.12347626804965639;0.11289600167415736;1.0969752607354317;10.002066299707035;0.8335235100115559;1.0971872841928014;1.0974028263312272;0.7598851060917217;-0.12578297673135647;0.7700554136951702
59.176929;1.0936442158517081;0.8333094343250457;0.7617008711701609;0.1234760082835335;0.11289591271312814;1.0969723149564057;10.002084606495982;0.8335214643828631;1.0971856232360644;1.097403371617876;0.7598851781302712;-0.12578297617372958;0.7700585473706792
59.186929;1.0936452313422824;0.8333077404928915;0.7617007152472344;0.12347574595821707;0.11289582352609968;1.0969694119260165;10.00210299347151;0.8335193973465402;1.0971839111508384;1.0974039007437106;0.7598852362598163;-0.1257829756339823;0.7700618123215476
59.196929;1.0936462548587818;0.8333060641126118;0.7617006121434272;0.12347548140792262;0.11289573446214882;1.0969665640703117;10.002121381469157;0.8335173020764735;1.0971821571677898;1.0974044063328339;0.7598852800218644;-0.12578297511042366;0.7700652087040089
59.206929;1.0936472954778516;0.8333044114530546;0.7617005702595567;0.12347521505470933;0.11289564585091576;1.0969637829758747;10.002139687750075;0.8335151715441014;1.0971803700497869;1.0974048791207636;0.7598853089458075;-0.1257829746017447;0.7700687333658858
59.216929;1.0936483638485632;0.8333027896834542;0.7617005990300832;0.12347494739450575;0.11289555778116306;1.0969610768350115;10.002157821187744;0.8335129999178078;1.0971785563176215;1.0974053084000215;0.7598853220435661;-0.12578297410728376;0.7700723802781272
59.226929;1.0936494722090766;0.8333012062184447;0.7617007076537289;0.12347467900258972;0.11289547019615652;1.096958450384548;10.002175682365971;0.8335107825218093;1.0971767204698553;1.0974056843931195;0.7598853172229099;-0.12578297362679575;0.7700761412495323
59.236929;1.093650634664794;0.8332996683695939;0.7617009038807749;0.12347441054047952;0.11289538305796779;1.0969559059993959;10.002193177754295;0.8335085158148114;1.0971748665080452;1.097405999796295;0.7598852909346874;-0.12578297315998496;0.7700800060533325
59.246929;1.0936518656504248;0.8332981829201086;0.7617011930406136;0.12347414277405482;0.11289529634280436;1.0969534446393214;10.002210248655791;0.8335061978437407;1.0971729993608372;1.0974062508037352;0.7598852385722111;-0.1257829727064929;0.7700839624117917
59.256929;1.0936531781138474;0.8332967553193031;0.7617015781482976;0.12347387665661706;0.11289521008553315;1.0969510669285958;10.002226883413467;0.8335038288188302;1.0971711252635268;1.0974064370644112;0.7598851560597518;-0.12578297226620644;0.7700879972033882
59.266929;1.0936545833289568;0.8332953890426696;0.7617020606098236;0.12347361325708786;0.11289512451013764;1.0969487733979653;10.002243104062064;0.8335014112540772;1.0971692515952391;1.0974065600892067;0.7598850414516702;-0.12578297183933618;0.7700920981145352
59.276929;1.0936560913853608;0.833294085905769;0.7617026401211195;0.12347335346734288;0.1128950399940515;1.0969465636915443;10.002258950232148;0.833498949238827;1.0971673873610803;1.0974066221879868;0.7598848942785934;-0.12578297142631442;0.7700962538382051
59.286929;1.09365771083717;0.8332928469098851;0.7617033141385222;0.12347309790748523;0.11289495686587901;1.0969444361475422;10.002274467321682;0.8334964470521301;1.097165543793646;1.0974066267816658;0.7598847135062928;-0.12578297102768748;0.7701004533651208
59.296929;1.0936594476078698;0.8332916724574081;0.7617040778032652;0.12347284712433358;0.11289487527635778;1.0969423877154543;10.002289696487518;0.833493908409741;1.097163733788218;1.0974065789492187;0.7598844971377772;-0.12578297064397187;0.7701046856954696
59.306929;1.0936613045831578;0.8332905618159473;0.7617049241687889;0.12347260176028385;0.11289479530565458;1.0969404138729115;10.002304669446454;0.8334913367690173;1.0971619701138853;1.097406484932287;0.7598842433264592;-0.12578297027545035;0.7701089394972889
59.316929;1.0936632828674313;0.8332891690176281;0.7617055302570227;0.12347352850171699;0.11289578285481555;1.0969385089144243;10.002319411363413;0.8334887350192911;1.0971602628780512;1.0974063499848703;0.7598839512561983;-0.1257829699221137;0.7701132025229273
59.326929;1.0936653838922434;0.8332881774099229;0.7617065146693043;0.1234732965764758;0.11289570649101842;1.0969366666657727;10.002333943306892;0.8334861044648483;1.097158618246811;1.0974061761229859;0.7598836214819388;-0.12578296958392082;0.7701174617572898
59.336929;1.0936676104977405;0.8332872371380609;0.7617075544771018;0.12347307291298446;0.11289563197279079;1.09693488190817;10.002348280464137;0.8334834455799721;1.0971570401213608;1.097405962165919;0.7598832554105227;-0.12578296926093308;0.7701217043932734
59.346929;1.0936699663511353;0.8332863402075684;0.7617086433612487;0.12347285854156495;0.11289555940801652;1.0969331515281404;10.002362440413611;0.833480760729307;1.0971555324296018;1.0974057057184863;0.7598828535342308;-0.12578296895294347;0.7701259182608645
59.356929;1.093672454948583;0.8332854777523676;0.7617097764569105;0.12347265451801777;0.11289548919628686;1.0969314738414273;10.00237645492031;0.8334780556241557;1.0971540993492575;1.0974054047284816;0.7598824136563282;-0.12578296865902439;0.7701300913521665
59.366929;1.0936750793358672;0.8332846410782866;0.7617109489018516;0.12347246194227597;0.11289542185830936;1.0969298476479437;10.002390371584873;0.8334753376530635;1.0971527443906144;1.0974050575634262;0.7598819311475562;-0.12578296837748185;0.7701342117856308
59.376929;1.0936778424513165;0.8332838221589465;0.7617121559137265;0.12347228193666449;0.11289535776220169;1.0969282727605998;10.002404253509251;0.8334726133913831;1.0971514702717335;1.0974046621021947;0.7598814004319981;-0.12578396810613265;0.7701384317585155
59.386929;1.0936807468193739;0.8332830139133258;0.7617133936124036;0.12347211571415545;0.11289529707137921;1.096926750689158;10.002418175509831;0.8334698880696824;1.0971502794348833;1.097404214885975;0.7598808154517994;-0.1257839678425977;0.7701424144570068
59.396929;1.093683793561218;0.8332822104583356;0.7617146594268087;0.12347196460502166;0.11289523978796806;1.096925284626318;10.002432212962027;0.8334671663170086;1.0971491741066624;1.0974037114999953;0.7598801695851998;-0.12578396758449734;0.7701463137072001
59.406929;1.0936869824508;0.8332814069713305;0.7617159523512161;0.12347183002040689;0.11289518573394308;1.0969238792259977;10.002446433766943;0.8334644526810051;1.0971481559605103;1.0974031478490769;0.7598794558827818;-0.12578396732970581;0.7701501205324277
59.416929;1.093690312203648;0.8332805995435397;0.7617172733928973;0.12347171348165263;0.11289513453297544;1.0969225397233648;10.002460900914267;0.8334617520357643;1.0971472258723574;1.097402520823865;0.7598786671057871;-0.12578396707665448;0.7701538269408706
59.426929;1.0936937798372532;0.8332797850370162;0.7617186255341629;0.12347161651457879;0.11289508559681563;1.0969212707858742;10.002475688142718;0.8334590698857397;1.0971463830193615;1.0974018281085074;0.7598767953625734;-0.12578396682429643;0.7701564397730537
59.436929;1.0936973806297583;0.8332789608102364;0.7617200126717618;0.12347154038460174;0.11289503816726888;1.0969200761381594;10.002490894801433;0.8334564127991384;1.0971456232684005;1.0974010680868131;0.7598758315489915;-0.12578396657171165;0.7701599272753091
59.446929;1.0937011088188373;0.8332781250590927;0.7617214380515093;0.12347148601575858;0.11289499152399328;1.0969189580482264;10.002506640226162;0.8334537891400993;1.097144939955149;1.0974002405265797;0.7598747652615896;-0.12578396631772526;0.7701632998433607
59.456929;1.0937049581424902;0.8332772772949207;0.7617229031418298;0.12347145410650576;0.1128949451665587;1.096917916363893;10.002523043672737;0.8334512084759897;1.097144328101862;1.097399347179321;0.759873585881535;-0.12578396606076217;0.7701665558751577
59.466929;1.093708921942662;0.8332764178971265;0.7617244072835825;0.12347144524129369;0.11289489871067607;1.096916948481097;10.002540202419988;0.8334486791922197;1.0971437873772216;1.0973983914888439;0.7598722843571697;-0.1257839657990655;0.7701696944996169
59.476929;1.0937129921358215;0.8332755476105141;0.7617259479136301;0.12347145994744316;0.11289485166064606;1.0969160509183713;10.00255817783717;0.833446206864191;1.0971433203541447;1.0973973776190336;0.7598708544651401;-0.12578396553116103;0.7701727155396692
59.486929;1.0937171577272642;0.8332746680443128;0.7617275214875318;0.12347149861257947;0.11289480339955962;1.0969152215544349;10.002576996530252;0.8334437946432819;1.097142928708132;1.0973963085815335;0.7598692928480938;-0.12578396525627283;0.7701756202034276
59.496929;1.09372140454189;0.8332737823717956;0.7617291245221994;0.12347156131536437;0.11289475342208992;1.0969144599352318;10.002596654244838;0.8334414438132889;1.0971426115205296;1.0973951846238799;0.7598675983335047;-0.12578396497451932;0.770178411011145
59.506929;1.0937257167309924;0.833272894648656;0.7617307532332886;0.12347164776122228;0.11289470151755644;1.0969137649461416;10.00261711948943;0.8334391539549652;1.0971423669739968;1.097394003555921;0.7598657715173831;-0.12578396468667416;0.7701810903468929
59.516929;1.093730079160823;0.8332720080444731;0.7617324025790938;0.12347175725129077;0.11289464768461277;1.0969141324789398;10.002638351314902;0.833436924161393;1.0971421956036536;1.0973927624710094;0.7598638141621741;-0.12578396439344283;0.7701836593985987
59.526929;1.0937344781190366;0.8332711246278219;0.7617340667168124;0.1234718886817779;0.1128945919470322;1.0969135548379259;10.002660319975378;0.8334347545868956;1.0971421017455594;1.097391459532223;0.7598617279816408;-0.12578396409478695;0.7701861179910249
59.536929;1.0937388997657016;0.8332702473014478;0.7617357397482774;0.12347204070386877;0.11289453433609771;1.0969130216173908;10.002683008456598;0.8334326467524504;1.097142091713973;1.0973900947881154;0.7598595147049283;-0.12578396378980877;0.7701884646275926
59.546929;1.0937433292451177;0.8332693814548223;0.7617374153679443;0.12347221183642997;0.11289447495153872;1.0969125210083879;10.002706409057556;0.833430602899406;1.0971421705843245;1.097388669532854;0.7598571778203461;-0.12578396347684934;0.7701906972932463
59.556929;1.0937477513890448;0.8332685350027738;0.7617390865481755;0.12347240039664165;0.1128944139401479;1.0969120408484632;10.00273053276103;0.8334286249923719;1.0971423405524086;1.0973871848948575;0.7598547233072314;-0.12578396315336382;0.7701928145931383
59.566929;1.0937521515397315;0.8332677172347361;0.7617407460101028;0.12347260449947761;0.11289435151282858;1.0969115696659326;10.002755407077379;0.8334267141245562;1.0971426016123085;1.0973856411590386;0.7598521587912183;-0.12578396281600812;0.7701948161438056
59.576929;1.0937565158745213;0.8332669375831339;0.7617423871955727;0.12347282225947437;0.11289428805267199;1.0969110973741127;10.00278105015824;0.8334248707375385;1.097142952806739;1.097384038305411;0.759849493307825;-0.12578396246130763;0.7701967028808044
59.586929;1.093760831719721;0.8332662051664596;0.7617440051577217;0.1234730520569428;0.11289422409771495;1.0969106151379882;10.002807452460948;0.8334230948484104;1.0971433925324785;1.0973823763683022;0.759846737737506;-0.12578396208625717;0.7701984772201812
59.596929;1.0937650887144106;0.8332655285650066;0.7617455965444321;0.12347329267134467;0.11289416012090189;1.0969101149652727;10.002834575847965;0.8334213860517053;1.0971439178311284;1.0973806546307403;0.7598439043858377;-0.1257839616883748;0.7702001420134796
59.606929;1.0937692795239615;0.8332649149885508;0.7617471590140972;0.12347354322668701;0.11289409626386208;1.0969095892905485;10.002862356787917;0.8334197435775144;1.0971445242311029;1.0973788708197143;0.7598410062984549;-0.12578396126565028;0.7702016996541035
59.616929;1.0937733984989235;0.8332643688140426;0.761748690890417;0.12347380313358379;0.1128940321651938;1.0969090307276377;10.002890712848197;0.8334181660824609;1.0971452068634164;1.0973770217135195;0.759838057027364;-0.12578396081649137;0.7702031523622741
59.626929;1.0937774401274654;0.8332638905506482;0.7617501907335253;0.12347407206507884;0.11289396698800129;1.0969084327656633;10.002919546013867;0.8334166513791784;1.0971459611491154;1.0973751044158495;0.7598350701700268;-0.12578396033934142;0.7702045023946625
59.636929;1.093781398929909;0.8332634773521156;0.7617516566161335;0.12347434982904408;0.11289389961436137;1.0969077905751707;10.002948739927785;0.8334151966707914;1.0971467827209913;1.0973731165111074;0.7598320590109248;-0.12578395983238647;0.7702057519950745
59.646929;1.093785269781556;0.8332631243376939;0.7617530854845305;0.12347463632505334;0.11289382878858861;1.096907100540295;10.002978159995347;0.8334137985997676;1.0971476675282432;1.097371055274231;0.7598290367052161;-0.12578395929404523;0.7702069034578423
59.656929;1.0937890472673315;0.8332628253005355;0.7617544727866045;0.12347493175765568;0.11289375312235297;1.0969063600203792;10.003007659925407;0.83341245285936;1.0971486118319493;1.097368918493033;0.7598260162976961;-0.1257839587238105;0.7702079589521239
59.666929;1.093792724784668;0.833262572766129;0.7617558125985784;0.12347523675648113;0.11289367109578084;1.0969055682604891;10.00303709640411;0.8334111545531351;1.0971496124435298;1.0973667068165374;0.7598230105847754;-0.12578395812240675;0.7702089197041894
59.676929;1.09379629588318;0.8332623581036106;0.7617570983026203;0.12347555212582104;0.1128935811459589;1.0969047262291003;10.003066341279334;0.833409899027424;1.0971506677353915;1.0973644235132904;0.7598200320902551;-0.12578395749157303;0.7702097850420293
59.686929;1.0937997567860567;0.8332621718948002;0.7617583229175431;0.12347587853148302;0.11289348181094869;1.0969038355254512;10.003095276541043;0.833408681646458;1.0971517786816196;1.0973620720666335;0.759817092643964;-0.12578395683420915;0.7702105531114476
59.696929;1.093803106788205;0.8332616605648792;0.7617591642753783;0.12347738232840756;0.1128944376541607;1.0969028990997385;10.00312377915958;0.8334074967389122;1.0971529493598646;1.0973596562817962;0.7598142028614081;-0.12578395615413196;0.7702112227714467
59.706929;1.0938063471238717;0.8332615014205114;0.7617602416927342;0.12347773208617698;0.11289431634383497;1.096901922620088;10.003151707960727;0.8334063373394173;1.0971541865928824;1.0973571819255012;0.7598113718381057;-0.1257839554551943;0.7702117942087103
59.716929;1.093809479857373;0.8332613410230824;0.7617612320696334;0.12347809366793823;0.11289418327295463;1.096900913737339;10.003178898753697;0.8334051959541311;1.0971554982002052;1.097354656532829;0.7598086067989861;-0.12578395474095197;0.7702122685568844
59.726929;1.0938125064056812;0.8332611709908999;0.7617621274003987;0.12347846645629704;0.11289403840435744;1.0968998801046934;10.003205173763009;0.8334040654016328;1.0971568899373907;1.09735208854704;0.7598059134648768;-0.1257839540150472;0.7702126476913069
59.736929;1.0938154262116182;0.8332609846654416;0.7617629204769012;0.1234788492862035;0.11289388190210681;1.0968988270747462;10.003230363025411;0.833402939770552;1.0971583632739934;1.0973494867766107;0.7598032970433819;-0.12578395328132835;0.7702129342490847
59.746929;1.093818236913083;0.8332607764748061;0.761763604635299;0.12347924075419961;0.1128937140527756;1.0968977551784762;10.003254323720704;0.8334018153459778;1.0971599161860193;1.0973468595243765;0.7598007625188558;-0.12578395254351576;0.7702131321403151
59.756929;1.0938209355356716;0.8332605415242879;0.7617641729923157;0.12347963946085232;0.11289353516623483;1.0968966594062206;10.003276941209064;0.8334006905004241;1.0971615458020427;1.0973442145661936;0.7597983141391778;-0.12578395180501836;0.7702132470213566
59.766929;1.0938235197442823;0.8332602756638141;0.7617646175979782;0.1234800441053625;0.1128933454702272;1.0968955310242237;10.003298112201552;0.8333995646369994;1.0971632504507762;1.0973415599106298;0.7597959547302934;-0.12578395106908777;0.7702132858719387
59.776929;1.0938259897885374;0.8332599747143552;0.7617649295179654;0.12348045340407689;0.11289314521816414;1.0968943600623065;10.003317734472718;0.8333984371879708;1.0971650297429125;1.0973389033094774;0.7597936852311029;-0.12578395033894052;0.7702132560623626
59.786929;1.0938283501956945;0.8332596333674384;0.7617650998068488;0.123480865899212;0.11289293496302452;1.0968931374424582;10.003335717342043;0.83339730712012;1.0971668827925958;1.0973362509221785;0.7597915048430859;-0.12578394961768402;0.7702131643196056
59.796929;1.0938306089227574;0.8332592457088863;0.7617651204196599;0.12348127993637287;0.11289271565453605;1.0968918569296695;10.003351988641784;0.8333961728209104;1.097168806415278;1.097333607033432;0.7597894119446919;-0.12578494890831202;0.7702131788569347
59.806929;1.093832775338529;0.8332588068794115;0.7617649841820361;0.12348169380816656;0.11289248848970634;1.0968905166111793;10.003366485319818;0.8333950324977198;1.0971707953140157;1.0973309747816251;0.7597874051085992;-0.12578494821380437;0.7702129757003283
59.816929;1.0938348593287721;0.8332583140014492;0.761764684547438;0.12348210578059092;0.11289225472925735;1.0968891187642762;10.00337915506479;0.8333938854311227;1.0971728439261705;1.0973283566726648;0.7597854835027638;-0.12578494753709465;0.7702127202478309
59.826929;1.0938368708697657;0.8332577658554818;0.7617642163472685;0.12348251404624849;0.11289201553403982;1.0968876687600115;10.003389972988511;0.8333927329098845;1.0971749475207009;1.0973257542709063;0.7597836465271097;-0.1257849468810135;0.7702124154138283
59.836929;1.0938397791450687;0.8332579242860586;0.7617636057528004;0.12348280970506714;0.1128915748952164;1.096886174829109;10.003398950650775;0.833391577081092;1.0971771017150596;1.097323167635862;0.7597818929364887;-0.12578494624846967;0.7702120641660161
59.846929;1.0938416762887873;0.8332572627722228;0.7617627929249422;0.12348320549297138;0.11289132726372744;1.09688464694982;10.003406132656194;0.833390419359043;1.0971793014976325;1.0973205955811496;0.7597802208211643;-0.12578494564264267;0.7702116683361269
59.856929;1.0938435321770539;0.833256542332326;0.7617618057030833;0.12348359315978466;0.11289107620159641;1.0968830939937089;10.003411575321529;0.8333892608867738;1.0971815407879135;1.097318037012723;0.7597786291660753;-0.12578494506658086;0.7702112293044072
59.866929;1.093845357215074;0.8332557616068488;0.7617606422454257;0.12348397189106822;0.11289082215927211;1.0968815225162543;10.003415309039037;0.8333881039257313;1.097183813491586;1.0973154925736592;0.7597771190738827;-0.1257849445224817;0.7702107492643455
59.876929;1.0938471628678346;0.8332549196525126;0.7617593010446587;0.12348434097529798;0.1128905655953567;1.096879937604762;10.003417320795231;0.8333869524383345;1.0971861151189273;1.0973129647315267;0.7597756928902504;-0.12578494401159285;0.770210231532615
59.886929;1.0938489631927477;0.8332540160163253;0.7617577826774962;0.12348469975086099;0.1128903069110709;1.096878343231337;10.003417577348088;0.8333858115600423;1.097188442905265;1.097310456352392;0.7597743522032325;-0.12578494353471778;0.7702096800415085
59.896929;1.0938507741785208;0.8332530508698244;0.7617560911257268;0.1234850477126419;0.11289004644104425;1.0968767424503756;10.003416062303264;0.8333846861403295;1.0971907949913466;1.0973079708007112;0.7597730969200378;-0.12578494309249444;0.7702090983928898
59.906929;1.0938526118179384;0.8332520247839221;0.7617542337537467;0.12348538450274875;0.11288978465040594;1.096875138599724;10.003412797524248;0.8333835794737279;1.0971931698050086;1.0973055134874077;0.759771925556659;-0.12578494268515697;0.7702084889590162
59.916929;1.0938544900879625;0.8332509381376345;0.7617522205664898;0.12348570973116495;0.11288952228150377;1.0968735365123579;10.003407835846508;0.8333824927279168;1.0971955650752427;1.0973030919641136;0.759770835261608;-0.1257849423122775;0.7702078525841882
59.926929;1.093856418840726;0.8332497910998019;0.761750063728468;0.12348602289484965;0.1128892601207914;1.0968719425336284;10.003401236425859;0.8333814243244884;1.0971979770684825;1.0973007142197677;0.7597698219623177;-0.1257849419729719;0.7702071891970798
59.936929;1.0938584029009366;0.8332485840608227;0.7617477766091549;0.12348632352922571;0.11288899862583959;1.096870363657129;10.003393055744597;0.8333803700950121;1.0972004013277288;1.0972983868060224;0.7597688812276046;-0.12578494166637735;0.7702064984003273
59.946929;1.0938604432101002;0.8332473176808659;0.7617453719489155;0.12348661135631402;0.11288873781807103;1.096868807211852;10.00338335764542;0.833379324921116;1.0972028342784201;1.0972961139501256;0.7597680086061245;-0.1257849413918675;0.7702057789062444
59.956929;1.0938625382677556;0.833245992634492;0.7617428605008334;0.12348688628120998;0.11288847743104803;1.0968672809405355;10.003372221709396;0.8333782838560653;1.0972052744706127;1.0972938971759867;0.7597671993396055;-0.12578494114905445;0.7702050280932761
59.966929;1.093864684060512;0.8332446093584122;0.7617402506792706;0.12348714838317552;0.11288821710813056;1.096865792201711;10.003359749895864;0.8333772414068502;1.0972077221980006;1.097291734953397;0.759766448394722;-0.1257849409378948;0.7702042429363332
59.976929;1.0938668729921626;0.8332431682481296;0.7617375488866523;0.12348739786893367;0.11288795646239412;1.096864347097912;10.003346070847035;0.8333761901323564;1.0972101773366165;1.0972896232680533;0.7597657507743413;-0.12578494075856547;0.7702034213107122
59.986929;1.093869093212564;0.833241670296862;0.7617347608535056;0.12348763491784025;0.11288769499321916;1.0968629505993832;10.003331329427489;0.8333751206633323;1.0972126375163263;1.0972875572027871;0.7597651020126182;-0.1257849406110045;0.7702025624021654
59.996929;1.0938713286984612;0.8332401174928291;0.761731892935693;0.12348785954854334;0.11288743204686193;1.0968616073384607;10.003315668213737;0.8333740240662142;1.0972150982864057;1.0972855323352595;0.7597644986420354;-0.12578494049474812;0.7702016661943659
60.006929;1.0938735603136005;0.8332385124008689;0.7617289516791155;0.12348807150283844;0.11288716691475724;1.0968603223786824;10.003299220353222;0.8333728941869065;1.0972175546398668;1.0972835448996217;0.7597639378340885;-0.12578494040919364;0.770200732957392
60.016929;1.0938757685714946;0.833236857428415;0.7617259437617402;0.1234882701844902;0.11288689907554421;1.0968591012675712;10.003282112520441;0.8333717271619739;1.0972200013330164;1.0972815906811986;0.759763416159726;-0.1257849403539197;0.7701997630300221
60.026929;1.0938779368288705;0.8332351553629753;0.7617228777783163;0.12348845476828961;0.11288662841860266;1.0968579490249533;10.003264460498242;0.8333705192868129;1.0972224315835029;1.0972796638015796;0.7597629288148402;-0.1257849403289263;0.7701987565787358
60.036929;1.093880051926393;0.8332334103505822;0.7617197646602442;0.12348862437641174;0.11288635524667141;1.0968568689833043;10.003246361633451;0.833369266545065;1.0972248368261723;1.0972777565172518;0.7597624704698591;-0.12578494033468093;0.7701977137393049
60.046929;1.0938821027407983;0.8332316272022509;0.7617166158360449;0.12348877820590133;0.1128860801699531;1.096855863174662;10.00322789817728;0.8333679656499758;1.0972272075222305;1.0972758602384258;0.7597620363684995;-0.12578494037193058;0.7701966355357329
60.056929;1.0938840799730112;0.8332298100783984;0.7617134420523338;0.12348891564094124;0.11288580397246122;1.09685493347455;10.003209137544419;0.8333666140034153;1.0972295337352032;1.097273967075865;0.759761621552013;-0.125784940441631;0.7701955248951463
60.066929;1.0938859775565843;0.8332279621883913;0.7617102540357684;0.12348903641309432;0.11288552744648311;1.0968540815415888;10.003190127567228;0.8333652088283164;1.0972318064398805;1.0972720712922297;0.7597612198441648;-0.12578494054510958;0.770194386743312
60.076929;1.0938877933327942;0.8332260864539606;0.7617070634754338;0.12348914070255847;0.11288525135326559;1.096853308782452;10.003170904644563;0.8333637467568694;1.0972340196270634;1.0972701704894197;0.7597608252696952;-0.12578494068413063;0.7701932268810313
60.086929;1.093889527453772;0.8332241865534766;0.7617038826358185;0.12348922903136242;0.1128849764442733;1.0968526176876483;10.003151497586448;0.8333622240333273;1.097236171058957;1.0972682652093886;0.7597604340961619;-0.12578494086067943;0.770192050328565
60.096929;1.0938911799482396;0.8332222670861852;0.7617007229036459;0.12348930199674209;0.11288470339321617;1.0968520126172348;10.003131913267985;0.8333606375786086;1.0972382608024112;1.0972663568528247;0.7597600450302927;-0.1257849410766766;0.7701908604933004
60.106929;1.0938927505292213;0.8332203325672698;0.7616975941831826;0.12348936000745672;0.11288443279680807;1.0968514987325355;10.003112128717893;0.833358985897529;1.0972402901580465;1.0972644463083627;0.7597596584692653;-0.12578494133389878;0.770189659597681
60.116929;1.0938942396275404;0.833218386946415;0.7616945055576464;0.12348940322892595;0.11288416532064725;1.0968510802115339;10.003092101018364;0.8333572691824981;1.0972422621523261;1.097262533402325;0.7597592753365482;-0.12578494163397172;0.7701884495801387
60.126929;1.0938956479648667;0.8332160905203042;0.7616911513621805;0.12349059756594832;0.11288496759402228;1.0968507586132508;10.00307177817635;0.8333554896244875;1.097244180880456;1.0972606160621536;0.7597588956091139;-0.1257849419782903;0.770187232532656
60.136929;1.0938969762508264;0.8332141351438698;0.7616881678568568;0.12349061119198612;0.1128847091454505;1.096850531969674;10.003051095824633;0.833353651690311;1.0972460497467642;1.097258690640682;0.7597585183420874;-0.1257849423678413;0.7701860098594366
60.146929;1.0938982259210162;0.8332121817104851;0.7616852489806273;0.12349060989598641;0.11288445688282887;1.0968503952764097;10.003029968640554;0.8333517614836218;1.0972478711852438;1.0972567543266627;0.7597581433061311;-0.1257849428029001;0.7701847811516266
60.156929;1.0938993997463975;0.8332102345780863;0.7616824037632316;0.12349059372217408;0.11288421193401008;1.096850341673323;10.003008302435736;0.8333498256496111;1.097249646829196;1.0972548072793398;0.7597577723970286;-0.12578494328297302;0.7701835445374398
60.166929;1.0939005026099689;0.8332082977147807;0.7616796412648678;0.12349056289014454;0.11288397528236449;1.0968503639183604;10.002986027385486;0.8333478508077332;1.097251376541408;1.0972528521855438;0.7597574096410347;-0.1257849438071149;0.7701822979365144
60.176929;1.0939015416872222;0.8332063747351859;0.7616769689928118;0.1234905176882449;0.11288374763839785;1.0968504563304087;10.002963116669468;0.8333458436607745;1.0972530577948494;1.0972508924333626;0.7597570597068238;-0.1257849443741658;0.7701810399076477
60.186929;1.0939025253108177;0.8332044690450499;0.7616743917154893;0.12349045838506656;0.11288352947046128;1.0968506156252296;10.00293956956507;0.8333438114074645;1.0972546864548869;1.0972489312284384;0.7597567265750127;-0.1257849449827357;0.7701797698283874
60.196929;1.0939034617298358;0.8332025838052032;0.7616719117394238;0.12349038522870405;0.11288332111871163;1.096850840231444;10.002915380728933;0.8333417628513398;1.0972562579544494;1.0972469716513746;0.7597564131294622;-0.1257849456311685;0.7701784879769513
60.206929;1.0939043579861556;0.8332007220191079;0.7616695302668923;0.12349029851596682;0.11288312278664467;1.0968511294700989;10.002890528770088;0.8333397098580378;1.0972577675593609;1.0972450165888066;0.7597561205751798;-0.12578494631758477;0.7701771961144863
60.216929;1.0939052192751575;0.8331988874308208;0.7616672476915788;0.1234901986918494;0.11288293444036775;1.0968514826010842;10.002864990184186;0.833337667050873;1.0972592097923928;1.0972430685252461;0.7597558484423809;-0.1257849470398014;0.7701758979972598
60.226929;1.093906049578728;0.8331970854501571;0.76166506316263;0.12349008629386629;0.11288275579056156;1.0968518979661794;10.002838753121651;0.8333356494338504;1.0972605783017035;1.0972411291496997;0.7597555957351033;-0.12578494779504992;0.7701745988211895
60.236929;1.0939068530290494;0.8331953230189612;0.7616629751168802;0.12348996176094953;0.11288258641705232;1.096852373000743;10.002811814723701;0.8333336703617568;1.0972618667344347;1.097239199097815;0.7597553612563251;-0.1257849485798796;0.7701733032912859
60.246929;1.0939076350650248;0.8331936078574937;0.7616609815100166;0.1234898253860156;0.11288242591647732;1.0968529043871733;10.002784175645933;0.8333317411912701;1.0972630700839354;1.0972372787807165;0.7597551427991321;-0.12578494939054996;0.7701720136498427
60.256929;1.093908402073033;0.8331919477556108;0.7616590793993735;0.12348967732318775;0.11288227391466006;1.09685348777239;10.002755839598926;0.8333298719088654;1.0972641851343217;1.0972353685029181;0.7597549369124096;-0.12578595022364092;0.7701708933356123
60.266929;1.093909160047899;0.8331903500896092;0.7616572657514676;0.12348951753367464;0.11288212994619681;1.0968541177945774;10.002726813604342;0.8333280721302472;1.0972652092279003;1.0972334670011603;0.7597547392770674;-0.1257859510763047;0.7701696153588425
60.276929;1.0939099143140152;0.8331888214755585;0.7616555385030674;0.12348934591888559;0.11288199337806591;1.0968547883293154;10.002697113393406;0.8333263523150211;1.0972661387509324;1.0972315715825565;0.7597545448855989;-0.1257859519461167;0.7701683425672275
60.286929;1.0939106695048446;0.8331873674045823;0.7616538964147404;0.12348916253533097;0.11288186348417902;1.0968554924308382;10.002666770370428;0.833324724490886;1.0972669686463048;1.0972296788189433;0.7597543485510815;-0.12578595283092284;0.7701670741039149
60.296929;1.0939114285118465;0.8331859922493582;0.761652338748229;0.12348896758242296;0.11288173954251124;1.0968562227418692;10.002635830139157;0.8333232019359588;1.0972676935831525;1.0972277828649812;0.7597541459084299;-0.12578595372878776;0.770165809487644
60.306929;1.0939121913348562;0.8331846998384705;0.761650865035157;0.12348876134124744;0.11288162083012136;1.0968569723081214;10.002604351231003;0.8333217987055115;1.097268310903624;1.097225875380099;0.7597539336346371;-0.12578595463807024;0.7701645484703354
60.316929;1.0939129550934346;0.8331834938532732;0.7616494741952891;0.12348854429461666;0.11288150660670904;1.0968577346715174;10.002572407637548;0.8333205293990487;1.0972688230796344;1.097223949237879;0.7597537088767179;-0.12578595555749306;0.7701632900210055
60.326929;1.0939137159667733;0.8331823779756206;0.7616481637261359;0.12348831727180787;0.11288139612291921;1.0968585035009721;10.002540085906983;0.8333194079319016;1.0972692372882147;1.097222000485074;0.7597534693512539;-0.1257859564859782;0.7701620321307711
60.336929;1.0939144717527383;0.8331813566296521;0.7616469303346689;0.12348808136091045;0.11288128857270642;1.0968592721834713;10.00250748245147;0.8333184457489397;1.0972695624584037;1.0972200268034518;0.759753214055497;-0.1257859574226291;0.7701607721349292
60.346929;1.0939152220082673;0.8331804356842236;0.7616457715402691;0.12348783767608452;0.11288118305063817;1.0968600333207001;10.00247470400576;0.8333176511974425;1.097269805842853;1.0972180269928506;0.7597529434972492;-0.12578595836710177;0.7701595071317373
60.356929;1.0939159659107365;0.8331796219093535;0.7616446864949162;0.12348758730818732;0.11288107856553989;1.096860778832005;10.002441857710245;0.83331702984206;1.0972699713075231;1.0972160021798423;0.7597526588933117;-0.12578595931969652;0.7701582345100063
60.366929;1.0939167007869246;0.8331789217471725;0.7616436754198046;0.12348733139312189;0.11288097411218635;1.0968615003845834;10.002409030726112;0.8333165850249753;1.0972700597806537;1.0972139559750465;0.7597523607888296;-0.12578596028102268;0.770156951909134
60.376929;1.0939174219245076;0.8331783408721698;0.7616427382531178;0.12348707097793114;0.11288086882191796;1.096862189464974;10.002376281284226;0.833316318634732;1.0972700698267674;1.0972118935542212;0.7597520490511622;-0.12578596125181;0.7701556569805432
60.386929;1.0939181229122408;0.8331778847791798;0.7616418735883237;0.12348680682192383;0.11288076200425307;1.0968628380022083;10.002343652662475;0.8333162318774417;1.0972699972077993;1.0972098215333403;0.7597517246929193;-0.1257859622328582;0.7701543477370113
60.396929;1.093918796472163;0.8331775590525075;0.7616410786410731;0.1234865394578456;0.11288065299850614;1.0968634399242194;10.00231119108126;0.8333163258634415;1.0972698348840548;1.0972077478772544;0.7597513913306163;-0.12578596322494653;0.7701530227829284
60.406929;1.093919434941058;0.8331773691064978;0.7616403500354386;0.1234862693779444;0.11288054113915168;1.0968639927045214;10.002278946853814;0.8333166014167771;1.0972695744782939;1.0972056798317216;0.7597510551920327;-0.1257859642288103;0.7701516811120156
60.416929;1.0939200302912597;0.8331773202785291;0.7616396849124146;0.12348599704671281;0.11288042593668195;1.096864497878482;10.002246962024433;0.833317057841665;1.0972692086379157;1.0972036225868267;0.7597507242333263;-0.1257859652449809;0.7701503221644246
60.426929;1.0939205751657475;0.8331774174953414;0.7616390807966775;0.12348572278549122;0.11288030718925922;1.0968649597143414;10.002215255483325;0.8333176921758562;1.097268732301068;1.0972015812763858;0.7597504066283362;-0.12578596627316638;0.7701489461051519
60.436929;1.0939210643910582;0.833177664146815;0.7616385336983446;0.12348544671344473;0.11288018490614657;1.0968653824243133;10.002183819079928;0.8333185000894471;1.0972681409116862;1.0971995626916269;0.7597501091614178;-0.12578596731174152;0.7701475537288824
60.446929;1.0939214945335711;0.8331780615399117;0.7616380373548088;0.12348516874031609;0.11288005917830551;1.0968657684764551;10.002152636940107;0.8333194768386851;1.0972674281769312;1.0971975739988857;0.7597498368100273;-0.1257859683581037;0.7701461460777888
60.456929;1.093921862132587;0.833178608781697;0.7616375848879374;0.12348488857481751;0.11287993005145232;1.0968661196631435;10.00212171233648;0.8333206168013167;1.0972665874822731;1.0971956210915377;0.7597495936135775;-0.12578596940951542;0.770144724492695
60.466929;1.0939221637113425;0.8331793020569855;0.7616371706868993;0.12348460575593025;0.11287979741138021;1.0968664388156495;10.002091073443617;0.8333219133066071;1.0972656144814656;1.0971937085178405;0.7597493834943732;-0.1257859704635963;0.7701432910822915
60.476929;1.093922397527338;0.8331801341743003;0.7616367911674555;0.12348431964003645;0.11287966098394586;1.096866730042519;10.002060751981496;0.8333233598539403;1.0972645061694648;1.0971918396470925;0.759749210596017;-0.12578597151832613;0.7701418487851158
60.486929;1.0939225648068471;0.8331810952489922;0.7616364442341476;0.12348402941204045;0.11287952045770382;1.0968669976644836;10.002030753500474;0.8333249507206615;1.0972632589095892;1.0971900163224217;0.759749079349044;-0.1257859725720013;0.7701404006425503
60.496929;1.0939226698118647;0.8331821737539984;0.7616361280162721;0.12348373425008827;0.11287937556888497;1.0968682452818115;10.00200104509933;0.8333266799761423;1.0972618688244726;1.0971882384701415;0.7597489939482022;-0.12578597362331984;0.7701389487692962
60.506929;1.0939227188713296;0.8331833574055505;0.7616358400796925;0.12348343348640489;0.11287922611371312;1.0968684765824714;10.001971563790397;0.8333285400377324;1.0972603320664964;1.0971865037879724;0.7597489574602767;-0.12578597467131722;0.7701374939141707
60.516929;1.0939227189764305;0.833184633881707;0.7616355768679562;0.12348312661113243;0.11287907200495312;1.0968686963543732;10.001942227502454;0.8333305211889823;1.097258643987249;1.0971848074676822;0.7597489708869347;-0.12578597571526567;0.7701360354114316
60.526929;1.093922677358494;0.833185991005468;0.761635333353087;0.12348281323977055;0.11287891335988201;1.096868909574684;10.001912943533467;0.8333326128520978;1.0972567988637036;1.0971831422312546;0.7597490327030114;-0.1257859767550851;0.7701345709479677
60.536929;1.0939226018977517;0.8331874163236034;0.7616351038090179;0.12348249315190239;0.11287875054425275;1.096869120359093;10.001883621632825;0.8333348059484416;1.0972547903408594;1.0971814994489923;0.7597491400783106;-0.12578597779196268;0.7701330971990231
60.546929;1.093922501458349;0.8331888967695452;0.7616348829228426;0.12348216636110636;0.11287858420964039;1.0968693316741276;10.001854189580209;0.833337094748317;1.0972526128843427;1.0971798711515843;0.759749290614851;-0.12578597882835788;0.7701316115579004
60.556929;1.0939223865865846;0.8331904191750531;0.761634666215757;0.12348183310104217;0.11287841535913407;1.0968695444995609;10.001824601401005;0.8333394768307488;1.0972502637125132;1.0971782512964485;0.7597494825156126;-0.1257859798673322;0.770130113163591
60.566929;1.0939222698958257;0.8331919712102273;0.7616344501783259;0.1234814937003078;0.11287824537248113;1.0968697574833879;10.001794834499828;0.8333419513209335;1.0972477434778598;1.0971766355349186;0.7597497139057275;-0.1257859809115804;0.7701286026111811
60.576929;1.093922164908257;0.8331935414311332;0.7616342323893538;0.12348114845638226;0.11287807594673942;1.0968699679251872;10.00176487710256;0.8333445175072455;1.0972450549330122;1.097175020486097;0.7597499821656251;-0.125785981962799;0.7701270818640165
60.586929;1.0939220846353792;0.833194774326405;0.7616336970417658;0.12348196344369143;0.1128789747476201;1.0968701727811618;10.001734712665506;0.8333471748119697;1.0972422005555234;1.0971734038065524;0.7597502830724252;-0.12578598302199157;0.7701255548226829
60.596929;1.0939220422488973;0.8331963442071834;0.7616334711507231;0.12348160706972854;0.11287881216162694;1.0968703690004895;10.001704316452951;0.8333499219956152;1.0972391810412958;1.0971717852848402;0.7597506101995742;-0.1257859840902818;0.7701240268275734
60.606929;1.0939220533793026;0.8331978945892896;0.7616332394465629;0.12348124563061268;0.1128786556544443;1.0968705534725194;10.001673664005738;0.8333527554607726;1.0972359951191462;1.097170167118965;0.7597509552422982;-0.12578598516922732;0.7701225031696182
60.616929;1.0939221366873366;0.8331994159352594;0.7616330013818913;0.12348087997421672;0.11287850663112803;1.096870723867695;10.001642738703337;0.8333556696951157;1.097232640428992;1.0971685520829644;0.759751309025175;-0.12578598626049414;0.7701209886017317
60.626929;1.0939223122678936;0.8332009028915877;0.7616327562490874;0.12348051113462613;0.11287836626726463;1.0968708801398042;10.001611535949174;0.8333586593387454;1.0972291159392389;1.0971669417959706;0.7597516621877612;-0.12578598736547458;0.7701194881636789
60.636929;1.0939226000731006;0.8332023528011675;0.7616325025256866;0.12348013998767461;0.11287823555245068;1.0968710238838435;10.001580058470248;0.833361720423447;1.097225424896957;1.0971653366369987;0.7597520055119109;-0.12578598848512568;0.7701180083143575
60.646929;1.0939230180353219;0.8332037635972657;0.7616322389632932;0.12347976728966571;0.1128781152938029;1.0968711567113518;10.001548306866637;0.8333648509658201;1.097221575226425;1.0971637366062665;0.7597523305776024;-0.12578598961981094;0.7701165573484583
60.656929;1.0939235802911638;0.8332051325335286;0.7616319662950117;0.12347939391745405;0.11287800611753526;1.0968712811271202;10.001516287490514;0.8333680507981903;1.0972175766263577;1.0971621428464442;0.7597526304328733;-0.12578599076894187;0.7701151448418744
60.666929;1.0939242975530472;0.8332064562219552;0.7616316874038057;0.12347902087636725;0.11287790841054282;1.096871401515041;10.00148403266426;0.8333713200458998;1.0972134378602676;1.0971605583169413;0.7597528995262021;-0.12578599193067938;0.7701137810184046
60.676929;1.0939251784176272;0.8332077311786202;0.7616314061343958;0.12347864917488488;0.11287782225322135;1.0968715227712162;10.001451599377774;0.8333746574378377;1.0972091669686745;1.0971589863996507;0.7597531332530911;-0.12578599310211266;0.7701124765225974
60.686929;1.0939262295962093;0.8332089536002735;0.7616311268309509;0.12347827982763324;0.11287774749466276;1.0968716488889345;10.00141904634916;0.8333780595283962;1.0972047740833073;1.0971574295029949;0.7597533280962739;-0.12578599427984866;0.7701112422679559
60.696929;1.0939274558466034;0.8332101181159992;0.7616308552237293;0.12347791384545938;0.11287768397875055;1.096871781881362;10.001386421994024;0.833381520483847;1.0972002740474593;1.0971558894103284;0.7597534823965123;-0.1257859954604911;0.7701100888755478
60.706929;1.0939288606118585;0.8332112176875072;0.761630599354845;0.12347755211524279;0.11287763170220431;1.0968719209648583;10.001353761631506;0.8333850326982563;1.0971956855776057;1.0971543683342433;0.7597535969496377;-0.12578599664091125;0.7701090255936273
60.716929;1.093930446594482;0.8332122459865791;0.7616303698770001;0.1234771953854353;0.11287759071073578;1.0968720638529086;10.001321082341981;0.8333885889123431;1.0971910279285109;1.0971528695467625;0.7597536744149178;-0.12578599781868058;0.770108059442088
60.726929;1.0939322147210804;0.8332131992124778;0.7616301794903049;0.12347684434620486;0.11287756089448536;1.0968722084423197;10.001288390140022;0.8333921842337305;1.097186318101881;1.0971513974246345;0.7597537179352165;-0.12578599899259735;0.770107194948837
60.736929;1.0939341621628311;0.8332140754015495;0.7616300413738777;0.12347649961151166;0.11287754196264196;1.0968723524078827;10.00125569463989;0.8333958160758185;1.0971815699065763;1.0971499565459095;0.7597537306653528;-0.12578600016291183;0.7701064342180275
60.746929;1.0939362821098777;0.8332148733920522;0.7616299673548507;0.12347616166006382;0.11287753356065865;1.0968724923092743;10.001223015059544;0.8333994829042394;1.0971767946496667;1.0971485500896345;0.7597537160360224;-0.1257860013309714;0.7701057774926918
60.756929;1.0939385656659277;0.8332155924280926;0.7616299666579543;0.1234758308267245;0.11287753532744133;1.0968726237752706;10.001190382177676;0.8334031836342715;1.0971720019959426;1.0971471790892693;0.7597536779953649;-0.12578600249859567;0.770105223803262
60.766929;1.0939410036696249;0.8332162320237758;0.7616300455192275;0.12347550730726581;0.11287754681563462;1.0968727422939804;10.001157842809803;0.8334069178821304;1.097167200252741;1.0971458429665666;0.7597536213223123;-0.12578700366806722;0.7701049341762572
60.776929;1.0939435863467355;0.8332167927504517;0.7616302074773407;0.1234751911568429;0.11287756732895315;1.0968728438946977;10.001125460522635;0.833410686107408;1.097162396212214;1.0971445398312665;0.7597535511327292;-0.12578700484262664;0.7701045780597536
60.786929;1.093946301700731;0.8332172770600769;0.7616304540346795;0.12347488231182506;0.11287759586436032;1.096872925088608;10.001093301413455;0.8334144889449887;1.0971575946968741;1.0971432667946361;0.759753471617918;-0.12578700602651294;0.7701043137932208
60.796929;1.0939491360052296;0.8332176889635207;0.76163078556615;0.12347458068778908;0.11287763129113183;1.0968729823678152;10.001061417315272;0.8334183261379359;1.0971527988154883;1.097142021576826;0.7597533857249407;-0.12578700722430272;0.7701041359044244
60.806929;1.093952075314897;0.8332180337373671;0.7616312021034147;0.12347428633463238;0.11287767258820784;1.0968730124614892;10.001029851421997;0.8334221957774974;1.0971480117813617;1.0971408039407506;0.7597532958672485;-0.12578700843997975;0.7701040392455716
60.816929;1.09395510432484;0.8332183178778526;0.7616317032661938;0.12347399952239875;0.11287771889135483;1.0968730132582272;10.000998656492195;0.8334260939684158;1.0971432390322722;1.0971396159106421;0.7597532044358051;-0.1257870096763583;0.7701040194939127
60.826929;1.0939582041481637;0.8332185482133527;0.761632287501774;0.12347372070262595;0.11287776941014706;1.0968729839309674;10.00096790141731;0.8334300152859572;1.0971384884414928;1.0971384610977597;0.7597531138744282;-0.12578701093503092;0.7701040728245208
60.836929;1.0939613526009422;0.8332187311300712;0.7616329512992219;0.12347345046278133;0.11287782338234582;1.0968729238217956;10.000937664113918;0.8334339540594929;1.0971337692949863;1.0971373423904152;0.7597530264812438;-0.12578701221631322;0.7701041956757342
60.846929;1.0939645271934066;0.8332188730520231;0.7616336887764649;0.1234731895451471;0.11287787999417284;1.0968728315304128;10.000908014288987;0.8334379052018638;1.0971290922343038;1.0971362595786862;0.7597529440912959;-0.1257870135194;0.7701043845937018
60.856929;1.0939677082498478;0.8332189813454461;0.7616344925715246;0.1234729387682267;0.11287793822392336;1.0968727059304506;10.00087899614961;0.8334418640870264;1.0971244700855196;1.097135210221826;0.7597528681249138;-0.12578701484327;0.7701046360002003
60.866929;1.0939708793113723;0.8332190651258444;0.7616353557149571;0.12347269875308882;0.11287799678280246;1.0968725481654957;10.00085063111546;0.8334458264530914;1.0971199185944684;1.0971341934910563;0.7597527998603911;-0.12578701618745167;0.7701049467302473
60.876929;1.0939740251668233;0.8332191356090266;0.7616362725016835;0.12347246971507811;0.11287805422540546;1.0968723615177927;10.000822937566037;0.833449788550229;1.0971154557146192;1.097133213401305;0.7597527402221397;-0.12578701755184118;0.7701053145420604
60.886929;1.093978090126732;0.8332199673795012;0.761637267371295;0.12347214444941065;0.11287791215606428;1.09687214916795;10.000795947696801;0.8334537469118128;1.0971110989542754;1.0971322782411068;0.7597516891529654;-0.12578701893629796;0.770104750952754
60.896929;1.0939811424432184;0.8332200452575265;0.7616382780640053;0.12347193712821997;0.11287796293755646;1.096871912740284;10.000769716389941;0.833457698134776;1.0971068630893055;1.097131397422848;0.7597516456620049;-0.12578702034040282;0.7701052264875016
60.906929;1.0939841306088216;0.8332201385664575;0.7616393306730688;0.12347174079182809;0.11287800838236405;1.0968716520211688;10.00074432284578;0.8334616395777269;1.0971027596454443;1.0971305795638773;0.7597516088190742;-0.12578702176304277;0.7701057508764741
60.916929;1.0939870472573066;0.8332202515064682;0.7616404223569084;0.12347155596365865;0.11287804759497966;1.0968713652547915;10.00071985961029;0.8334655700177929;1.0970987971362827;1.0971298312870366;0.7597515781953987;-0.12578702320219765;0.7701063198826129
60.926929;1.093989888420267;0.8332203870596961;0.7616415501163089;0.12347138351444031;0.11287808000822802;1.096871050567049;10.000696409310784;0.8334694889202613;1.097094980912017;1.0971291550048448;0.759751553338163;-0.12578702465551242;0.7701069295075182
60.936929;1.0939926520454715;0.8332205471889222;0.7616427110171808;0.12347122446088725;0.112878105166617;1.0968707072752244;10.000674026551803;0.833473395445422;1.0970913125640822;1.097128548373438;0.7597515334564833;-0.12578702612125078;0.7701075765800518
60.946929;1.093995336463698;0.8332207324076008;0.7616439026956652;0.12347107968566993;0.11287812260649711;1.0968703358893017;10.00065274569807;0.8334772883124091;1.0970877904057368;1.097128006893669;0.7597515176549926;-0.12578702759855737;0.7701082590741842
60.956929;1.093997939853414;0.833220941933496;0.7616451239023866;0.12347094984716557;0.11287813185852867;1.0968699372028263;10.000632602348652;0.8334811659798681;1.0970844111904432;1.097127526941085;0.7597515055017815;-0.12578702908691147;0.7701089753768544
60.966929;1.0940004592175463;0.8332211750604733;0.761646374723283;0.12347083556990057;0.11287813247654885;1.0968695103461508;10.000613632868474;0.8334850271991577;1.09708117117054;1.0971271070097344;0.7597514971960287;-0.12578703058566837;0.7701097228093854
60.976929;1.0940028895561935;0.8332214322634468;0.7616476566213044;0.12347073768300819;0.11287812405143198;1.0968690508954144;10.000595854285248;0.8334888716280541;1.0970780664291515;1.097126746968964;0.7597514930016382;-0.12578703209400088;0.7701104976044459
60.986929;1.0940052243038612;0.8332217143871091;0.7616489725861082;0.12347065722221506;0.1128781062525187;1.0968685507314495;10.000579260372007;0.833492699096256;1.097075093328423;1.0971264467661594;0.7597514931820344;-0.12578703361090263;0.7701112964027528
60.996929;1.0940074562292452;0.8332220211057805;0.761650326526994;0.12347059526283569;0.11287807896300928;1.0968679994353592;10.000563835827526;0.8334965084140583;1.0970722492115828;1.0971262061194886;0.7597514981896957;-0.1257870351351497;0.7701121168096139
61.006929;1.094009578740209;0.8332223504748021;0.7616517217244863;0.12347055280182806;0.11287804238478526;1.0968673863415845;10.000549558102513;0.8335002976490391;1.0970695336475915;1.097126024313941;0.7597515078631639;-0.12578703666538288;0.770112956839826
61.016929;1.0940115868501032;0.833222699669525;0.7616531600723827;0.12347053065983923;0.1128779969571499;1.0968667023159264;10.000536383932296;0.8335040648819652;1.0970669491802898;1.097125899693126;0.7597515209821831;-0.12578703820044418;0.7701138149208002
61.026929;1.0940134773878984;0.8332230660523168;0.7616546429282007;0.12347052942966007;0.11287794324392386;1.09686594024167;10.000524248219573;0.8335078078602917;1.0970645006533382;1.0971258298997353;0.7597515362161591;-0.1257870397396188;0.770114690131498
61.036929;1.0940152502077318;0.8332234477384014;0.7616561718638918;0.12347054959228139;0.11287788193006727;1.0968650945516272;10.000513078766154;0.8335115235931759;1.0970621941358198;1.0971258123563228;0.7597515525527334;-0.12578704128245258;0.770115581426687
61.046929;1.094016908740538;0.8332238430259523;0.7616577479667573;0.12347059158589467;0.11287781376804391;1.096864161572121;10.000502805513909;0.8335152089156523;1.0970600354458142;1.0971258443428102;0.7597515682936743;-0.12578704282849743;0.7701164868730357
61.056929;1.0940184570786062;0.8332242489183747;0.7616593706219883;0.12347065564956443;0.11287773942047706;1.0968631405989204;10.000493359058046;0.8335188606300437;1.0970580281083824;1.0971259223728858;0.7597515800059279;-0.12578704437716415;0.7701174040460126
61.066929;1.094019896891745;0.8332246605950637;0.7616610369822245;0.12347074170637783;0.11287765936102695;1.0968620344366837;10.000484661070072;0.8335224749170884;1.0970561727602808;1.0971260411217985;0.7597515826456005;-0.1257870459275129;0.7701183309712937
61.076929;1.0940212271528196;0.8332250726288385;0.7616627419879117;0.12347084947741042;0.11287757386409616;1.0968608492844416;10.000476612244546;0.8335260473583285;1.0970544684157775;1.0971261929657492;0.7597515709253261;-0.1257870474782141;0.7701192672402873
61.086929;1.0940224449544456;0.8332254806938744;0.7616644785104073;0.12347097859678129;0.11287748302357598;1.0968595933747671;10.00046908991502;0.8335295734109718;1.097052913084271;1.0971263678096046;0.7597515405179824;-0.12578704902776766;0.7701202141821453
61.096929;1.0940235464073251;0.8332258833999728;0.761666237818123;0.12347112848005712;0.11287738683461916;1.0968582754448606;10.000461955598624;0.8335330487760427;1.097051502368506;1.0971265532379852;0.7597514878319754;-0.12578705057458867;0.7701211732332323
61.106929;1.0940245281795962;0.8332262840106576;0.761668010517589;0.12347129806273204;0.1128772852990338;1.0968569050333274;10.000455066405241;0.8335364696204368;1.0970502277386722;1.0971267356277197;0.7597514088625912;-0.12578705211711286;0.7701221441033396
61.116929;1.0940253897845538;0.8332263469747812;0.7616694733366421;0.12347265160585527;0.11287824418365577;1.0968554930543581;10.000448287983929;0.83353983249748;1.0970490768657224;1.097126901572502;0.7597512981125631;-0.1257870536543083;0.7701231241035105
61.126929;1.0940261353603735;0.8332267711093233;0.7616712462987048;0.1234728553569687;0.11287813190252188;1.0968540509523859;10.000441504567508;0.8335431341563393;1.0970480353924446;1.0971270387375622;0.7597511482564031;-0.1257870551860448;0.7701241087839377
61.136929;1.094026773392428;0.8332272256297957;0.7616730076844407;0.1234730730554041;0.1128780141403752;1.0968525898741488;10.000434617209791;0.8335463717597325;1.0970470876217309;1.0971271359920711;0.7597509509965054;-0.12578705671277435;0.7701250933202495
61.146929;1.0940273150162798;0.8332277245502658;0.7616747509458158;0.12347330258331021;0.1128778909441266;1.0968511210958702;10.000427536379387;0.8335495432814803;1.097046215775309;1.0971271840937042;0.7597506983269036;-0.12578705823493647;0.7701260729650262
61.156929;1.094027772604991;0.833228282582271;0.7616764701075189;0.12347354200624415;0.11287776261426108;1.0968496563159325;10.00042018622572;0.8335526472834243;1.0970453997554566;1.0971271771262054;0.7597503834873315;-0.12578705975249846;0.7701270422009255
61.166929;1.0940281590633611;0.8332289133152879;0.7616781588566537;0.12347378976189917;0.11287762961833875;1.0968482071459318;10.000412514089565;0.8335556825087336;1.0970446188100214;1.0971271126104938;0.7597500027597123;-0.12578706126465605;0.7701279948988189
61.176929;1.0940284875399298;0.8332296275174487;0.7616798104445667;0.12347404485975061;0.11287749242236754;1.0968467854478978;10.000404487247327;0.8335586482074033;1.097043853750114;1.0971269901242229;0.7597495576407663;-0.12578706276992302;0.7701289261939765
61.186929;1.0940287709803793;0.8332304332420337;0.7616814186745287;0.12347430691766226;0.1128773515217127;1.0968454046255691;10.000396074999852;0.8335615448958068;1.0970430877238277;1.0971268098126743;0.7597490548137026;-0.12578706426642713;0.7701298333349855
61.196929;1.0940290207063728;0.8332313368628955;0.7616829795863201;0.12347457593728185;0.11287720751905568;1.0968440800282462;10.000387231586576;0.8335643743967179;1.0970423060158634;1.0971265711956348;0.7597485040912058;-0.12578706575182944;0.7701307144247643
61.206929;1.0940292444803423;0.8332323433654135;0.7616844927462602;0.12347485202004738;0.11287706108090718;1.0968428273994077;10.000377893304382;0.8335671387729908;1.097041496508403;1.0971262725630775;0.7597479167914256;-0.12578706722312027;0.7701315673853494
61.216929;1.094029445309526;0.8332334558554034;0.7616859605449866;0.12347513523615983;0.1128769129306053;1.096841660168297;10.000367990374981;0.833569839579207;1.0970406506108696;1.0971259106749311;0.7597473050801461;-0.1257870686767848;0.7701323905382065
61.226929;1.0940296215998115;0.8332346755930744;0.7616873865245648;0.12347542559831491;0.112876763855207;1.096840587972601;10.000357466298258;0.8335724781040885;1.0970397627062918;1.0971254802575245;0.7597466808813075;-0.12578707010900805;0.7701331836391565
61.236929;1.0940297689066936;0.8332360026286083;0.7616887749423029;0.12347572301440761;0.11287661464496192;1.096839617460095;10.000346287618264;0.8335750552781211;1.0970388282430388;1.0971249738149007;0.7597460542104995;-0.1257870715156169;0.7701339478040383
61.246929;1.0940298822645116;0.8332374363781796;0.7616901312459415;0.12347602723998773;0.11287646611894894;1.0968387536125077;10.000334442382972;0.8335775709122868;1.0970378427752807;1.0971243822945693;0.7597454327808297;-0.12578707289219004;0.7701346843124465
61.256929;1.0940299574443246;0.8332389759173383;0.7616914620838416;0.12347633789282501;0.11287631922700936;1.096838000505697;10.000321940547789;0.8335800226964672;1.0970368024350325;1.0971236962260282;0.7597448240529912;-0.12578707423446073;0.7701353937525347
61.266929;1.0940299917209195;0.8332406190829634;0.7616927749877025;0.12347665453281641;0.11287617502360277;1.096837361929184;10.00030881555495;0.8335824052335393;1.0970357045651322;1.0971229066228756;0.7597442378236916;-0.12578707553850685;0.7701360762236433
61.276929;1.0940299846861794;0.8332423615446641;0.7616940782845263;0.12347697672632442;0.1128760344970814;1.096836840657817;10.000295122514489;0.8335847102512328;1.0970345473925402;1.0971220056469746;0.7597436867664769;-0.12578707680069184;0.7701367317925463
61.286929;1.0940299378032936;0.8332441980342156;0.7616953805036801;0.12347730397266914;0.11287589843806026;1.09683643595935;10.000280930832162;0.8335869278609264;1.0970333281151823;1.0971209865976166;0.7597431851593555;-0.12578707801762706;0.7701373606645788
61.296929;1.0940298533205661;0.8332461240100199;0.7616966887875513;0.12347763550804777;0.11287576744751103;1.0968361426408662;10.000266315344337;0.8335890476045704;1.097032040756074;1.0971198430270033;0.7597427470675606;-0.125787079185889;0.7701379632437786
61.306929;1.094029734043707;0.8332481355180887;0.7616980072702306;0.12347797022333643;0.112875642008314;1.0968359533918821;10.000251358165256;0.8335910591983557;1.097030675989765;1.097118568904193;0.7597423848005181;-0.12578708030156932;0.7701385401319301
61.316929;1.0940295831116145;0.8332502277061745;0.7616993363703023;0.12347830695329812;0.11287552255891463;1.0968358620866945;10.000236156366055;0.833592953151046;1.0970292223469182;1.0971171596411509;0.7597421085366816;-0.1257870813603467;0.7701390923762942
61.326929;1.0940294029285373;0.8332523935484101;0.7617006736235181;0.12347864492552052;0.11287540952077199;1.096835865490068;10.000220815073122;0.8335947210895664;1.0970276670041073;1.0971156119620744;0.7597419267699537;-0.1257870823580534;0.7701396223146469
61.336929;1.0940291939991962;0.8332546242195499;0.7617020158641443;0.12347898388642181;0.11287530319379419;1.0968359627318576;10.000205430047775;0.8335963558626459;1.097025996445077;1.0971139236952787;0.759741846126088;-0.12578708329099497;0.770140133943845
61.346929;1.094028954657576;0.8332569106417987;0.7617033606853403;0.1234793239445927;0.11287520361367956;1.0968361536720754;10.000190084485084;0.8335978519378199;1.0970241979064288;1.0971120936709227;0.7597418703797949;-0.12578708415599615;0.77014063163564
61.356929;1.0940286818817067;0.8332592445916381;0.7617047058975349;0.12347966547635444;0.11287511053073568;1.0968364378412678;10.000174857041474;0.8335992059430551;1.0970222606080329;1.097110120232326;0.7597420005018132;-0.12578808495065982;0.7701412815506458
61.366929;1.094028372251586;0.8332616190116797;0.7617060483660419;0.12348000907294791;0.11287502349676252;1.0968368145433354;10.000159822813265;0.8336004167471303;1.0970201757228084;1.097108000223536;0.7597422363577487;-0.1257880856736991;0.7701417574442915
61.376929;1.094028021996024;0.8332640282488977;0.7617073834730491;0.12348035535413386;0.11287494208784035;1.0968372836488895;10.000145051467944;0.8336014854778573;1.097017935941847;1.0971057300317035;0.7597425780035765;-0.12578808632488744;0.7701422211328661
61.386929;1.094027626126467;0.8332664686535275;0.7617087050141645;0.12348070474387758;0.11287486622926302;1.0968378467048399;10.000130607497573;0.8336024152577114;1.0970155350917545;1.097103306670253;0.7597430252649959;-0.12578808690472237;0.7701426697308571
61.396929;1.0940271778436543;0.8332689387012516;0.7617100056350594;0.123481057390375;0.11287479630742848;1.0968385074977427;10.00011654695176;0.8336032099693387;1.0970129675174476;1.0971007279156013;0.7597435764807933;-0.1257880874141538;0.7701430989062173
61.406929;1.0940266693445073;0.8332714380915518;0.7617112780669036;0.12348141325214729;0.11287473295323856;1.096839270891317;10.000102913165447;0.8336038732465835;1.0970102273228979;1.0970979925913014;0.7597442283849509;-0.12578808785453338;0.7701435026337228
61.416929;1.094026093383133;0.8332739672784337;0.7617125160902831;0.1234817722438173;0.1128746768386614;1.0968401405162989;10.000089733892372;0.8336044088102844;1.0970073076652889;1.097095100696588;0.7597449777540609;-0.12578808822778198;0.7701438736785207
61.426929;1.094025444656094;0.8332765282557335;0.7617137141118391;0.12348213430255511;0.11287462875906472;1.0968411167792802;10.00007701232083;0.8336048210755695;1.0970042007858332;1.0970920530088408;0.759745822611748;-0.12578808853659734;0.7701442047343738
61.436929;1.094024720694023;0.833279125277515;0.7617148658904137;0.1234824993583988;0.11287458975777416;1.0968421958795378;10.000064717521722;0.8336051150066304;1.0970008990363451;1.0970888514785169;0.7597467614472497;-0.12578808878438472;0.770144489378675
61.446929;1.094023921222886;0.833281764304561;0.7617159638261075;0.12348286729644464;0.11287456098658438;1.0968433708701697;10.000052795881059;0.8336052959884352;1.0969973961976205;1.0970855003554365;0.7597477915179619;-0.12578808897483815;0.7701447221082501
61.456929;1.0940230464330511;0.8332844513596006;0.7617169996757982;0.12348323796091483;0.11287454349592091;1.0968446348107543;10.000041198374099;0.8336053702091963;1.096993688887645;1.0970820062548463;0.7597489081502888;-0.12578808911121753;0.7701448971557894
61.466929;1.094022096635076;0.8332871913290985;0.761717965583223;0.12348361121125412;0.11287453817432165;1.096845983196085;10.000029895280628;0.8336053447780256;1.096989777547439;1.0970783766799115;0.759750105574193;-0.12578808919562265;0.770145006746694
61.476929;1.0940210737244742;0.8332899878682017;0.7617188537714165;0.12348398700917267;0.1128745458028694;1.096847413835248;10.000018872875565;0.8336052273578032;1.0969856661299926;1.0970746187031624;0.7597513771961667;-0.12578808922887985;0.7701450406574899
61.486929;1.094019981828113;0.8332928430971716;0.761719655852563;0.12348436549117041;0.11287456723162095;1.096848925101903;10.000008123930812;0.8336050253392177;1.0969813615260826;1.0970707393348957;0.7597527142345113;-0.12578808921086754;0.7701449877669528
61.496929;1.0940188253882;0.8332957569588934;0.7617203635356063;0.12348474699897075;0.11287460351143283;1.096850513921352;9.999997639362046;0.833604744340568;1.0969768731603573;1.0970667460231613;0.7597541048975719;-0.12578808914081896;0.7701448381475794
61.506929;1.0940176067911944;0.8332987271525538;0.7617209698583463;0.12348513197830759;0.1128746557524189;1.0968521747870272;9.99998740601196;0.8336043871984385;1.096972211831499;1.0970626449580139;0.7597555354035135;-0.12578808901766897;0.7701445844182907
61.516929;1.0940163265783824;0.8333017494620026;0.7617214692593948;0.12348552068628763;0.112874724864922;1.096853900522958;9.999977410469686;0.833603954613776;1.0969673892124876;1.0970584389391884;0.7597569917518422;-0.12578808884048545;0.7701442212782922
61.526929;1.094014985951884;0.8333048181060909;0.7617218571559624;0.12348591294783602;0.11287481152154145;1.0968556846213273;9.9999676422676;0.8336034467073153;1.096962418439059;1.0970541279629769;0.7597584610276645;-0.12578808860886329;0.7701437431695495
61.536929;1.0940135888843554;0.8333079257042496;0.7617221303349245;0.1234863081628074;0.11287491639030173;1.0968575230331836;9.999958089117806;0.8336028640781954;1.0969573136057924;1.0970497111168338;0.7597599315253961;-0.12578808832290442;0.7701431430358461
61.546929;1.094012142114222;0.8333110629685292;0.7617222875794022;0.12348670538765405;0.11287504032969196;1.09685941257594;9.99994873050379;0.8336022075081836;1.0969520891462283;1.0970451873695772;0.7597613917700816;-0.12578808798275154;0.7701424139772151
61.556929;1.094010653998434;0.8333142191990348;0.7617223293422468;0.12348710337220777;0.11287518433808819;1.0968613479273588;9.99993954793251;0.8336014773227407;1.096946760457311;1.097040556593751;0.7597628300492248;-0.12578808758836957;0.7701415511346438
61.566929;1.0940091335888742;0.8333173834654148;0.7617222565856111;0.12348750062027096;0.11287534934742782;1.0968633217073238;9.999930544981806;0.8336006739979148;1.0969413436015558;1.097035821071733;0.7597642357313178;-0.12578808713979592;0.7701405518304553
61.576929;1.0940075889390495;0.8333205452887877;0.7617220696045015;0.12348789547189433;0.11287553606687324;1.0968653269429696;9.999921749889268;0.8335997988628708;1.096935854670669;1.097030985762827;0.7597656005485648;-0.1257880866373472;0.7701394153579926
61.586929;1.094006024976791;0.833323694607396;0.7617217674780228;0.12348828623019537;0.11287574502427149;1.0968673582302022;9.99991320490847;0.8335988537459211;1.0969303109274688;1.0970260577418829;0.7597669177054877;-0.12578808608149555;0.7701381432441534
61.596929;1.094004443623801;0.8333268216317342;0.7617213486575007;0.12348867138889788;0.11287597670408413;1.0968694110381623;9.99990496346118;0.8335978410691381;1.096924731574878;1.0970210449958362;0.7597681805152655;-0.12578808547276804;0.7701367391229633
61.606929;1.0940028455247024;0.8333299168967891;0.7617208123595948;0.1234890498338022;0.11287623159267758;1.0968714805423438;9.999897082089008;0.8335967645273061;1.0969191367561197;1.0970159551739807;0.7597693827299419;-0.12578808481180823;0.770135207427908
61.616929;1.094001230895311;0.833332971405257;0.7617201595188988;0.12348942086396715;0.11287651009900122;1.0968735605186228;9.999889600725469;0.8335956285730164;1.0969135468067392;1.0970107964340092;0.7597705189774194;-0.12578808409910885;0.7701335517218347
61.626929;1.0939995993230007;0.833335976725855;0.7617193928194499;0.1234897841181502;0.11287681241241462;1.096875642581355;9.999882543279798;0.833594436746764;1.0969079823179153;1.097005578277584;0.7597715837134822;-0.12578808333453784;0.7701317747027199
61.636929;1.0939979493166294;0.8333389246141688;0.7617185165079995;0.12349013946433447;0.11287713838712729;1.0968777165532855;9.999875941489188;0.8335931904227695;1.0969024634588311;1.0970003098953676;0.7597725700076813;-0.1257880825174907;0.7701298794052872
61.646929;1.09399627878827;0.8333418060999597;0.7617175360953485;0.12349048684974341;0.11287748756600649;1.096879771706793;9.99986985114479;0.8335918888266081;1.0968970087074341;1.0969949995996493;0.759773469265994;-0.1257880816476728;0.7701278692266371
61.656929;1.0939945863990677;0.8333446116305279;0.7617164579720805;0.12349082627798608;0.11287785933181523;1.0968817972681923;9.999864350142074;0.8335905300315708;1.0968916348207454;1.0969896569258708;0.7597742723966275;-0.12578808072552963;0.7701257467582717
61.666929;1.0939928716470313;0.833347332707524;0.761715289611554;0.12349115785870367;0.11287825300513962;1.0968837819063757;9.999859526220268;0.8335891117673018;1.0968863574538983;1.0969842937280914;0.759774972417749;-0.1257880797521277;0.7701235130740841
61.676929;1.0939911335151236;0.833349962152412;0.7617140397735085;0.12349148174576537;0.11287866781871722;1.0968857139860868;9.999855467010429;0.8335876311996636;1.0968811905782898;1.0969789230949416;0.7597755659933467;-0.12578807872922812;0.7701211679015664
61.686929;1.093989369780429;0.8333524926248191;0.7617127178765067;0.12349179810305749;0.11287910286902829;1.096887583862474;9.99985226064065;0.8335860849421725;1.096876145684448;1.0969735584094296;0.7597760526057764;-0.12578807765949082;0.7701187095611063
61.696929;1.0939875775966699;0.833354916597669;0.7617113334295658;0.12349210719929893;0.11287955712091706;1.0968893864987816;9.999849999394163;0.8335844703360022;1.0968712318918736;1.0969682140188595;0.7597764334911348;-0.12578807654616694;0.770116134468069
61.706929;1.093985753814419;0.8333568835608289;0.7617095826057516;0.12349357542365526;0.11288109523924945;1.0968911214229282;9.999848773436687;0.8335827864435603;1.0968664557520054;1.096962905993231;0.7597767110212192;-0.12578807539260264;0.7701134374144375
61.716929;1.0939838945068048;0.8333590744317453;0.761708106119149;0.12349387181470005;0.11288158458243955;1.096892789916391;9.999848654798722;0.833581033307768;1.09686182068828;1.0969576510620425;0.759776887653279;-0.12578807420215746;0.7701106124252232
61.726929;1.0939819951573233;0.8333611388433476;0.7617066036967136;0.12349416322328656;0.11288208974611365;1.0968943923077406;9.999849686216873;0.8335792100679444;1.0968573279046183;1.0969524645900062;0.759776965602671;-0.12578807297841274;0.7701076534402554
61.736929;1.0939800519862468;0.8333630702091189;0.7617050901171413;0.1234944506735338;0.11288260939535985;1.096895927934564;9.999851880576145;0.8335773141666594;1.096852978815216;1.096947359205175;0.7597769478241184;-0.12578807172537895;0.770104555537183
61.746929;1.0939780636717775;0.8333648621168223;0.7617035809280152;0.12349473514335958;0.11288314192385393;1.0968973969672842;9.999855218861786;0.8335753431171445;1.09684877637715;1.0969423441446666;0.7597768381030575;-0.12578807044736304;0.7701013164691684
61.756929;1.0939760319448804;0.8333665083043924;0.7617020911343867;0.12349501731874163;0.11288368550024669;1.0968988005824278;9.999859647753002;0.8335732967141364;1.0968447241606876;1.0969374248786181;0.7597766397124982;-0.12578806914846835;0.7700979370055597
61.766929;1.0939739594929374;0.8333680030417944;0.7617006330510064;0.12349529739189163;0.11288423829763328;1.0969011382482516;9.9998650885955;0.8335711769517716;1.0968408252420456;1.0969326045516723;0.7597763547743853;-0.12578806783241184;0.7700944200036508
61.776929;1.0939718472491244;0.8333693416579655;0.7616992156525678;0.12349557514870593;0.11288479868255606;1.096902405573981;9.999871448736355;0.8335689864909721;1.0968370821192872;1.096927887473177;0.759775984883695;-0.1257880665028778;0.7700907692229597
61.786929;1.0939696940931092;0.8333705209810869;0.7616978459178216;0.12349585024942043;0.11288536522221607;1.0969035961969655;9.999878629721243;0.833566727803026;1.0968334970144769;1.096923280986933;0.7597755316923588;-0.12578806516379337;0.7700869880980459
61.796929;1.0939674987274122;0.833371540192657;0.7616965306950056;0.12349612251661676;0.112885936572887;1.0969047054928165;9.999886536549162;0.8335644036441705;1.0968300723304774;1.0969187944889642;0.7597749969526819;-0.12578806381926835;0.7700830785729776
61.806929;1.0939652619968727;0.8333724016509115;0.7616952770509174;0.12349639211355666;0.11288651138845254;1.0969057322398104;9.999895076321684;0.8335620181301766;1.0968268106344274;1.0969144380469635;0.7597743822172786;-0.12578806247347676;0.7700790410879329
61.816929;1.0939629870454655;0.8333731101512183;0.7616940905387725;0.1234966594870917;0.11288708832667836;1.096906678857708;9.9999041499663;0.8335595766302117;1.0968237137404593;1.096910222250389;0.7597736880054634;-0.12578806113063976;0.7700748759703976
61.826929;1.0939606768876209;0.8333736712437211;0.7616929736082876;0.1234969251541969;0.11288766611254752;1.0969075508783601;9.999913656038045;0.8335570847343049;1.0968207821132636;1.0969061588006832;0.7597729129235385;-0.1257880597948962;0.7700705846657974
61.836929;1.0939583333457619;0.8333740906731726;0.7616919261050218;0.1234971896386796;0.11288824365038773;1.0969083547421026;9.999923495425808;0.8335545482507831;1.0968180153824272;1.0969022603159198;0.7597720540000554;-0.12578805847001634;0.7700661697961191
61.846929;1.093955958361706;0.8333743746758945;0.761690946517211;0.12349745354909698;0.11288882008102703;1.0969090961863186;9.99993356392535;0.8335519737829192;1.0968154133177885;1.0968985396347135;0.7597711079107532;-0.12578805715930597;0.7700616350536478
61.856929;1.0939535544077208;0.8333745296748553;0.7616900324399539;0.12349771755504482;0.11288939466813143;1.0969097816757822;9.999943750171724;0.8335493688142993;1.0968129765915229;1.0968950101069297;0.7597700718390888;-0.12578805586576042;0.7700569861601927
61.866929;1.0939511240485913;0.8333745615378793;0.7616891806936416;0.123497982288496;0.1128899667267839;1.0969104207254923;9.999953944234202;0.8335467413659652;1.0968107069534918;1.096891686027805;0.7597689443704991;-0.125788054592225;0.7700522317037384
61.876929;1.0939486704164594;0.8333744754675491;0.7616883878312399;0.12349824835362787;0.1128905356984093;1.0969110250741736;9.99996403766878;0.8335440995587693;1.0968086067224783;1.0968885816030456;0.7597677264035572;-0.12578805334122484;0.7700473819611606
61.886929;1.0939461978064078;0.8333742764566249;0.7616876511092667;0.12349851642538255;0.11289110114688745;1.0969116046763405;9.999973918292044;0.8335414519318153;1.0968066781048817;1.096885709208594;0.7597664206379241;-0.12578805211450955;0.7700424469913841
61.896929;1.0939437121305764;0.8333739693949804;0.7616869690882517;0.12349878726362111;0.11289166269173513;1.096912164898422;9.99998347631543;0.8335388081767555;1.0968049231002215;1.0968830788317478;0.7597650300094786;-0.1257880509130743;0.770037436264479
61.906929;1.0939412215542612;0.8333735590099135;0.7616863416568529;0.12349906159875246;0.11289222010233055;1.0969127067276607;9.999992613433037;0.8335361786891828;1.0968033441571003;1.0968806991506854;0.7597635571620082;-0.1257880497378529;0.7700323594212666
61.916929;1.0939387357556243;0.8333730500177832;0.7616857702609711;0.12349933995042088;0.11289277342207892;1.0969132276453197;10.000001248836888;0.8335335727821342;1.0968019451456397;1.0968785790941904;0.7597620054027621;-0.12578804859009715;0.7700272269315606
61.926929;1.0939362631741332;0.8333724471000781;0.761685257690634;0.12349962247834484;0.11289332281679398;1.09691372240711;10.00000933040735;0.8335309971224586;1.09680073169961;1.0968767281457583;0.7597603791271713;-0.12578804747112893;0.7700220501067727
61.936929;1.093933809010027;0.8333717550086771;0.7616848070026268;0.1234999088779019;0.1128938682903045;1.0969141841846843;10.000016846029979;0.8335284553030959;1.0967997102165927;1.0968751542877413;0.7597586832408317;-0.12578804638223662;0.7700168402997534
61.946929;1.0939313758947986;0.8333709786161259;0.761684421253896;0.12350019828986222;0.11289440963686082;1.0969146050452476;10.000023824743668;0.8335259481485492;1.0967988868742842;1.0968738608330968;0.759756923294084;-0.12578804532472027;0.7700116083257709
61.956929;1.093928965561799;0.8333701223776693;0.761684104235556;0.12350048940619505;0.11289494661527916;1.0969149760050205;10.000030325430902;0.8335234746561354;1.0967982677036383;1.096872844786478;0.7597551056303018;-0.1257880442995873;0.77000636473565
61.966929;1.093926580573097;0.8333691902876417;0.7616838604834212;0.12350078073689379;0.11289547907896261;1.0969152882846487;10.000036417453929;0.8335210330323288;1.096797858120271;1.096872098365332;0.7597532362052328;-0.12578804330711288;0.7700011194218501
61.976929;1.093924226247946;0.8333681861621701;0.761683694755959;0.12350107071992204;0.1128960069849166;1.0969155350606625;10.000042161286382;0.8335186209706289;1.0967976619587385;1.0968716126139857;0.7597513194761385;-0.12578804234660398;0.7699958800931218
61.986929;1.0939219112132863;0.8333671134206765;0.7616836118860444;0.1235013577129295;0.11289653035684828;1.0969157119523;10.000047591805632;0.8335162358664853;1.0967976819241791;1.0968713791791012;0.7597493584188629;-0.12578804141650327;0.7699906516291339
61.996929;1.0939196466379222;0.8333659759683313;0.7616836160272228;0.12350164006156902;0.11289704914535367;1.096915816360103;10.000052707342965;0.8335138757053567;1.096797920213963;1.0968713887929182;0.7597473548191397;-0.12578804051482548;0.7699854371678553
62.006929;1.0939174458402547;0.833364779643113;0.7616837093899004;0.12350191615531257;0.11289756301525398;1.0969158466666526;10.000057478824454;0.8335115397927845;1.0967983775894914;1.0968716294876035;0.7597453096082211;-0.1257880396396331;0.7699802395500417
62.016929;1.0939153234778816;0.8333635316070043;0.7616838922597735;0.1235021844183296;0.1128980713260574;1.0969158024197352;10.000061881654638;0.8335092285081815;1.0967990529339917;1.0968720865815087;0.7597432239713398;-0.12578803878925376;0.7699750619905317
62.026929;1.0939132939521943;0.833362238911761;0.761684164063732;0.12350244341854852;0.1128985732805548;1.0969156851338977;10.000065920225044;0.8335069428992833;1.0967999448295425;1.0968727437161;0.7597411006550943;-0.12578903796204519;0.7699700712869003
62.036929;1.0939113703479095;0.8333609081482056;0.7616845239046843;0.12350269205976774;0.1128990679835743;1.096915498153878;10.000069624783073;0.8335046845173492;1.0968010530281378;1.096873583738159;0.7597389441101545;-0.12578903715588494;0.7699649438579963
62.046929;1.0939095636661138;0.8333595452573547;0.761684970375893;0.12350292960159884;0.11289955444525003;1.0969152464023837;10.000073035830535;0.8335024547174439;1.0968023774851785;1.0968745893709029;0.7597367595549945;-0.1257890363679843;0.7699598453140074
62.056929;1.0939078818466914;0.8333581552876123;0.7616855014231401;0.12350315558105367;0.1129000316832615;1.096914937227556;10.000076188197434;0.8335002546849921;1.0968039155403966;1.0968757435991052;0.7597345520113168;-0.12578903559517332;0.7699547772225057
62.066929;1.0939063287085449;0.833356742341819;0.7616861148711187;0.1235033697918383;0.11290049888984331;1.096914580859426;10.000079102765163;0.8334980873941714;1.0968056603729714;1.0968770288058156;0.7597323258787063;-0.12578903483439277;0.7699497411050303
62.076929;1.093904903314082;0.8333553093102736;0.7616868089432691;0.12350357217146538;0.11290095549967415;1.0969141892384242;10.000081794467706;0.8334959587504791;1.0968076027642535;1.0968784259500568;0.7597300853303423;-0.12578903408334535;0.7699447393850116
62.086929;1.0939036010653842;0.8333538580396611;0.7616875816548361;0.1235037626563476;0.11290140108382013;1.0969137746009723;10.000084281068283;0.8334938757803516;1.0968097339900533;1.096879915371;0.759727835484113;-0.1257890333410821;0.7699397760076817
62.096929;1.0939024157248733;0.8333523898430185;0.7616884302435367;0.12350394128862967;0.1129018351975318;1.0969133490375136;10.0000865821649;0.8334918441975879;1.0968120470280767;1.0968814775555278;0.7597255831857235;-0.1257890326080395;0.7699348560024994
62.106929;1.0939013403797504;0.8333509056715308;0.761689351417518;0.12350410839666437;0.11290225734500799;1.0969129239457225;10.000088722461069;0.8334898679016812;1.0968145364897324;1.0968830932642175;0.7597233368030436;-0.12578903188555712;0.7699299842177536
62.116929;1.093900368272754;0.8333494064846402;0.7616903410235824;0.12350426449229276;0.11290266707589826;1.0969125089028469;10.000090740564106;0.833487949647659;1.0968171978627155;1.096884744539469;0.7597211060063113;-0.12578903117533294;0.7699251644825724
62.126929;1.0938994943722486;0.8333478935859392;0.7616913934853379;0.12350440998520779;0.11290306407881491;1.0969121112303326;10.00009269216263;0.8334860912606481;1.096820025796245;1.0968864159445542;0.7597189013942175;-0.1257890304789645;0.7699203995943388
62.136929;1.0938987160249456;0.8333463679899885;0.7616925025223952;0.12350454500122943;0.11290344813082359;1.0969117364071024;10.000094644109883;0.8334842940482531;1.0968230130864236;1.0968880938733327;0.7597167325986344;-0.12578902979778378;0.769915691581662
62.146929;1.0938980323370735;0.8333448292068206;0.7616936626103166;0.12350466938270137;0.1129038189034783;1.0969113885387083;10.000096664788833;0.8334825603854455;1.096826151773772;1.0968897649622782;0.7597146058107617;-0.12578902913310747;0.7699110422839928
62.156929;1.0938974434688247;0.8333432750551136;0.7616948692564125;0.12350478279538929;0.11290417583736827;1.096911071139704;10.000098824474225;0.8334808945583756;1.0968294345281444;1.096891416865201;0.759712523337449;-0.12578902848646192;0.7699064535015069
62.166929;1.0938969498812943;0.8333417031213284;0.7616961177974265;0.12350488482073738;0.11290451830931539;1.0969107885342622;10.000101203893998;0.8334793013833702;1.0968328541551002;1.0968930406990123;0.7597104848904354;-0.12578902785957202;0.7699019259519738
62.176929;1.0938965517780466;0.8333401123392008;0.7616974026874224;0.1235049749962066;0.11290484597106444;1.096910546725414;10.000103892012106;0.8334777851858409;1.096836402127938;1.0968946321169935;0.7597084888152783;-0.12578902725419144;0.7698974586710625
62.186929;1.0938962493223965;0.833338503633342;0.7616987180308625;0.12350505286102265;0.11290515894838106;1.096910352879064;10.000106973644373;0.8334763503618343;1.0968400681243065;1.0968961908135206;0.7597065338681367;-0.12578902667169223;0.7698930495086759
62.196929;1.0938960429592064;0.8333368798041939;0.7617000582962021;0.12350511803136066;0.11290545779893005;1.0969102143324223;10.000110522774477;0.8334750008770917;1.0968438406893692;1.0968977190790097;0.7597046214811514;-0.1257890261127159;0.7698886954175979
62.206929;1.0938959324115076;0.8333352445804476;0.7617014189433697;0.1235051703477102;0.11290574333215647;1.0969101380261426;10.000114599532843;0.8334737385060815;1.0968477082898005;1.096899219393419;0.7597027562661989;-0.12578902557720384;0.7698843929088429
62.216929;1.0938959143782636;0.8333336015552724;0.7617027968182177;0.12350520996437148;0.11290601644154365;1.0969101304222593;10.000119246075023;0.8334725623209442;1.0968516599691296;1.0969006924284255;0.7597009445306151;-0.12578902506449927;0.7698801391995284
62.226929;1.0938959823394712;0.8333319541096501;0.7617041897728689;0.12350523710189647;0.11290627800513162;1.0969101972981443;10.000124493984334;0.8334714699638893;1.0968556848684832;1.0969021369620755;0.7596991928623777;-0.12578902457318086;0.7698759330107293
62.236929;1.0938961294657648;0.8333303058886378;0.7617055961621624;0.12350525163663215;0.11290652877764613;1.096910342715493;10.00013038040867;0.8334704594166951;1.0968597709433905;1.0969035509271554;0.7596975078114578;-0.12578902410084247;0.7698717742849308
62.246929;1.093896350016968;0.8333286606458908;0.7617070148977555;0.12350525292281345;0.1129067692948021;1.096910567937351;10.000136950220234;0.8334695297169912;1.0968639039087715;1.0969049321602475;0.7596958958753521;-0.12578902364413438;0.7698676633465484
62.256929;1.0938975976417926;0.8333277839282446;0.7617084746337383;0.12350513283670285;0.11290680299862108;1.0969108716725027;10.000144239540587;0.8334686803531077;1.0968680677273182;1.096906279427637;0.7596943632432985;-0.12578902319903643;0.7698636008855767
62.266929;1.0938979487593732;0.8333261520376338;0.7617099165173158;0.12350510471477102;0.11290702401083098;1.0969112512388028;10.000152260277341;0.8334679107378906;1.0968722469813932;1.0969075944647604;0.7596929157772377;-0.12578902276126017;0.7698595887451518
62.276929;1.093898358118574;0.8333245280222172;0.7617113690917264;0.12350506098935705;0.11290723571481129;1.0969117031182276;10.000161006245973;0.833467220283099;1.0968764297432694;1.096908883683315;0.7596915586910438;-0.12578902232693817;0.7698556299697948
62.286929;1.0938988217684718;0.8333229117328415;0.7617128323155204;0.12350500159506969;0.11290743832684556;1.0969122225820225;10.000170480147462;0.8334666088296195;1.0968806091446395;1.0969101579157896;0.7596902957420864;-0.12578902189342556;0.7698517281733965
62.296929;1.093899336941966;0.8333213034493786;0.7617143073042305;0.12350492648098936;0.11290763191926449;1.0969128026102901;10.00018071479743;0.8334660772984321;1.0968847823915688;1.0969114303327592;0.7596891295118193;-0.1257890214596429;0.7698478871436094
62.306929;1.093899903289568;0.8333197050747285;0.7617157962162148;0.12350483536002925;0.11290781651824373;1.0969134328634729;10.00019176680826;0.833465627570645;1.0968889486916518;1.0969127142523691;0.759688062368161;-0.12578902102589445;0.7698441106218508
62.316929;1.0939005228462348;0.8333181196400354;0.7617173020516693;0.12350472778635879;0.11290799230993283;1.096914100543519;10.000203696361606;0.833465261481982;1.096893108654445;1.0969140215992568;0.7596870961204454;-0.1257890205932688;0.7698404025859003
62.326929;1.0939011988412501;0.833316549336245;0.7617188284188915;0.12350460346288275;0.11290815968806597;1.0969147921088886;10.000216555344172;0.8334649806252696;1.0968972646969508;1.0969153614947504;0.7596862310844432;-0.1257890201626956;0.7698367675130577
62.336929;1.093901934358812;0.8333149945582036;0.7617203793206402;0.12350446248877789;0.1129083190246986;1.0969154932907406;10.00023038188214;0.833464787449282;1.0969014208606551;1.096916739744644;0.7596854664340684;-0.1257890197342355;0.7698332091315402
62.346929;1.0939027320552448;0.8333134545833399;0.7617219586678161;0.1235043054181901;0.11290847049106569;1.0969161890541843;10.00024519368668;0.8334646858382397;1.0969055820656217;1.096918159200821;0.7596848009651702;-0.12578901930705053;0.7698297292225428
62.356929;1.093903595059298;0.8333119284721887;0.7617235702746566;0.12350413317318533;0.11290861415440469;1.0969168648814527;10.000260984744465;0.8334646801603669;1.0969097536992343;1.0969196195987008;0.7596842322886219;-0.12578901887980945;0.769826328532913
62.366929;1.093904527203353;0.8333104150338232;0.761725219526876;0.1235039468369601;0.11290875008536982;1.0969175072881363;10.000277729105658;0.8334647737877818;1.0969139413435547;1.0969211177288998;0.7596837552295879;-0.12578901845114787;0.7698230079891765
62.376929;1.0939055320804925;0.8333089120087437;0.761726914516294;0.12350374744421141;0.11290887832782935;1.0969181033092155;10.00029538755577;0.8334649681036624;1.0969181498657266;1.096922648972971;0.7596833617361284;-0.12578901802006162;0.7698197687050548
62.386929;1.09390661186419;0.8333070720739473;0.7617283506584395;0.12350470182189198;0.11291006462982531;1.0969186401827986;10.000313908195272;0.8334652627129977;1.0969223828262418;1.0969242087958488;0.7596830421067473;-0.12578901758617683;0.769816612238056
62.396929;1.09390776638518;0.8333055781905641;0.761730165646548;0.12350447916692775;0.11291017736412037;1.0969191058486243;10.000333221712404;0.8334656561774623;1.0969266433245364;1.096925792979257;0.7596827858155972;-0.12578901714988883;0.7698135415275537
62.406929;1.093908993373257;0.8333040818434856;0.7617320535086952;0.1235042464436224;0.1129102821211534;1.0969194902177652;10.00035324659482;0.8334661454793618;1.0969309355027568;1.0969273975700289;0.759682581994605;-0.1257890167123446;0.7698105609313255
62.416929;1.093910290101266;0.8333025779030887;0.7617340216610884;0.12350400484304738;0.11291037880067717;1.0969197852946864;10.000373903507747;0.8334667253701775;1.0969352645171193;1.096929019650388;0.7596824204383821;-0.12578901627534442;0.7698076748077116
62.426929;1.0939116548797831;0.8333010606042449;0.761736077390244;0.12350375551220694;0.11291046757563533;1.0969199840094572;10.0003951221464;0.8334673890240264;1.096939634469275;1.0969306576633888;0.7596822927380849;-0.12578901584096713;0.7698048858435642
62.436929;1.093913086655227;0.8332995231243636;0.7617382278524776;0.12350349954223196;0.1129105489308732;1.096920080502793;10.000416836634503;0.8334681285805615;1.096944047872013;1.09693231021222;0.7596821923655717;-0.12578901541068416;0.7698021941999434
62.446929;1.093914583368091;0.8332979580662577;0.7617404792385724;0.12350323811426611;0.1129106235740149;1.0969200720116525;10.000438980468315;0.8334689351734552;1.0969485075380123;1.096933974825902;0.759682113973446;-0.12578901498485354;0.7697995977108455
62.456929;1.0939161415961074;0.8332963591563975;0.7617428357647131;0.12350297245715727;0.11291069230189553;1.0969199601275212;10.000461492711443;0.8334697991033804;1.0969530167959978;1.0969356480373775;0.759682053639548;-0.1257890145631645;0.7697970933118896
62.466929;1.0939177576090025;0.8332947225756626;0.7617452989894478;0.1235027037038963;0.11291075580707534;1.0969197508646995;10.000484326770426;0.8334707103249761;1.0969575777395595;1.0969373263066096;0.7596820096685014;-0.1257890141451209;0.7697946787115176
62.476929;1.093919427644833;0.8332930462690296;0.7617478679569768;0.12350243289395602;0.11291081454361458;1.0969194540941463;10.000507442400242;0.8334716592997546;1.0969621901810567;1.096939007318319;0.7596819817940346;-0.1257890137301611;0.7697923527569288
62.486929;1.0939211471607786;0.8332913281320473;0.7617505404757476;0.12350216098845716;0.1129108687511039;1.096919082042844;10.000530790299564;0.8334726376528532;1.0969668513664972;1.0969406913533362;0.7596819689947539;-0.12578901331779513;0.7697901152675993
62.496929;1.0939229110653101;0.833289565667939;0.7617533145415349;0.12350188886722804;0.11291091846386506;1.0969186468055827;10.00055431524449;0.8334736382677815;1.0969715569050908;1.0969423811674013;0.7596819680852466;-0.12578901290779876;0.7697879671788828
62.506929;1.0939247152817142;0.8332877573184527;0.7617561887806947;0.12350161740216638;0.11291096340066281;1.096918158477749;10.000577973577938;0.8334746554169019;1.0969763026785282;1.0969440799395145;0.7596819740426655;-0.12578901250030494;0.7697859097841657
62.516929;1.0939265576655994;0.8332859031624418;0.7617591618943195;0.12350134756176406;0.11291100301961043;1.0969176247516235;10.000601735960217;0.8334756847428691;1.0969810846328238;1.0969457898938146;0.7596819812969732;-0.12578901209582036;0.7697839431870541
62.526929;1.093928437773606;0.8332840039478304;0.7617622321788841;0.12350108052306705;0.11291103683338286;1.096917050911657;10.000625563796996;0.8334767219020178;1.0969858971565882;1.096947513354432;0.7596819848301999;-0.12578901169514645;0.7697820661753435
62.536929;1.093930356357108;0.8332820595597522;0.7617653977395484;0.12350081766663987;0.11291106457042402;1.0969164400416753;10.000649386195555;0.8334777611449906;1.096990733557853;1.0969492540448116;0.7596819803929442;-0.12578901129903344;0.769780278036992
62.546929;1.0939323143435538;0.8332800688367107;0.7617686558990151;0.1235005602938588;0.11291108606959367;1.0969157938351375;10.000673107074485;0.8334787958014479;1.0969955879460624;1.0969510161408786;0.759681963710907;-0.12578901090778166;0.7697785801573305
62.556929;1.0939343120724747;0.8332780310578853;0.7617720018992444;0.12350030932236541;0.1129111012495594;1.0969151133217871;10.000696628553172;0.8334798190831479;1.0970004562075923;1.0969528029255804;0.7596819293951494;-0.1257890105213735;0.7697769755501002
62.566929;1.0939363507609565;0.8332759471686647;0.7617754293258515;0.12350006530912849;0.11291111019886603;1.0969143989818328;10.000719865791067;0.8334808234831584;1.0970053359535152;1.0969546175348666;0.7596818708236991;-0.1257890101400151;0.7697754669384612
62.576929;1.0939384343826906;0.833273819831267;0.7617789317514655;0.12349982863023372;0.11291111315663908;1.0969136509788027;10.000742754221159;0.8334817997173615;1.097010225960765;1.0969564641242018;0.7596817814717916;-0.12578900976428942;0.7697740555591215
62.586929;1.093940568377103;0.8332716529667753;0.7617825033761758;0.1234995995093297;0.11291111039370132;1.0969128701193607;10.000765250628472;0.8334827365995854;1.097015125120588;1.0969583471682713;0.7596816565411594;-0.1257890093947778;0.7697727414138007
62.596929;1.0939427570304732;0.8332694505281634;0.7617861389827596;0.1234993779694008;0.11291110218089434;1.0969120581730036;10.000787328770109;0.833483621924271;1.097020031690054;1.0969602695983482;0.7596814935235302;-0.12578900903163243;0.7697715234945287
62.606929;1.0939450030805902;0.8332672146964912;0.7617898343405849;0.12349916381843276;0.11291108881692014;1.0969112166677082;10.00080897928793;0.8334844435534003;1.0970249433880295;1.0969622318746428;0.7596812917673376;-0.12578900867419932;0.7697703997027601
62.616929;1.0939473077391824;0.8332649455066685;0.7617935866388935;0.12349895661968076;0.11291107053763078;1.0969103455378586;10.000830204833418;0.8334851906138572;1.0970298572921466;1.0969642326175266;0.7596810517740014;-0.12578900832071224;0.7697693676291524
62.626929;1.0939496691765058;0.8332626424045868;0.7617973942697275;0.12349875568208667;0.11291104742167296;1.0969094428001647;10.000851000033162;0.8334858546759396;1.0970347690721505;1.096966269468807;0.7596807744708606;-0.1257890079685382;0.7697684251068881
62.636929;1.093952081883967;0.833260305798489;0.7618012561209925;0.12349856011613536;0.11291101952926477;1.096908506259493;10.000871340548626;0.8334864302124444;1.0970396720725257;1.0969683398324768;0.7596804604477888;-0.12578900761495707;0.7697675692582165
62.646929;1.0939545374400577;0.8332579371396871;0.7618051706205269;0.12349836894973572;0.11291098705875645;1.0969075362575937;10.00089119105583;0.8334869146020506;1.0970445571746132;1.0969704422831554;0.759680109670792;-0.12578900725781292;0.7697667954725962
62.656929;1.0939570250112383;0.8332555380118883;0.7618091347654402;0.12349818121123207;0.11291095023799468;1.0969065355904315;10.000910509959688;0.8334873078644505;1.0970494137803761;1.0969725772007057;0.7596797219951198;-0.12578900689569356;0.7697660968334549
62.666929;1.0939595324804334;0.8332531097465715;0.7618131438981938;0.12349799586421611;0.11291090921162815;1.096905507099851;10.000929247521448;0.8334876119351637;1.097054230884185;1.096974745750197;0.7596792976231755;-0.1257890065277546;0.7697654637007851
62.676929;1.0939620486769333;0.8332506540750647;0.7618171924938917;0.12349781180210258;0.11291086414463546;1.09690445291446;10.000947341552552;0.8334878300118229;1.0970589984461057;1.0969769497926884;0.7596788371135987;-0.12578900615349822;0.7697648845973467
62.686929;1.0939645642359024;0.8332481736026998;0.7618212750537786;0.12349762810000559;0.11291081530084389;1.0969033749414718;10.000964711425231;0.833487965665367;1.0970637097295939;1.0969791930564026;0.7596783413153828;-0.1257890057727589;0.7697643478196327
62.696929;1.093967069708484;0.8332456713781037;0.761825386355169;0.12349744422145714;0.11291076298434986;1.0969022746515977;10.00098126414151;0.8334880213734833;1.0970683626041517;1.096981480989323;0.7596778111414518;-0.12578900538579016;0.7697638423568784
62.706929;1.0939695536318703;0.8332431511806643;0.7618295213355039;0.12349725989761953;0.11291070740916911;1.0969011529979005;10.000996908222028;0.8334879977870405;1.0970729580987808;1.0969838192605588;0.7596772473507183;-0.12578900499324028;0.7697633585897147
62.716929;1.093972003045389;0.8332406190304708;0.7618336752347852;0.1234970749175302;0.1129106484796805;1.096900011266778;10.001011559678664;0.8334878943581604;1.097077497954202;1.0969862125038448;0.759676650894217;-0.12578900459601108;0.769762888778852
62.726929;1.0939744051237874;0.8332380828856867;0.761837843873444;0.12349688913425298;0.11291058564698352;1.0968988519832035;10.001025142100692;0.8334877103012363;1.0970819824694598;1.0969886639726116;0.7596760235188259;-0.12578900419514544;0.7697624268058896
62.736929;1.0939767481163536;0.8332355499730969;0.7618420234673823;0.12349670251381997;0.11291051806970177;1.0968976793055123;10.00103757896535;0.8334874453256675;1.0970864077033151;1.0969911760415698;0.7596753675660942;-0.1257890037916316;0.7697619671479371
62.746929;1.0939790212352845;0.8332330254567764;0.7618462101856858;0.1234965150219723;0.11291044497857256;1.0968964989320789;10.001048779543037;0.8334871003522383;1.0970907635992042;1.0969937508798648;0.7596746851957945;-0.12578900338620166;0.7697615036356297
62.756929;1.0939812139164984;0.8332305133586033;0.761850400120342;0.12349632656979878;0.1129103659478348;1.0968953175102385;10.001058636207718;0.8334866779115832;1.0970950350799702;1.0969963905745597;0.7596739782414736;-0.12578900297941406;0.7697610295063945
62.766929;1.0939833153338576;0.833228017183466;0.7618545898072517;0.12349613706669203;0.11291028096049767;1.096894142266949;10.0010670373985;0.8334861821809122;1.097099204178993;1.0969990964077212;0.7596732485533921;-0.12578900257171965;0.7697605386130875
62.776929;1.0939853148446097;0.8332255394334673;0.7618587768715491;0.12349594638911406;0.11291019035104963;1.0968929814302888;10.001073882476675;0.8334856193323198;1.0971032514199106;1.0970018677510787;0.759672498250826;-0.1257890021632135;0.7697600264648514
62.786929;1.0939872036903235;0.8332230813690803;0.7618629599806639;0.12349575436035538;0.11291009468475327;1.0968918450364253;10.001079091598342;0.8334849974678585;1.0971071565319586;1.0970047022165035;0.7596717299760656;-0.12578900175325072;0.7697594912658766
62.796929;1.0939889763385084;0.8332206437567307;0.761867137892708;0.12349556077696663;0.11290999462503827;1.096890745373691;10.00108261214282;0.8334843250508893;1.097110898864232;1.0970075975496623;0.759670947126726;-0.12578900134029447;0.769758934320453
62.806929;1.093990629450199;0.8332182277372655;0.7618713088397425;0.12349536523952241;0.11290989082689347;1.0968896961344348;10.001084419090311;0.8334836090715017;1.097114458730683;1.0970105530075116;0.7596701538257649;-0.125789000922294;0.769758359005382
62.816929;1.0939921600965508;0.8332158348618772;0.7618754709678897;0.1234951668524033;0.11290978388883675;1.0968887109130772;10.001084509226825;0.8334828541397681;1.0971178195063351;1.097013569182644;0.7596693542465802;-0.12579000049746672;0.7697579330792602
62.826929;1.0939935648522692;0.8332134669451069;0.7618796222225924;0.12349496417849512;0.11290967443012762;1.0968878022245068;10.001082891156923;0.8334820621168663;1.0971209682133778;1.0970166475929009;0.7596685514847011;-0.12579000006491575;0.769757335348055
62.836929;1.0939948390995726;0.8332111268838828;0.7618837593790395;0.12349475547259606;0.11290956316011762;1.0968869803546049;10.001079574589681;0.833481232471399;1.0971238941700858;1.0970197902802685;0.7596677473627039;-0.12578999962450074;0.7697567358360278
62.846929;1.0939959771522485;0.8332088197721833;0.7618878782022137;0.12349453894444555;0.11290945078538726;1.096886253135148;10.00107457407178;0.8334803639050271;1.0971265877527938;1.0970229993744676;0.7596669437795486;-0.12578999917595068;0.7697561415316083
62.856929;1.0939969737201143;0.8332065525126763;0.761891973941487;0.12349431298480763;0.11290933790283328;1.0968856275928742;10.001067924930483;0.8334794563493947;1.097129040869127;1.0970262778184994;0.7596661437679596;-0.12578999871803395;0.7697555589180071
62.866929;1.093997825144036;0.8332043318584618;0.7618960402050795;0.12349407629452297;0.11290922500712394;1.0968851104274173;10.001059683393533;0.8334785118247654;1.0971312485514058;1.0970296313513197;0.75966535070623;-0.1257899982485785;0.769754994967392
62.876929;1.0939985289064047;0.8332021632191307;0.7619000673573217;0.12349382788265047;0.11290911255420769;1.0968847068594811;10.001049909296212;0.8334775339488047;1.0971332100131537;1.0970330690772043;0.7596645671024653;-0.1257899977650161;0.7697544582756911
62.886929;1.0939990815406306;0.8332000510928909;0.7619040426906114;0.12349356712543713;0.11290900095596426;1.0968844204049073;10.001038657656652;0.8334765272185674;1.097134928968641;1.0970366005674983;0.7596637948154297;-0.12578999726453802;0.7697539579668442
62.896929;1.0939994774831505;0.8331979996465391;0.7619079526866113;0.12349329397163629;0.11290889044591283;1.0968842533582144;10.001025981857495;0.8334754971853083;1.097136413612055;1.097040232173179;0.7596630361892764;-0.12578999674411967;0.7697535016460759
62.906929;1.0939997115220643;0.833196013238331;0.7619117854872322;0.12349300902192759;0.11290878099630272;1.0968842071338551;10.001011935171022;0.8334744507689364;1.097137675266015;1.097043965814417;0.7596622944735804;-0.12578999620119635;0.7697530949865067
62.916929;1.0939997822714014;0.8331940965892713;0.7619155322251265;0.12349271332764211;0.11290867231362793;1.0968842827854097;10.00099657256528;0.8334733953343196;1.0971387253386773;1.0970477990430065;0.7596615734414872;-0.12578999563449184;0.7697527431818844
62.926929;1.093999692437329;0.8331922540970361;0.7619191878521546;0.12349240817901407;0.11290856368685885;1.096884481190227;10.000979948650212;0.8334723374725319;1.0971395727789361;1.0970517250601501;0.7596608775612166;-0.1257899950441684;0.769752451964054
62.936929;1.093999447088911;0.8331904896079746;0.7619227519022396;0.12349209501719752;0.11290845386704017;1.0968848019162927;10.00096211064872;0.8334712825898869;1.0971402240819301;1.0970557335865512;0.7596602129029224;-0.1257899944313828;0.7697522268321093
62.946929;1.0939990528590253;0.8331888066376152;0.7619262281687513;0.12349177530776935;0.11290834133355376;1.096885241282371;10.000943109364526;0.8334702350415496;1.0971406844511944;1.097059812161886;0.7596595875302181;-0.12578999379761557;0.7697520720977145
62.956929;1.0939985179739182;0.8331872077861688;0.7619296226176671;0.12349145040017273;0.11290822475629156;1.0968857920535262;10.000923018640282;0.8334691989667445;1.0971409579022575;1.0970639474007953;0.7596590105376468;-0.12578999314401454;0.7697519913467681
62.966929;1.0939978520641536;0.8331856943417404;0.7619329407555774;0.12349112151988126;0.11290810322166082;1.0968864455627458;10.000901926725886;0.8334681791056475;1.097141047252547;1.097068126620766;0.7596584907097388;-0.12578999247120665;0.7697519882602021
62.976929;1.0939970659555276;0.8331842671028108;0.7619361860077212;0.1234907898264824;0.11290797616506124;1.0968871933501279;10.000879907790779;0.8334671799785923;1.0971409549935058;1.0970723387992019;0.7596580366515527;-0.12578999177976616;0.7697520663497304
62.986929;1.093996171140339;0.8331829267955577;0.7619393591816594;0.12349045640438573;0.11290784318235284;1.0968880269040775;10.00085700317763;0.8334662044148627;1.0971406837116133;1.0970765745609647;0.7596576572721456;-0.1257899910706714;0.7697522285991758
62.996929;1.0939951780066548;0.8331816734139597;0.7619424587138177;0.12349012225823865;0.11290770387505804;1.0968889377551458;10.000833224891595;0.833465253911361;1.0971402360807656;1.0970808264392664;0.7596573603300337;-0.12578999034522118;0.7697524776222987
63.006929;1.0939940939000414;0.8331805058842843;0.7619454818341038;0.12348978841532837;0.11290755788835231;1.0968899184404264;10.000808576740013;0.8334643301936963;1.0971396153091708;1.0970850888812465;0.7596571505646422;-0.1257899896048502;0.7697528152688049
63.016929;1.0939929221709495;0.833179422381821;0.761948425790302;0.12348945599944973;0.1129074050874329;1.0968909619522633;10.000783072029266;0.8334634356740062;1.0971388252904444;1.0970893567803013;0.7596570295092395;-0.1257899888511914;0.7697532421521516
63.026929;1.093991662519593;0.8331784211204601;0.7619512882132026;0.12348912614044728;0.11290724567402355;1.0968920594687952;10.000756741777012;0.8334625729239741;1.0971378702957642;1.0970936232661146;0.7596569959230661;-0.1257899880860858;0.7697537582606934
63.036929;1.093990312596543;0.8331775010889888;0.761954067528053;0.12348879979912802;0.11290708022101599;1.0968931990646071;10.000729640330631;0.8334617446079429;1.0971367549118167;1.0970978786579217;0.7596570457137641;-0.12578998731149954;0.7697543636770873
63.046929;1.093988869109539;0.8331766619227351;0.7619567636290004;0.12348847767811191;0.11290690964967909;1.0968943662641155;10.000701842337401;0.8334609540388128;1.0971354843237187;1.0971021115280244;0.7596571720946186;-0.12578998652950227;0.7697550583087475
63.056929;1.0939873282239883;0.8331759038347876;0.7619593777339794;0.12348816037919688;0.1129067351128585;1.0968955453049807;10.000673436403861;0.8334602053822677;1.097134064770586;1.0971063108567898;0.7596563666718671;-0.1257899857421336;0.7697548551828044
63.066929;1.0939856871284923;0.8331752283229523;0.7619619116080908;0.12348784864239573;0.11290655780510739;1.0968967210250238;10.00064452872639;0.8334595031670318;1.0971325033635648;1.0971104679025678;0.7596566208089927;-0.1257899849512986;0.7697557272568537
63.076929;1.0939839455441724;0.8331746386952099;0.7619643667845591;0.12348754332643602;0.11290637877392212;1.0968978805855056;10.000615247581463;0.833458851610603;1.0971308067910235;1.0971145772047879;0.7596569263179909;-0.12578998415893977;0.7697566882475434
63.086929;1.0939821050670249;0.8331741396425705;0.7619667438401683;0.12348724520560071;0.11290619880796317;1.0968990135217902;10.000585735492304;0.8334582539761894;1.0971289804991309;1.0971186363430467;0.7596572757215021;-0.1257899833670979;0.7697577386296363
63.096929;1.0939801682252335;0.8331737357346679;0.7619690419877758;0.12348695483367246;0.1129060184959508;1.0969001109079954;10.000556133434308;0.8334577123672143;1.0971270296162585;1.0971226449973794;0.7596576628207913;-0.12578998257756693;0.7697588780948381
63.106929;1.0939781390726833;0.8331734295584852;0.7619712594035294;0.12348667256408598;0.11290583845776075;1.0969011652590883;10.000526572215838;0.8334572284067528;1.097124960598521;1.097126604090932;0.7596580835264406;-0.12578998179155837;0.7697601040411743
63.116929;1.0939760237173204;0.8331732209888922;0.7619733938622275;0.12348639873887383;0.11290565952839628;1.0969021710306426;10.000497171822671;0.8334568042985235;1.0971227827083236;1.0971305142940233;0.7596585361772539;-0.12578998100977754;0.7697614107980392
63.126929;1.0939738292619599;0.8331731084408311;0.7619754430046112;0.12348613392005903;0.11290548269284584;1.0969031242269134;10.000468031635572;0.8334564438825806;1.0971205088391036;1.097134374795962;0.7596590205149387;-0.12578998023261098;0.7697627906648237
63.136929;1.093971562739793;0.8331730912607158;0.7619774044463251;0.12348587893413734;0.11290530888712785;1.096904020869706;10.000439213646226;0.8334561533390958;1.0971181544908821;1.0971381849385966;0.7596595359969264;-0.12578997946012316;0.7697642361873738
63.146929;1.0939692324211037;0.8331731711050692;0.7619792758624759;0.12348563477290488;0.11290513891786834;1.0969048566784503;10.000410736645343;0.8334559405817029;1.0971157349153486;1.0971419466976378;0.7596600809791278;-0.1257899786920063;0.7697657414897798
63.156929;1.0939668493824204;0.8331733513186856;0.761981055560603;0.12348540255698398;0.11290497347300563;1.0969056289530026;10.00038259096337;0.8334558136534527;1.0971132622507476;1.097145663809576;0.7596606526443133;-0.12578997792793029;0.7697673015434532
63.166929;1.0939644264259656;0.8331736353704614;0.7619827438901119;0.12348518343135924;0.1129048130661648;1.096906338050024;10.000354767960532;0.833455779519417;1.0971107443922143;1.0971493391960203;0.7596612472304259;-0.12578997716848436;0.7697689107710626
63.176929;1.0939619769080209;0.8331740252109323;0.7619843437850585;0.1234849783030356;0.11290465798010244;1.09690698727339;10.000327279422068;0.8334558438201655;1.0971081859137242;1.0971529746620154;0.7596618606307953;-0.12578997641568682;0.7697705630172026
63.186929;1.0939595149395231;0.8331741763314651;0.7619855452686457;0.12348595352850915;0.11290557402951382;1.0969075824765595;10.000300153250985;0.8334560110117119;1.0971055900645994;1.0971565720039944;0.7596624884444058;-0.12578997567228925;0.7697722527981543
63.196929;1.0939570547737414;0.8331747723621832;0.7619869806214392;0.12348577735286215;0.11290542952346867;1.0969081316238465;10.000273415333332;0.8334562835055827;1.0971029605239124;1.0971601329894984;0.7596631253609847;-0.12578997494086178;0.7697739757679873
63.206929;1.0939546098152906;0.8331754633473171;0.761988338939168;0.12348561530302427;0.1129052899272681;1.0969086438766178;10.000247075522854;0.8334566604917518;1.0971003020303491;1.0971636579541637;0.7596637651534485;-0.12578997422363472;0.7697757278740985
63.216929;1.0939521922383308;0.8331762413103989;0.7619896240041572;0.12348546689248069;0.11290515491826951;1.0969091277826395;10.00022113319029;0.8334571390717408;1.0970976200456664;1.0971671438574757;0.7596644013418773;-0.1257899735227783;0.769777504685517
63.226929;1.093949812506965;0.8331770978322857;0.7619908409312346;0.12348533170514828;0.11290502422251382;1.0969095891771656;10.000195593035754;0.833457717001461;1.0970949207825904;1.0971705831978766;0.7596650275059054;-0.12578997284042334;0.769779301790332
63.236929;1.0939474789880972;0.833178025479256;0.7619919948062137;0.12348520947856832;0.11290489759302377;1.0969100307821582;10.00017047114537;0.8334583945037874;1.0970922122114486;1.0971739652678567;0.7596656371009979;-0.1257899721784776;0.769781115644269
63.246929;1.0939451978889407;0.8331790182875966;0.7619930890670163;0.12348510009659446;0.11290477473511969;1.0969104535999497;10.00014579291723;0.8334591745977045;1.0970895043666034;1.0971772793989292;0.7596662236118649;-0.12578997153864419;0.7697829436611155
63.256929;1.0939429734513209;0.8331800708573258;0.7619941263729403;0.12348500357142177;0.11290465530171352;1.0969108581886537;10.00012158993105;0.8334600617770536;1.0970868078722447;1.097180517202286;0.759666781157114;-0.12578997092253139;0.7697847837260096
63.266929;1.0939408085416593;0.8331811770370292;0.7619951104587149;0.12348492005058141;0.11290453896787128;1.0969112451920036;10.000097893051281;0.8334610596973621;1.0970841322568552;1.0971836723217077;0.7596673047779494;-0.12578997033163639;0.7697866343911087
63.276929;1.0939387050116405;0.8331823295367325;0.7619960463508384;0.1234848497540555;0.11290442537624291;1.096911616150429;10.0000747308971;0.8334621697647745;1.0970814853137083;1.0971867403432625;0.7596677905076488;-0.1257899697672584;0.7697884953945426
63.286929;1.093936664112441;0.833183520194159;0.76199693906222;0.12348479280526685;0.11290431399246299;1.096911974484956;10.000052143523146;0.8334633911210844;1.0970788731698644;1.0971897201817304;0.7596682359922535;-0.12578996923034708;0.7697903676733043
63.296929;1.0939346881355165;0.8331847397671613;0.7619977924357676;0.12348474913618496;0.1129042042063168;1.0969123251498056;10.000030193253213;0.8334647211946244;1.0970763011565232;1.097192614618236;0.7596686413099668;-0.1257899687212387;0.76979225351777
63.306929;1.0939327818930058;0.833185977767307;0.7619986092159955;0.12348471866350282;0.11290409553166672;1.0969126729818492;10.0000089583962;0.8334661566776057;1.0970737755657882;1.0971954286977883;0.7596690084177552;-0.12578996823941901;0.7697941569330469
63.316929;1.093930951761329;0.8331872234039717;0.7619993916404517;0.12348470157576462;0.11290398752039357;1.09691302099323;9.9999885200533;0.8334676948756278;1.097071304455239;1.0971981674058833;0.7596693389348691;-0.12578996778373744;0.76979608330171
63.326929;1.093929203452254;0.8331884665573643;0.762000141191066;0.12348469839124729;0.11290387950691701;1.0969133697298445;9.999968953530962;0.833469334285208;1.0970688957338393;1.0972008341143809;0.7596696329308835;-0.12578996735312756;0.7697980382530504
63.336929;1.0939275412876068;0.8331896976380572;0.7620008582308776;0.1234847098024761;0.11290377058058368;1.0969137178971289;9.999950332498038;0.8334710738913881;1.0970665540321711;1.097203430100789;0.7596698905546594;-0.12578996694716102;0.7698000265246855
63.346929;1.0939259681999103;0.8331909072921746;0.7620015424324248;0.12348473649226925;0.11290365986277684;1.0969140627464804;9.999932741673858;0.8334729123706586;1.09706427974427;1.0972059552307487;0.7596701138867211;-0.12578996656587194;0.7698020515732502
63.356929;1.0939244841784501;0.8331920870226857;0.7620021929995092;0.12348477892847615;0.11290354671396712;1.0969144002088482;9.999916278408579;0.8334748485435832;1.097062070971552;1.097208409910826;0.7596703064294825;-0.12578996620915606;0.7698041158119604
63.366929;1.0939230847120645;0.8331932305421266;0.7620028087111707;0.12348483717090082;0.11290343071160458;1.0969147257780607;9.999901036828998;0.8334768822173049;1.097059925856995;1.097210797233788;0.7596704716992645;-0.1257899658764572;0.7698062209986151
63.376929;1.093921761701646;0.8331943346249259;0.7620033883889049;0.12348491087288951;0.11290331160091893;1.0969150347392886;9.999887092759021;0.8334790129822122;1.097057843667715;1.0972131228565973;0.7596706130513443;-0.1257899655668858;0.7698083688801314
63.386929;1.0939205060206054;0.8331953990103529;0.7620039308739348;0.12348499954454283;0.11290318927120073;1.0969153217123755;9.999874504153262;0.8334812375789588;1.0970558245245823;1.0972153920088614;0.7596707345545091;-0.1257899652794251;0.7698105617921448
63.396929;1.0939193088528611;0.8331964259946797;0.7620044345698592;0.12348510279419077;0.1129030637256636;1.0969155816592202;9.999863313297297;0.8334835489573503;1.097053868497855;1.0972176069798991;0.7596708411556786;-0.12578996501309164;0.7698128026374512
63.406929;1.093918160969102;0.8331974194043481;0.7620048979680755;0.12348522026886342;0.11290293508446926;1.0969158112116177;9.999853541022446;0.83348593724447;1.0970519754737686;1.0972197676873676;0.7596709374761454;-0.12578996476695503;0.7698150946073844
63.416929;1.0939170523694404;0.8331983826421961;0.7620053209036743;0.12348535144969545;0.11290280362384417;1.0969160081309162;9.999845191748868;0.8334883906981432;1.0970501453568757;1.097221873463754;0.7596710266469907;-0.12578996454011843;0.7698174408401219
63.426929;1.0939159729819337;0.8331993170485361;0.7620057049589286;0.12348549558878305;0.11290266975260173;1.0969161707277666;9.999838271736495;0.8334908967672304;1.0970483777081141;1.0972239234837782;0.7596711100319291;-0.12578996433196055;0.7698198437886652
63.436929;1.09391491269299;0.8332002222670359;0.7620060527221034;0.12348565184426091;0.11290253386738411;1.0969162988753312;9.999832800290552;0.8334934436224418;1.0970466713195828;1.097225916382513;0.7596711875545461;-0.12578996414245755;0.7698223041515251
63.446929;1.0939138613804522;0.8332010978863968;0.7620063669154555;0.12348581945438443;0.11290239619027947;1.0969163946724356;9.99982881318766;0.8334960207555467;1.097045023521949;1.0972278511342124;0.7596712581224;-0.1257899639722054;0.7698248195242177
63.456929;1.0939128102714466;0.8332019439160355;0.7620066501238402;0.12348599778258088;0.11290225669575697;1.0969164609571092;9.999826361507909;0.8334986183753781;1.0970434291956104;1.0972297287726636;0.7596713196277091;-0.12578996382210308;0.7698273842750639
63.466929;1.093911752607629;0.8332027600129183;0.7620069052676574;0.12348618634497799;0.11290211510171494;1.0969164991326694;9.999825496809589;0.8335012266423559;1.0970418814771017;1.0972315524008915;0.759671369084362;-0.12578996369286868;0.7698299913585066
63.476929;1.093910682384455;0.8332035451838354;0.7620071359690807;0.1234863848920217;0.11290197087813215;1.0969165091323843;9.999826255541043;0.833503835452197;1.0970403747496014;1.097233325294209;0.7596714032041497;-0.12578996358472377;0.7698326342785236
63.486929;1.093909593475847;0.8332042988095459;0.7620073455869998;0.12348659330660247;0.11290182336692013;1.096916490818962;9.99982865870653;0.8335064349216973;1.0970389068688036;1.0972350490530967;0.7596714183661122;-0.12578996349752872;0.7698353074485441
63.496929;1.093908480455112;0.8332050218572153;0.762007535863969;0.12348681133662708;0.11290167207434951;1.0969164450519808;9.999832715729186;0.8335090161792855;1.0970374788387256;1.0972367224668058;0.7596714103294304;-0.1257899634310611;0.7698380049004947
63.506929;1.0939073404404251;0.8332057168439664;0.7620077066322508;0.12348703847991906;0.11290151693121737;1.0969163745864776;9.999838427434513;0.833511572094429;1.097036093251178;1.0972383413316005;0.7596713748336574;-0.1257899633849816;0.7698407188732189
63.516929;1.0939061750068526;0.8332063871902;0.7620078560555139;0.12348727405839512;0.11290135830509317;1.0969162834330481;9.999845791591808;0.8335140971698441;1.0970347526300948;1.0972399000084991;0.759671308325129;-0.12578996335857984;0.7698434396719582
63.526929;1.0939049908305418;0.8332070368688875;0.7620079809761982;0.12348751726723532;0.11290119680500876;1.0969161745352478;9.999854805805182;0.8335165866129831;1.0970334582707415;1.0972413933083063;0.7596712080851405;-0.12578996335077927;0.7698461567149171
63.536929;1.0939037984080198;0.8332076704395233;0.762008077727752;0.12348776712861387;0.11290103300518904;1.0969170482681014;9.999865462972405;0.8335190360966219;1.0970322101222532;1.0972428166270558;0.7596710724705773;-0.12578996336058448;0.7698488600888332
63.546929;1.0939026095927329;0.8332082935590135;0.7620081432420385;0.12348802247982148;0.1129008672597097;1.0969169025038126;9.999877744195997;0.833521441914939;1.0970310076613572;1.097244165834715;0.7596709014215736;-0.12578996338731913;0.7698515413880669
63.556929;1.093901435167368;0.8332089135030027;0.762008175712409;0.12348828211401638;0.11290069973580757;1.096916733598504;9.999891618655653;0.8335238002124856;1.097029850763405;1.0972454385024086;0.7596706964770611;-0.12578996343022505;0.7698541929912349
63.566929;1.093900283104803;0.8332095388960501;0.7620081742828538;0.12348854501160601;0.1129005304978104;1.096916537559259;9.999907044455474;0.833526106172491;1.097028740040815;1.097246634871015;0.759670460369026;-0.12578996348817653;0.7698568067172004
63.576929;1.0938991574505177;0.833210178694318;0.762008138490837;0.12348881043673281;0.1129003595295293;1.096916310425854;9.999923967186714;0.8335283540713025;1.0970276769624685;1.0972477578300335;0.7596701970193128;-0.12578996355987487;0.7698593734484461
63.586929;1.0938980578348185;0.833210841264029;0.7620080683265354;0.1234890778392808;0.11290018679838575;1.0969160479052589;9.999942330066055;0.8335305377663018;1.0970266633741383;1.0972488128523867;0.7596699117546751;-0.1257899636439011;0.7698618843647137
63.596929;1.093896979798116;0.8332115338870532;0.7620079641929324;0.12348934681578214;0.11290001230152676;1.0969157455766487;9.999962088787395;0.8335326515827112;1.09702570095437;1.0972498072226908;0.7596696108587867;-0.12578996373831816;0.7698643323730278
63.606929;1.093895915082933;0.833212262558763;0.7620078262478313;0.12348961719544721;0.11289983606826925;1.096915400375786;9.99998320726216;0.8335346915337677;1.0970247914887308;1.0972507474693005;0.7596693011083127;-0.12578996384034946;0.7698667122276162
63.616929;1.0938948517278178;0.8332130322480197;0.7620076539521614;0.12348988903377141;0.11289965824452884;1.0969150122000275;10.000005634558805;0.8335366563354275;1.0970239368492232;1.0972516365529004;0.7596689902308149;-0.12578996394656447;0.7698690198865196
63.626929;1.0938937759442104;0.8332138473434814;0.7620074465916369;0.123490162517403;0.11289947907818067;1.0969145833663805;10.000029286800634;0.833538547296244;1.0970231387834817;1.097252473376673;0.7596686865451988;-0.1257899640533212;0.7698712515943351
63.636929;1.0938926754655465;0.8332147117627222;0.7620072043789891;0.12349043790960734;0.11289929867284346;1.096914115902286;10.00005404903686;0.8335403667412621;1.0970223995854533;1.0972532547218723;0.7596683969543074;-0.12578996415721302;0.7698734032812159
63.646929;1.0938915410678307;0.8332156290076473;0.7620069286480549;0.12349071548246959;0.11289911690410581;1.0969136100310783;10.000079787196704;0.8335421169296787;1.097021722459639;1.097253977376512;0.7596681257230318;-0.125789964255386;0.7698754713787187
63.656929;1.0938903654831684;0.8332166023953994;0.7620066209592444;0.12349099544292359;0.11289893365613979;1.0969130652304913;10.000106357570758;0.8335438008523274;1.0970211110018604;1.097254638915033;0.7596678748136085;-0.1257899643456676;0.7698774538843203
63.666929;1.093889142207529;0.8332176346897363;0.7620062826215335;0.1234912780057169;0.11289874905995119;1.0969124819259346;10.000133614651416;0.8335454233138864;1.0970205681286604;1.0972552374116247;0.7596676451112087;-0.12578996442673335;0.7698793495679449
63.676929;1.0938878658296367;0.8332187267580817;0.7620059147517222;0.12349156353162624;0.11289856358742947;1.0969118627125292;10.000161418950599;0.8335469910469825;1.0970200945111377;1.0972557708744481;0.7596674386714413;-0.12578996449844;0.7698811562723041
63.686929;1.0938865331807817;0.8332198766669022;0.7620055180257991;0.12349185246714584;0.11289837803358674;1.0969112125549372;10.000189645820157;0.8335485119958128;1.0970196884021886;1.097256237165576;0.7596672599648605;-0.12578996456204045;0.7698828708990835
63.696929;1.0938851436827086;0.8332210800791808;0.7620050921683142;0.12349214515092512;0.11289819341353949;1.0969105368823104;10.000218192774202;0.8335499943647542;1.0970193472355285;1.097256634721483;0.7596671141741719;-0.12578996461991201;0.7698844906981613
63.706929;1.0938836982677491;0.8332223306846814;0.7620046356070839;0.12349244175034019;0.11289801083946369;1.0969098383710352;10.000246974912844;0.8335514466212559;1.097019068267276;1.0972569632919946;0.7596670047121481;-0.1257899646749581;0.7698860139648974
63.716929;1.093882198570548;0.8332236204673942;0.7620041457075896;0.12349274231078397;0.11289783148091835;1.0969091154443096;10.000275910539647;0.8335528780850442;1.097018848078012;1.0972572236687819;0.7596669323634075;-0.12578996473014642;0.7698874406789853
63.726929;1.093880647496425;0.8332249406804877;0.7620036191769127;0.12349304680052918;0.1128976565839971;1.0969083639541637;10.000304910332861;0.8335542988005575;1.0970186830798678;1.097257416825581;0.7596668955952764;-0.12578996478825094;0.769888773600465
63.736929;1.0938790497312698;0.8332262825802519;0.762003051900812;0.1234933551802932;0.11289748737645951;1.096907579834973;10.000333873341424;0.8335557189682745;1.0970185706894406;1.0972575439031893;0.7596668910489639;-0.125789964851586;0.7698900183453881
63.746929;1.093877411523435;0.8332276374471337;0.7620024390428968;0.12349366744836685;0.11289732493484995;1.0969067603601492;10.00036268608291;0.8335571488761869;1.0970185092023814;1.097257607208873;0.7596669139546013;-0.12578996492185515;0.7698911818970303
63.756929;1.0938757404513135;0.8332289970833033;0.7620017757287011;0.12349398356604198;0.11289717015218619;1.0969059039968772;10.000391221933333;0.8335585992306838;1.0970184966965104;1.0972576110614938;0.7596669587027978;-0.12578996500030468;0.7698922708514478
63.766929;1.093874045156295;0.8332303547478572;0.7620010571222131;0.12349430340861632;0.11289702367062747;1.0969050093541726;10.000419346647726;0.833560080885632;1.097018531108684;1.097257561852693;0.7596670200003585;-0.1257899650879663;0.7698932905371465
63.776929;1.0938723348658195;0.8332317057227943;0.7620002782871008;0.12349462686473642;0.11289688575484697;1.096904074456294;10.000446932367066;0.8335616044264523;1.097018610846059;1.0972574678187144;0.7596670938460924;-0.12579096518577795;0.7698944084100676
63.786929;1.0938706191583623;0.8332330473059751;0.761999434191138;0.12349495391753508;0.11289675624279383;1.0969030974620075;10.000473862894758;0.8335631802849289;1.0970187336783292;1.0972573386256803;0.7596671771322955;-0.12579096529457368;0.7698953016510821
63.796929;1.0938689078361452;0.8332343779985532;0.7619985192488967;0.12349528463085287;0.1128966346872879;1.0969020771018305;10.000500027777958;0.8335648184873118;1.0970188953399318;1.097257184349352;0.7596672667417265;-0.12579096541492044;0.7698961387301855
63.806929;1.0938672105690015;0.8332356962950442;0.7619975274881161;0.12349561910527426;0.11289652065308639;1.0969010120725775;10.000525325248875;0.8335665282381467;1.097019090008433;1.0972570144660874;0.7596673594824316;-0.12579096554698005;0.7698969260473495
63.816929;1.0938655369301626;0.833236999901758;0.761996453494519;0.12349595737586275;0.11289641387006802;1.0968999012931533;10.000549679577707;0.8335683175920277;1.0970193112831939;1.0972568379130505;0.7596674524466771;-0.1257909656907312;0.7698976690945173
63.826929;1.0938638965063476;0.8332382855121763;0.7619952926921172;0.12349629930240533;0.11289631414060529;1.096898744807375;10.00057305879751;0.8335701921166597;1.0970195524128257;1.097256664482383;0.7596675429757653;-0.12579096584653668;0.7698983712113994
63.836929;1.0938622980949133;0.8332395495469523;0.7619940406132597;0.1234966444907981;0.11289622124119221;1.0968975442889228;10.000595473448062;0.8335721534077266;1.097019806666445;1.0972565063943325;0.7596676283060183;-0.12579096601552017;0.7698990349250453
63.846929;1.0938607487162935;0.8332407895563495;0.7619926922363215;0.12349699218746524;0.11289613492871285;1.0968963039418835;10.000616955032509;0.8335741993231265;1.0970200684094504;1.0972563783652385;0.7596677054129927;-0.12579096619930813;0.769899663284988
63.856929;1.0938592535934186;0.8332420044686791;0.7619912425760726;0.12349734128777601;0.11289605496546362;1.0968950311119583;10.000637535021664;0.833576324686239;1.0970203341847613;1.0972562961234498;0.759667770991962;-0.12579096639952292;0.7699002596229971
63.866929;1.0938578170572604;0.8332431938221142;0.7619896872384814;0.12349769051046985;0.11289598112345611;1.0968937350721673;10.000657235138283;0.8335785209971674;1.0970206024811202;1.0972562743132859;0.7596678215286409;-0.12579096661756645;0.7699008270683643
63.876929;1.0938564430244417;0.8332443576735465;0.7619880223273722;0.12349803845509562;0.11289591315331442;1.0968924252319636;10.000676062947834;0.8335807768198369;1.097020872518088;1.0972563244565898;0.7596678538912094;-0.1257909668544414;0.7699013687629983
63.886929;1.0938551341049723;0.833245496798627;0.7619862453935149;0.1234983835353162;0.11289585070391112;1.0968911103475079;10.000694009836419;0.8335830793046999;1.097021143969084;1.0972564536116882;0.7596678658728324;-0.12579096711040452;0.769901888270677
63.896929;1.0938538909946751;0.8332466122337069;0.761984356441652;0.1234987241100681;0.11289579333184742;1.0968897981324992;10.000711055475666;0.8335854152496458;1.0970214173006092;1.0972566642826889;0.7596678560301604;-0.12579096738476614;0.7699023897021113
63.906929;1.0938527132457245;0.8332477052791797;0.7619823574716523;0.12349905874645448;0.11289574067649853;1.0968884948704996;10.00072717744523;0.8335877717761937;1.0970216935746993;1.0972569562961958;0.759667823050021;-0.12579096767618161;0.7699028776783519
63.916929;1.0938515998678962;0.8332487784865223;0.7619802514821553;0.12349938630912728;0.11289569256517376;1.096887205692155;10.000742363143779;0.8335901370907604;1.0970219745883285;1.0972573299247237;0.7596677647311124;-0.1257909679834448;0.7699033571646825
63.926929;1.0938505495811555;0.833249835633464;0.7619780417606273;0.12349970590051021;0.11289564889190092;1.0968859357643024;10.000756618750476;0.8335925006607041;1.0970222630395998;1.0972577871425038;0.759667677557881;-0.1257909683061961;0.7699038329400442
63.936929;1.0938495616554007;0.8332508801224379;0.7619757319315179;0.12350001678431326;0.11289560947876207;1.0968846913851977;10.000769962657044;0.8335948528819019;1.097022561455039;1.0972583302687018;0.759667558029058;-0.12579096864501568;0.7699043086454195
63.946929;1.0938486365569164;0.8332519134571366;0.7619733265880487;0.12350031834180208;0.11289557415786497;1.0968834798419218;10.000782417638364;0.8335971851180228;1.0970228711397956;1.097258960298272;0.7596674046536368;-0.1257909690009075;0.7699047860322838
63.956929;1.0938477755464608;0.8332529344742294;0.7619708314081204;0.12350061003994998;0.11289554300915926;1.0968823086086874;10.000794025130494;0.8335994899491561;1.097023192726334;1.0972596757855713;0.7596672184392285;-0.12579096937449952;0.7699052652469366
63.966929;1.0938469797990809;0.8332539397475652;0.7619682527287958;0.12350089134732398;0.11289551643266027;1.096881184601746;10.000804865089862;0.8336017612103779;1.0970235273715307;1.0972604722135046;0.7596670013624127;-0.12579096976544432;0.7699057457461465
63.976929;1.0938462502242046;0.8332549253021865;0.761965597419219;0.1235011617214731;0.1128954949069848;1.0968801141053695;10.000815060489037;0.833603994611951;1.0970238768421112;1.0972613416285077;0.75966675458267;-0.12579097017216395;0.7699062266896829
63.986929;1.0938455880298474;0.833255887717488;0.761962872942582;0.1235014207585609;0.11289547866385455;1.0968791042482335;10.00082476543997;0.8336061884366438;1.0970242425692804;1.0972622727887147;0.7596664777656955;-0.1257909705919916;0.769906706828592
63.996929;1.0938449950526286;0.8332568238345933;0.7619600868775483;0.12350166835015715;0.11289546755073018;1.096878164136708;10.000834139131953;0.8336083424026656;1.0970246247853215;1.0972632534565019;0.7596661693861773;-0.12579097102190914;0.7699071843097446
64.006929;1.0938444734059931;0.8332577310725273;0.761957246242238;0.12350190463515474;0.11289546115058548;1.0968773038672852;10.000843321213248;0.8336104556062621;1.0970250220656625;1.0972642741881995;0.759665827891307;-0.12579097145937487;0.7699076561423994
64.016929;1.0938440253167137;0.833258608305703;0.7619543579418051;0.12350212972823806;0.11289545894926947;1.0968765329791599;10.000852423974969;0.8336125257819467;1.09702543178392;1.0972653305377933;0.7596654528484342;-0.1257909719023961;0.7699081176492419
64.026929;1.0938436541505587;0.8332594554002031;0.7619514297546254;0.12350234352705892;0.11289546032505747;1.0968758594707997;10.000861535307408;0.833614549767019;1.0970258513286208;1.0972664226091564;0.7596650449277179;-0.12579097234900108;0.7699085624900197
64.036929;1.0938433648772095;0.833260272436494;0.7619484698074888;0.12350254581143463;0.11289546454191378;1.0968752893784304;10.000870723894074;0.8336165239388232;1.0970262784110758;1.0972675530502445;0.7596646053298403;-0.12579097279707996;0.769908983546217
64.046929;1.0938431623836957;0.8332610603045622;0.7619454854846268;0.12350273647335223;0.1128954709738051;1.0968748268006532;10.000880047185662;0.8336184438697509;1.0970267106705607;1.097268724496379;0.7596641357856134;-0.12579097324494457;0.7699093747255883
64.056929;1.0938430497641878;0.8332618219329492;0.761942483508691;0.12350291561733122;0.11289547932709673;1.096874473771564;10.000889557736427;0.8336203038663963;1.0970271454863927;1.0972699378156163;0.7596636388215925;-0.12579097369198436;0.7699097321897089
64.066929;1.0938430279416653;0.8332625629395891;0.7619394700843676;0.12350308351871114;0.1128954896252915;1.096874229893862;10.00089929756232;0.8336220974534898;1.0970275790368942;1.0972711924760352;0.7596631171028826;-0.12579097413889967;0.7699100538482534
64.076929;1.093843095745509;0.8332632914756664;0.7619364507446232;0.1235032406104318;0.11289550210828707;1.0968740919953754;10.000909287969957;0.8336238178489178;1.097028005126096;1.097272487850024;0.7596625721925363;-0.12579097458748742;0.76991033861707
64.086929;1.0938432505899813;0.8332640175241127;0.7619334306722442;0.12350338749689979;0.11289551709942575;1.0968740541697648;10.000919531911896;0.8336254577320782;1.0970284155085526;1.0972738231275097;0.7596620044096948;-0.12579097504008163;0.7699105862806913
64.096929;1.0938434897834546;0.8332647517863465;0.7619304145234876;0.12350352492604273;0.11289553477295577;1.0968741083851803;10.000930024692614;0.8336270096448998;1.0970288015503284;1.097275195788689;0.7596614135046615;-0.12579097549887394;0.7699107967440508
64.106929;1.0938438111526712;0.833265504729632;0.7619274052934624;0.12350365376980972;0.11289555509206206;1.0968742452559952;10.00094075733028;0.8336284671270376;1.097029155921256;1.0972766004595662;0.7596607987514533;-0.1257909759654938;0.7699109688810902
64.116929;1.0938442128003896;0.8332662864012871;0.7619244040857649;0.12350377505737688;0.1128955780466732;1.0968744545321083;10.000951708255252;0.8336298247920237;1.0970294734450199;1.0972780293876618;0.759660159040089;-0.12579097644089954;0.7699111003493484
64.126929;1.0938446930158656;0.833267107116389;0.7619214115381938;0.12350388997346609;0.11289560379362593;1.0968747252792572;10.00096283205986;0.8336310773856559;1.0970297510558042;1.097279473556643;0.7596594935066725;-0.12579097692540772;0.7699111879181584
64.136929;1.0938452503518863;0.8332679787329287;0.7619184288722921;0.1235039997190552;0.11289563254357297;1.0968750465793569;10.000974059608287;0.8336322199108921;1.0970299869386346;1.0972809223658195;0.759658801464549;-0.12579097741887546;0.7699112272173408
64.146929;1.0938458835845637;0.8332689148047963;0.7619154576881416;0.12350410540951977;0.11289566452514166;1.0968754087026864;10.000985309411435;0.8336332488910483;1.0970301792613015;1.0972823623451664;0.7596580814345253;-0.12579097792088578;0.7699112120599082
64.156929;1.0938465908588537;0.8332699289078438;0.7619125001111082;0.12350420817523107;0.11289570009854584;1.0968758033991757;10.00099649388037;0.8336341629435329;1.097030325975417;1.0972837773564028;0.7596573308386777;-0.1257909784309032;0.7699111344467338
64.166929;1.0938473673813431;0.8332706895692596;0.7619092457878353;0.12350547515969096;0.11289680553957641;1.0968762235983054;10.001007522258526;0.8336349623396659;1.0970304261180923;1.0972851502287642;0.7596565470322512;-0.12579097894830243;0.7699109862820133
64.176929;1.0938482043993356;0.8332718950769495;0.7619063294857986;0.12350557596661459;0.11289684985124004;1.0968766635225322;10.001018313236504;0.8336356488103407;1.0970304812380784;1.0972864642509546;0.7596557284256298;-0.12579097947197918;0.7699107616208226
64.186929;1.0938490916352117;0.8332732118792404;0.7619034447719527;0.12350567779029419;0.11289689919464249;1.0968771187124802;10.001028811850126;0.8336362261936007;1.0970304963555173;1.097287704629943;0.7596548747883712;-0.12579098000002575;0.7699104571626119
64.196929;1.0938500195473926;0.8332746500077441;0.7619005975292357;0.12350578160726892;0.11289695378288452;1.0968775853615806;10.001038997370596;0.8336367008440753;1.0970304798063102;1.097288859469395;0.75965398746448;-0.1257909805298576;0.7699100716068611
64.206929;1.0938509788215731;0.8332762190941468;0.761897789114881;0.12350588781101468;0.11289701371546604;1.096878059214258;10.00104887657091;0.8336370810556051;1.0970304409249672;1.0972899193020487;0.7596530693962975;-0.12579098105828457;0.769909605784755
64.216929;1.0938519593764169;0.8332779269751989;0.7618950166275176;0.12350599635567046;0.11289707900838648;1.0968785346736782;10.001058471740308;0.8336373760965038;1.0970303871946772;1.097290875472744;0.7596521240545124;-0.12579098158161145;0.7699090632028561
64.226929;1.0938529496676002;0.833279778475876;0.7618922747842202;0.12350610714236593;0.11289714952921207;1.096879004881496;10.001067813816187;0.8336375950186438;1.0970303231107843;1.0972917173615622;0.759651154397097;-0.1257909820961068;0.7699084500781808
64.236929;1.0938539363259063;0.8332817752175705;0.761889557175547;0.12350622010940447;0.11289722498194879;1.0968794624987195;10.001076938134535;0.8336377453393444;1.097030250882437;1.0972924304555198;0.759650163061786;-0.12579098259840152;0.7699077749357982
64.246929;1.093855864626577;0.8332846785578423;0.7618868862488921;0.12350622798995765;0.11289710807323067;1.09687989987603;10.001085884203745;0.8336378324260931;1.097030172399753;1.0972929980767234;0.7596491530072215;-0.12579098308557637;0.7699070479620137
64.256929;1.0938568032310383;0.8332869595494364;0.7618841974166457;0.12350634482567552;0.11289719217945943;1.0968803089163512;10.001094699417829;0.8336378594334789;1.0970300906705543;1.0972934047378702;0.7596481277136288;-0.12579098355530174;0.7699062803032356
64.266929;1.0938576995845115;0.8332893754087392;0.7618815147897955;0.1235064633624895;0.11289727977090472;1.0968806819441763;10.001103435117544;0.8336378270402386;1.0970300088740972;1.0972936381165994;0.7596470910055442;-0.12579098400612598;0.7699054835202499
64.276929;1.0938585436596941;0.8332919202854849;0.7618788348947313;0.12350658354851496;0.11289736987106243;1.096881012800599;10.001112135572336;0.8336377341966502;1.0970299290342784;1.0972936903055888;0.759646047675607;-0.12579098443747694;0.7699046690512396
64.286929;1.0938593279181057;0.8332945891396899;0.7618761558450361;0.1235067054067778;0.1128974610105267;1.0968812962512964;10.001120830639794;0.833637580853155;1.0970298528644362;1.097293558801412;0.7596450049336894;-0.1257909848492361;0.7699038473350357
64.296929;1.0938600471942999;0.8332973778170806;0.7618734766782077;0.12350682904589345;0.11289755126634325;1.0968815257067903;10.001129532391282;0.833637369956065;1.097029782946747;1.0972932456050464;0.7596439721929298;-0.1257909852413552;0.7699030273143795
64.306929;1.0938606982984715;0.8333002818812908;0.7618707961486735;0.1235069546808772;0.11289763855187415;1.0968816914924615;10.001138234885738;0.83363710647082;1.097029722321686;1.0972927545040823;0.759642958921778;-0.1257909856137893;0.7699022170150762
64.316929;1.0938612798822611;0.8333032960809689;0.7618681115624297;0.12350708265548434;0.11289772105474254;1.0968817812383889;10.001146920415366;0.8336367952558604;1.0970296736790528;1.0972920885214563;0.7596419734361923;-0.12579098596660343;0.7699014238368841
64.326929;1.0938617927888672;0.8333064150381742;0.7618654192705719;0.12350721340602942;0.11289779744266162;1.0968817821345034;10.001155560569613;0.8336364393917925;1.0970296392898893;1.097291248447433;0.759641023604584;-0.12579098630003746;0.7699006539156202
64.336929;1.0938622412660728;0.8333096337464305;0.7618627167185187;0.12350734731692158;0.11289786678847068;1.0968816843648925;10.001164101982818;0.833636038924913;1.0970296218906606;1.0972902326317056;0.7596401177625874;-0.12579098661428387;0.769899911830454
64.346929;1.0938626332253378;0.8333129475294899;0.7618600033809417;0.12350748457936996;0.11289792851000657;1.096881483730652;10.001172463955038;0.8336355907879323;1.0970296256867014;1.0972890383008262;0.7596392646484742;-0.1257909869091477;0.7698992007387908
64.356929;1.0938629780906572;0.8333163519637298;0.7618572798058939;0.12350762511587772;0.11289798228032276;1.0968811811173114;10.001180562886956;0.8336350903042101;1.097029656163453;1.0972876635211224;0.7596384726394726;-0.12579098718398657;0.7698985221574048
64.366929;1.0938632846829617;0.8333198429251936;0.7618545466540902;0.12350776859900936;0.11289802792091881;1.0968807798770726;10.00118832930945;0.8336345336793467;1.097029719090438;1.097286108169871;0.7596377485040466;-0.12579098743784078;0.7698978760639009
64.376929;1.0938635612059495;0.8333234170110306;0.761851804627226;0.12350791470377183;0.11289806547402066;1.0968802842239807;10.001195702301908;0.8336339200588673;1.0970298197099728;1.0972843735816868;0.7596370961755444;-0.12579098766957586;0.7698972623360031
64.386929;1.0938638159455263;0.8333270715217711;0.7618490546602695;0.12350806341438672;0.11289809533730728;1.0968796990982836;10.001202621915246;0.8336332512540064;1.097029962788512;1.0972824615025019;0.7596365170206238;-0.12579098787808773;0.7698966823584315
64.396929;1.093864056965695;0.8333308029830024;0.7618462980047679;0.12350821505480399;0.11289811829989811;1.0968790295002624;10.00120902999321;0.8336325297983308;1.0970301536392437;1.0972803730627048;0.7596360113867283;-0.1257909880624569;0.7698961387300075
64.406929;1.0938642910241958;0.8333346053076341;0.7618435363238474;0.12350837007997367;0.1128981355258104;1.0968782793358407;10.001214874210651;0.8336317581788553;1.097030398597065;1.0972781082942196;0.7596355794451164;-0.1257909882218963;0.7698956337852257
64.416929;1.0938645239985747;0.8333384691957363;0.7618407718868656;0.12350852877896192;0.11289814850091835;1.096877451327935;10.001220106212076;0.8336309397027498;1.0970307039720668;1.0972756662021748;0.7596352206759045;-0.12579098835556388;0.7698951692216173
64.426929;1.093864763398811;0.8333423826666686;0.7618380077691361;0.12350869107324554;0.11289815886145935;1.096876547126117;10.001224680706198;0.8336300789805381;1.09703107442399;1.0972730457037463;0.7596349326196248;-0.1257909884625689;0.7698947466717994
64.436929;1.0938650196062343;0.8333463324027753;0.7618352478289317;0.12350885656460137;0.11289816817234792;1.0968755667585737;10.001228572357066;0.8336291811569043;1.0970315117732679;1.0972702469027737;0.7596347096557907;-0.12579098854243034;0.7698943677943679
64.446929;1.093865304751679;0.8333503056684763;0.761832496560497;0.12350902465718103;0.11289817786839462;1.096874508410866;10.001231797953059;0.8336282502042489;1.0970320149261938;1.0972672712052651;0.7596345427806956;-0.12579098859546858;0.7698940337006926
64.456929;1.0938656311670163;0.8333542909261625;0.7618297590044191;0.1235091946337392;0.11289818935587846;1.0968733685042948;10.00123441538135;0.8336272874538545;1.0970325807454544;1.0972641207433378;0.759634421155032;-0.12579098862253682;0.7698937444815477
64.466929;1.0938660095727077;0.8333582768007932;0.7618270403232202;0.12350936579841533;0.1128982040853038;1.0968721421921546;10.001236497383994;0.8336262920718674;1.0970332046514766;1.0972607988336933;0.7596343343493773;-0.12579098862459437;0.7698935000251955
64.476929;1.0938664474003605;0.8333622517866621;0.7618243449869415;0.12350953759507372;0.11289822353609538;1.0968708252452826;10.001238106420494;0.8336252626828249;1.0970338809196842;1.0972573111083814;0.759634272885048;-0.12579098860272198;0.7698933013395216
64.486929;1.0938669487703676;0.8333662052108559;0.7618216762122418;0.1235097095594644;0.11289824912655275;1.0968694157078909;10.001239288149105;0.8336241986060426;1.0970346035761507;1.0972536649963416;0.7596342280134635;-0.12579098855832735;0.7698931503479042
64.496929;1.0938675158834181;0.833370128177095;0.7618190356445319;0.12350988115606976;0.11289828206699243;1.0968679133531531;10.001240069001087;0.8336231007347287;1.0970353677397757;1.0972498675371074;0.7596341933249611;-0.12579098849306494;0.7698930490672636
64.506929;1.0938681500789948;0.8333740139520376;0.761816422852137;0.12351005166484375;0.11289832323139476;1.0968663188929835;10.001240446151836;0.8336219713239984;1.0970361699445728;1.0972459245368142;0.7596341663164525;-0.12579098840848824;0.7698929993150696
64.516929;1.093868851919833;0.8333778578017884;0.7618138351235444;0.1235102203318155;0.1128983730750947;1.0968646347884732;10.001240386608607;0.8336208124708011;1.097037006699596;1.097241841981088;0.7596341476099638;-0.12579098830578186;0.7698930018842499
64.526929;1.0938696216788346;0.8333816567107919;0.7618112683708368;0.1235103866346126;0.11289843167573682;1.0968628658914477;10.001239843966985;0.833619625238681;1.09703787334966;1.097237627028535;0.7596341394420444;-0.12579098818575563;0.7698930556048215
64.536929;1.093870460560028;0.8333854093795401;0.7618087188624203;0.1235105502642066;0.11289849897983247;1.0968610184960879;10.001238774962639;0.8336184105448785;1.0970387651542846;1.0972332870875454;0.7596341449571479;-0.12579098804922884;0.7698931578629788
64.546929;1.0938713712550872;0.8333891160316148;0.761806184553614;0.12351071083358243;0.11289857507656174;1.0968590988141775;10.001237143850153;0.8336171703519276;1.0970396791366726;1.0972288284944833;0.7596341678377568;-0.12579098789764742;0.7698933059329982
64.556929;1.0938723578898382;0.8333927778982629;0.7618036657510896;0.12351086765406978;0.11289866028821038;1.09685711245297;10.001234920401672;0.8336159072546364;1.097040613958632;1.097224256132116;0.7596342118715512;-0.12579098773335212;0.7698934976128875
64.566929;1.0938734258849205;0.8333963975415588;0.7618011656417616;0.12351101980706031;0.11289875511727865;1.0968550654682565;10.001232082801652;0.8336146228624857;1.0970415684700079;1.097219574135785;0.7596342808339003;-0.12579098755946358;0.7698937316526733
64.576929;1.0938745813034376;0.8333999796370808;0.7617986900361813;0.1235111663734742;0.11289886018501594;1.0968529653341874;10.001228624513304;0.8336133167097104;1.0970425421823173;1.0972147870162328;0.7596343782907894;-0.12579098737958191;0.7698940085840086
64.586929;1.09387583028176;0.833403530504302;0.7617962461612119;0.12351130658808618;0.11289897619149274;1.0968508201071347;10.00122454958272;0.8336119862767462;1.0970435365163136;1.097209900234424;0.7596345068538686;-0.12579098719707374;0.7698943306993509
64.596929;1.093877178851166;0.8334070567774625;0.7617938418876883;0.1235114399468248;0.11289910388011434;1.096848637203248;10.00121985785975;0.8336106279292855;1.0970445537908116;1.0972049203827516;0.7596346682324641;-0.12579098701437486;0.7698947009984523
64.606929;1.0938786318585292;0.8334105641149651;0.7617914855970207;0.12351156623515376;0.11289924396445215;1.0968464235486601;10.001214538225492;0.8336092376814889;1.0970455958973369;1.0971998553424065;0.7596348642268089;-0.12579098683304;0.7698951226786491
64.616929;1.0938801916711087;0.8334140561918008;0.7617891855551129;0.12351168542801728;0.11289939694864466;1.0968441860350722;10.001208580569974;0.83360781108773;1.0970466645208004;1.097194713293783;0.7596350967061951;-0.12579098665432706;0.7698955992136477
64.626929;1.0938818588323027;0.8334175344666979;0.7617869492670973;0.12351179759597833;0.11289956303717093;1.096841931666173;10.001201997760548;0.8336063437521323;1.0970477615296088;1.0971895000365859;0.759635366404611;-0.12579098647991627;0.769896134017095
64.636929;1.0938836337060884;0.8334209987110819;0.7617847840511196;0.12351190276999653;0.11289974236535463;1.0968396678091554;10.001194834997628;0.8336048325886168;1.0970488896034367;1.0971842174446595;0.7596356720772525;-0.12579098631243815;0.7698967302773599
64.646929;1.0938855165433998;0.8334244481144151;0.761782697649584;0.12351200074766368;0.1128999352785985;1.0968374014241014;10.001187167826162;0.8336032762146505;1.0970500529975082;1.0971788651076833;0.7596360108907654;-0.125790986155269;0.7698973914712207
64.656929;1.0938875062176565;0.8334278823261823;0.7617806973773109;0.12351209108691175;0.1129001423055503;1.096835137894642;10.001179101489221;0.8336016744503691;1.097051256542944;1.0971734430497828;0.7596363793682465;-0.12579098601195254;0.7698981215616993
64.666929;1.0938895996385072;0.8334313013467224;0.761778789176786;0.12351217325367993;0.11290036393690192;1.0968328815998885;10.001170758322719;0.8336000280401625;1.0970525044418082;1.0971679536892904;0.7596367736122599;-0.12579098588592894;0.769898924696145
64.676929;1.0938917924606764;0.8334347045772421;0.7617769778628384;0.1235122467135882;0.11290060050212322;1.0968306378413213;10.001162248419467;0.8335983391348812;1.097053801371556;1.0971624026470925;0.7596371890421183;-0.12579098578020384;0.769899805022007
64.686929;1.0938940801775694;0.8334380900829473;0.7617752673253168;0.12351231107690203;0.11290085216618653;1.0968284148802356;10.001153656429274;0.833596612054802;1.0970551532994361;1.0971567973608378;0.7596376202733149;-0.12579098569683594;0.7699007662378939
64.696929;1.0938964579564694;0.8334414546660273;0.7617736600110602;0.12351236628422055;0.11290111890592457;1.0968262246762517;10.001145062030337;0.8335948535720805;1.0970565661585927;1.0971511448983837;0.7596380605335712;-0.125790985637013;0.7699018103401272
64.706929;1.0938989187630652;0.8334447950246964;0.7617721567911488;0.123512412506242;0.11290140050420862;1.096824080919062;10.001136561925284;0.833593071807065;1.0970580448189065;1.0971454524450557;0.7596385009866589;-0.1257909856016707;0.7699029363291541
64.716929;1.0939014519002699;0.8334481090202578;0.7617707574593605;0.1235124498318792;0.11290169661757829;1.0968219962602417;10.001128271314842;0.8335912738501708;1.0970595931243217;1.0971397294395577;0.7596389318441967;-0.12579098559174623;0.7699041401610387
64.726929;1.0939040441726504;0.8334513954230384;0.7617694610052068;0.12351247813869282;0.11290200679784604;1.0968199817058917;10.001120317734088;0.8335894642632056;1.0970612138161326;1.0971339877414494;0.759639344974365;-0.12579098560790766;0.7699054159003703
64.736929;1.093906682432008;0.833454652170045;0.7617682660054769;0.12351249718444332;0.11290233045706366;1.0968180472344242;10.00111283392595;0.8335876455589938;1.097062908257974;1.0971282401611582;0.7596397354789873;-0.12579098565019328;0.7699067568834947
64.746929;1.0939093537784594;0.8334578749524627;0.7617671716175055;0.12351250676136459;0.11290266691626197;1.096816201967362;10.001105949855303;0.8335858194119793;1.0970646762199294;1.0971224991586501;0.7596401014610789;-0.12579098571773129;0.7699081560001152
64.756929;1.093912044445324;0.8334610573174294;0.7617661778391128;0.12351250677778901;0.11290301551581484;1.0968144548471832;10.001099790719602;0.8335839876535756;1.0970665161682547;1.0971167754933746;0.7596404431299612;-0.12579098580869252;0.7699096054864626
64.766929;1.0939147415764952;0.8334641916753802;0.761765284457426;0.12351249716320363;0.11290337567849389;1.09681281596413;10.001094480491846;0.8335821531140002;1.0970684260772485;1.0971110768703132;0.7596407620141733;-0.12579098592062352;0.7699110973747717
64.776929;1.0939174351570926;0.8334672702228915;0.7617644905706684;0.12351247773523386;0.11290374690382246;1.0968112968867065;10.001090135498131;0.833580320309286;1.0970704036806318;1.0971054079423213;0.7596410600691866;-0.12579098605088393;0.7699126242006271
64.786929;1.0939201160401586;0.8334702854494093;0.7617637957322939;0.12351244817775611;0.11290412859637833;1.0968099092415364;10.001086845768203;0.8335784954183127;1.0970724464420736;1.0970997719391868;0.7596413384662455;-0.12579098619674398;0.769914178714026
64.796929;1.0939227737273503;0.8334732306239071;0.7617632006006387;0.12351240812097522;0.1129045197519577;1.0968086624762807;10.001084670930284;0.8335766851064733;1.0970745521874188;1.0970941723920735;0.7596415966578556;-0.12579098635517813;0.7699157530804045
64.806929;1.093925397431741;0.8334761003442406;0.7617627056049616;0.12351235725989755;0.11290491885246685;1.0968075629837826;10.001083657984607;0.8335748949966645;1.0970767192078823;1.097088614042259;0.7596418320070465;-0.12579098652275833;0.7699173385629131
64.816929;1.0939279781343068;0.8334788902341246;0.7617623098122399;0.12351229538812467;0.11290532404913996;1.0968066153974765;10.001083856442985;0.8335731288726771;1.097078945427462;1.0970831033390074;0.7596420394886504;-0.12579098669586852;0.7699189254939097
64.826929;1.0939305088623497;0.8334815956383462;0.761762011443946;0.1235122224016325;0.11290573327574543;1.0968058238688516;10.001085317802717;0.83357138895768;1.097081228767617;1.0970776485255267;0.7596422118494939;-0.12579098687122137;0.7699205036154332
64.836929;1.0939329838271068;0.8334842110318779;0.7617618085623016;0.12351213831572715;0.11290614422807174;1.0968051920964788;10.00108808322968;0.8335696769528494;1.097083569370389;1.0970722586586035;0.7596423408899179;-0.12579098704643762;0.7699220632256014
64.846929;1.0939353982358528;0.8334867309590401;0.7617616995989945;0.1235120431553303;0.11290655448656058;1.0968047233947915;10.00109217420638;0.8335679947128477;1.0970859712714842;1.0970669417995804;0.7596424191180399;-0.12579098722032717;0.7699235963561233
64.856929;1.093937748202147;0.8334891510145662;0.7617616842638681;0.12351193688989916;0.11290696175754082;1.0968044212839418;10.001097600171311;0.8335663440405202;1.0970884410312716;1.0970617039376536;0.7596424411396633;-0.1257909873927657;0.7699250972855257
64.866929;1.0939400297437438;0.8334914684457003;0.7617617634884889;0.12351181957197402;0.11290736396182617;1.0968042898139791;10.001104370950314;0.8335647263393339;1.0970909845011823;1.0970565491979598;0.7596424041799388;-0.125790987564294;0.7699265623267373
64.876929;1.093942237785505;0.8334936830423232;0.7617619378527462;0.12351169138933106;0.11290775914189745;1.096804333097971;10.001112497721174;0.8335631422065257;1.0970936046232087;1.097051480471224;0.7596423069245353;-0.12579098773573563;0.7699279884282324
64.886929;1.0939443663494457;0.8334957975047318;0.7617622063006135;0.12351155256852818;0.11290814535673026;1.0968045542879756;10.001121990236806;0.8335615906792393;1.097096300819871;1.097046500343026;0.7596421480283047;-0.12579098790803422;0.7699293715150011
64.896929;1.0939464102577394;0.8334978165607105;0.7617625662393704;0.1235114033164895;0.11290852065905099;1.0968049547353511;10.001132853269974;0.8335600689702384;1.097099070097442;1.097041611782875;0.7596419260546378;-0.12579098808222802;0.7699307065391833
64.906929;1.0939483667863092;0.8334997454484833;0.7617630141157796;0.12351124373503634;0.11290888315991801;1.0968055336365892;10.001145070701622;0.8335585734221184;1.0971019087808425;1.097036817297314;0.7596416401530641;-0.12579098825956872;0.7699319884916563
64.916929;1.0939502353218058;0.8335015884846586;0.7617635455182188;0.12351107373185762;0.11290923116513166;1.096806288207473;10.001158589985925;0.8335571009647772;1.0971048121195592;1.0970321176509858;0.7596412901808677;-0.12579098844156425;0.7699332121938893
64.926929;1.0939520163092287;0.833503348685948;0.7617641550308131;0.12351089309787416;0.11290956334282604;1.0968072143727536;10.001173333482138;0.8335556492582555;1.0971077728218337;1.097027512172121;0.7596408768456421;-0.1257909886297235;0.769934371549728
64.936929;1.0939537112806073;0.8335050292590686;0.7617648364845028;0.12351070166813775;0.11290987885898204;1.0968083077462008;10.001189222747083;0.8335542154565101;1.0971107816926249;1.0970229999245686;0.7596404025407819;-0.12579098882534476;0.7699354599060918
64.946929;1.0939553228329268;0.8335066353029164;0.7617655837322569;0.12351049932117941;0.112910177373938;1.0968095646194547;10.00120618182895;0.8335527959359754;1.0971138297070298;1.0970185801205572;0.7596398716753093;-0.1257909890295861;0.7699364709152492
64.956929;1.0939568538288293;0.8335081736048638;0.7617663907754286;0.12351028580775515;0.1129104588352862;1.0968109820539926;10.001224125958625;0.8335513873385942;1.0971169094015178;1.0970142519657888;0.7596392895255133;-0.12579098924359747;0.769937399014373
64.966929;1.0939583069083332;0.8335096512058752;0.7617672509405643;0.12351006064777398;0.11291072327066828;1.0968125566346054;10.001242961557022;0.8335499880675766;1.097120015808228;1.097010015312715;0.7596386604498028;-0.1257909894685239;0.7699382393131838
64.976929;1.0939596845137027;0.8335110739606344;0.7617681571444288;0.12350982313283175;0.1129109708269001;1.0968142830039074;10.001262594609662;0.833548600248893;1.0971231472867649;1.097005871942352;0.7596379869909641;-0.12579098970550906;0.7699389869287966
64.986929;1.0939609885787862;0.8335124448626765;0.7617691031389618;0.12350957236693934;0.1129112019545403;1.0968161535044714;10.001282932729348;0.8335472307816504;1.0971263054033449;1.0970018257501764;0.7596372702369764;-0.12579098995580984;0.7699396371423589
64.996929;1.0939622199274466;0.8335137622755959;0.7617700835902589;0.1235093074328251;0.11291141738417644;1.096818159013409;10.001303883838126;0.8335458902820649;1.0971294934372857;1.096997881805933;0.7596365105715911;-0.12579099022076343;0.7699401871841886
65.006929;1.0939633786319634;0.833515019609015;0.7617710932945387;0.12350902756446767;0.11291161780124823;1.0968202898010635;10.001325363646094;0.8335445900218599;1.0971327144934828;1.0969940455127993;0.7596357081377335;-0.12579199050159517;0.7699408011218394
65.016929;1.093964465613969;0.8335162074107281;0.7617721269189627;0.12350873216592224;0.1129118035943793;1.0968225358796149;10.00134731431792;0.8335433379898404;1.0971359706065305;1.09699032211114;0.7596348628540747;-0.125791990799454;0.7699411559917696
65.026929;1.0939654839834625;0.8335173164780968;0.7617731794308601;0.12350842082262906;0.11291197490735116;1.096824887541387;10.001369720193821;0.8335421371143359;1.0971392622952827;1.0969867161204843;0.7596339743673169;-0.12579199111551956;0.769941420222254
65.036929;1.0939664391606647;0.8335183394014057;0.7617742465324231;0.12350809337139353;0.11291213181425659;1.0968273360923364;10.001392609122663;0.8335409866862353;1.0971425878925385;1.0969832308714307;0.7596330426060973;-0.12579199145070574;0.7699415991750559
65.046929;1.0939673379068553;0.8335192698945981;0.7617753243182372;0.12350775001241457;0.11291227445127491;1.0968298740138052;10.00141604231338;0.8335398847730137;1.0971459440974456;1.0969798683484058;0.7596320686878727;-0.1257919918052975;0.7699416980885513
65.056929;1.0939681868642006;0.8335201018167837;0.7617764085156027;0.12350739141251796;0.11291240308762843;1.0968324939324259;10.001440096192612;0.8335388304771878;1.0971493277758468;1.0969766289720582;0.7596310551393718;-0.1257919921792478;0.7699417219531508
65.066929;1.0939689918027131;0.8335208290122164;0.7617774945594656;0.1235070185076679;0.1129125181119083;1.0968351866833446;10.001464842578349;0.8335378253428866;1.097152736973202;1.096973511891404;0.7596300052587578;-0.12579199257283669;0.7699416757000571
65.076929;1.0939697572697273;0.8335214454195573;0.7617785786332505;0.1235066321336674;0.11291261992226882;1.0968379409499753;10.001490340163633;0.83353687245569;1.0971561710107396;1.0969705158870193;0.7596289221993039;-0.12579199298680943;0.7699415640646048
65.086929;1.0939704856822658;0.8335219455972748;0.7617796579226994;0.12350623294560283;0.11291270883345922;1.0968407450482625;10.00151664175246;0.8335359744438323;1.0971596308945333;1.0969676387345966;0.759627807813162;-0.1257919934221152;0.7699413908642104
65.096929;1.0939711766414193;0.8335223256877654;0.7617807290993788;0.12350582145542845;0.11291278510959826;1.096843587410611;10.001543799739087;0.833535132830748;1.0971631192292104;1.0969648754877117;0.7596266617943568;-0.12579199387993076;0.7699411588992328
65.106929;1.0939718265856655;0.8335225834790475;0.7617817872627063;0.12350539793958615;0.11291284906818329;1.0968464560354385;10.001571854405798;0.8335343482748193;1.0971666385552319;1.0969622191601063;0.759625482393392;-0.12579199436182273;0.7699408703331205
65.116929;1.0939724287968342;0.833522717858205;0.761782827088119;0.12350496244152427;0.11291290108680628;1.0968493400323938;10.00160081893637;0.8335336208441895;1.0971701902100561;1.0969596630418097;0.7596242682167699;-0.12579199486946951;0.7699405266062335
65.126929;1.093972975229091;0.8335227295161355;0.7617838445593785;0.12350451494038611;0.11291294141803782;1.0968522311603814;10.00163067698578;0.8335329508022241;1.09717377506365;1.096957200949269;0.7596230189409836;-0.12579199540422883;0.7699401288009597
65.136929;1.0939734595055677;0.8335226221679569;0.7617848374434852;0.1235040555000213;0.11291296992008658;1.0968551228396426;10.001661392154489;0.8335323386608697;1.0971773936766167;1.096954825596725;0.7596217341925275;-0.12579199596685234;0.7699396781158523
65.146929;1.0939738784835902;0.8335224020534852;0.7617858046689132;0.12350358439875606;0.11291298593791355;1.096858008882622;10.00169292370759;0.8335317834902042;1.097181045028588;1.096952527605869;0.7596204122416264;-0.12579199655709863;0.7699391748896394
65.156929;1.0939742322815882;0.8335220758812479;0.7617867461336459;0.12350310233982773;0.11291298846047397;1.0968608835667046;10.001725237127683;0.8335312817385871;1.0971847260459577;1.0969502959268753;0.7596190501004333;-0.1257919971736373;0.7699386182803247
65.166929;1.0939745243112542;0.8335216491631522;0.7617876633338652;0.12350261048149569;0.11291297643114072;1.0968637424689067;10.001758298903287;0.8335308276752454;1.097188432412627;1.0969481189781733;0.7596176443705132;-0.12579199781459227;0.7699380086001463
65.176929;1.0939747605443328;0.8335211258188023;0.7617885593872088;0.12350211004659518;0.1129129490162802;1.096866583616371;10.001792063821563;0.8335304141279951;1.0971921587290423;1.096945985476807;0.7596161914285938;-0.12579199847812458;0.769937349256164
65.186929;1.093974947080655;0.8335205084337219;0.761789438248636;0.12350160195951715;0.11291290566744631;1.0968694082297499;10.001826468524852;0.8335300339310435;1.0971958972888747;1.0969438840985384;0.7596146875660388;-0.12579199916268127;0.7699366459116042
65.196929;1.09397508810733;0.8335197985460594;0.7617903038317868;0.12350108695340702;0.11291284603049816;1.0968722202411687;10.001861427734537;0.8335296825737089;1.0971996372861403;1.0969418025843503;0.7596131299191511;-0.12579199986704676;0.7699359047800589
65.206929;1.0939751859110776;0.833518996972477;0.7617911593579938;0.12350056583295033;0.11291276998781273;1.09687502451291;10.001896834213102;0.8335293593092987;1.097203365947896;1.0969397277308257;0.7596115166572794;-0.12579200059016968;0.7699351319119674
65.216929;1.093975242186638;0.8335181046224281;0.7617920077715591;0.12350003956199945;0.11291267779223944;1.0968778255476541;10.001932572889514;0.8335290651252267;1.0972070703319732;1.0969376458781726;0.7596098458559672;-0.12579200133092172;0.7699343329714836
65.226929;1.0939752596324062;0.833517123562644;0.7617928526788554;0.12349950931625081;0.11291257003229967;1.0968806289236233;10.001968535418902;0.8335288008225131;1.09721073792041;1.0969355435664785;0.7596081149400281;-0.12579200208809865;0.7699335129023832
65.236929;1.0939752429094571;0.8335160571575367;0.7617936979732836;0.12349897650284569;0.11291244740276411;1.0968834439625368;10.002004617356684;0.8335285672384887;1.0972143563914116;1.0969334092335077;0.7596063209666094;-0.12579200286058181;0.7699326756516125
65.246929;1.0939751985209956;0.8335149093696766;0.7617945465317005;0.12349844257006677;0.1129123104049554;1.0968862843956027;10.002040710972677;0.8335283656126663;1.0972179138232045;1.0969312351081448;0.7596044607108554;-0.12579200364738682;0.769931823531041
65.256929;1.093975133892487;0.8335136841866755;0.7617953995569601;0.12349790872454575;0.11291215922075888;1.0968891663353673;10.00207670604317;0.8335281972976413;1.0972213991308304;1.0969290177334334;0.7596025307869816;-0.12579200444755725;0.7699309569375796
65.266929;1.0939750557156918;0.8335123850826912;0.7617962567084602;0.12349737588844927;0.11291199380131672;1.0968921051604803;10.002112490382594;0.8335280635952547;1.0972248016866155;1.0969267574029269;0.7596005277739404;-0.12579200526005296;0.7699300756661139
65.276929;1.0939749686963949;0.8335110148314802;0.761797116716799;0.12349684499758863;0.11291181385277983;1.0968951138232856;10.002147947703824;0.8335279655221205;1.097228110567983;1.0969244574828199;0.7595984482000302;-0.12579200608369864;0.7699291803607162
65.286929;1.0939748756461618;0.8335095763284911;0.7617979776357243;0.12349631728755989;0.11291161880701127;1.0968982030152257;10.002182958957786;0.8335279030093873;1.0972313148947364;1.096922123014899;0.7595962886527476;-0.12579200691717896;0.769928273310287
65.296929;1.0939747774578812;0.8335080733428538;0.7617988357267934;0.12349579414441435;0.11291140810599885;1.0969013811565118;10.0022174035017;0.8335278743241984;1.0972344048008922;1.096919758196668;0.7595940457706176;-0.12579200775917496;0.769927359452666
65.306929;1.0939746730278095;0.8335065098540925;0.7617996849651266;0.12349527663886455;0.11291118150443158;1.0969046540849299;10.002251154708704;0.8335278770495222;1.097237372024601;1.096917365481493;0.7595917168877101;-0.1257920086083001;0.7699264462614935
65.316929;1.0939745606109548;0.8335048886063141;0.7618005190946296;0.12349476534978521;0.11291093906780418;1.0969080255646517;10.002284081258775;0.8335279095681802;1.0972402098399243;1.0969149480189426;0.7595893017933514;-0.12579200946251937;0.769925541760527
65.326929;1.0939744386881525;0.83350321071928;0.7618013335384168;0.12349426068512338;0.11291068106942632;1.0969114973090737;10.002316057579486;0.8335279712153357;1.0972429118500175;1.096912511978415;0.7595868034715286;-0.1257920103189075;0.7699246529985017
65.336929;1.0939743045430346;0.8335014768741482;0.7618021250512991;0.12349376316349621;0.1129104079391874;1.0969150676073307;10.002346964673245;0.8335280616750695;1.0972454714153383;1.0969100656606008;0.7595842268402916;-0.12579201117411026;0.769923786208659
65.346929;1.093974153076331;0.833499688658275;0.7618028908640884;0.12349327331613583;0.11291012017754369;1.0969187308591792;10.002376678284831;0.8335281802344575;1.0972478832940313;1.096907616683396;0.7595815774537483;-0.1257920120245997;0.7699229474051268
65.356929;1.0939739776158353;0.8334978490537559;0.7618036284650012;0.12349279152621306;0.11290981823994119;1.0969224797974908;10.002405063245405;0.8335283247404829;1.0972501443409874;1.096905169832617;0.7595788615671266;-0.1257920128666227;0.7699221419467268
65.366929;1.0939737709874457;0.8334959624019936;0.7618043357604491;0.12349231803282004;0.1129095024565278;1.0969263083119805;10.002431981076567;0.8335284911006914;1.0972522513869563;1.0969027274581336;0.7595760870063735;-0.12579201369630982;0.7699213729615395
65.376929;1.093973525981665;0.8334940337836533;0.761805011079738;0.12349185296349864;0.11290917294249214;1.096930211411488;10.002457304149317;0.8335286738890988;1.0972541996782261;1.096900292072849;0.759573263138127;-0.12579201450972988;0.7699206409356735
65.386929;1.093973236043124;0.8334920676301623;0.7618056526095554;0.1234913963636536;0.11290882960169359;1.096934182676753;10.002480935722168;0.8335288672547063;1.097255983939811;1.0968978686184014;0.7595703993228381;-0.1257920153027675;0.7699199458635725
65.396929;1.0939728962860316;0.8334900668833487;0.7618062581173551;0.12349094830291456;0.11290847232187715;1.0969382131588428;10.002502827517146;0.8335290652501294;1.0972575999137162;1.096895464929192;0.7595675037982242;-0.1257920160711676;0.7699192894056611
65.406929;1.0939725040754835;0.8334880338381965;0.7618068251620108;0.12349050892487812;0.11290810109154419;1.0969422930460468;10.002522973739666;0.8335292618143558;1.097259044832653;1.0968930905800225;0.759564584275634;-0.12579201681090735;0.7699186747084753
65.416929;1.0939720584899177;0.8334859717298999;0.7618073511504604;0.123490078375029;0.1129077159444917;1.0969464133617395;10.002541383650884;0.833529450869909;1.097260317255431;1.096890754531591;0.7595616490104079;-0.1257920175186547;0.7699181044828846
65.426929;1.0939715592954729;0.8334835413513606;0.7618075195048841;0.12349082266721328;0.11290838277599861;1.0969505655230245;10.002558060783594;0.8335296265734804;1.097261416581841;1.096888462920278;0.7595587069453041;-0.12579201819195757;0.7699175791293551
65.436929;1.0939710067606148;0.8334814342834244;0.7618079573428792;0.12349041022070056;0.11290797043902429;1.0969547394134045;10.002573004651655;0.8335297838826029;1.097262342479692;1.0968862188051727;0.7595557667911434;-0.1257920188290737;0.7699170966060911
65.446929;1.0939704016980818;0.8334793089219754;0.7618083511983429;0.12349000724781868;0.11290754532662675;1.0969589223187304;10.002586219720278;0.8335299190901223;1.097263094317217;1.0968840236440691;0.7595528360065282;-0.1257920194286742;0.7699166539148168
65.456929;1.0939697443251108;0.8334771647210905;0.7618087034265288;0.12348961433125795;0.1129071081128926;1.096963099867212;10.0025977162027;0.8335300297616848;1.0972636705987615;1.0968818790080443;0.7595499208673702;-0.12579201998968734;0.7699162483455363
65.466929;1.0939690326788962;0.8334749987259787;0.7618090163834411;0.12348923229485945;0.11290665934864877;1.0969672572976212;10.002607509772979;0.8335301145425378;1.0972640685286998;1.096879787873757;0.7595470276327815;-0.1257920205112916;0.7699158775270633
65.476929;1.0939682618737758;0.8334728064169585;0.761809291220817;0.12348886202327874;0.112906199534735;1.0969713799663272;10.002615622433567;0.8335301732331684;1.0972642844556761;1.0968777552013464;0.7595441637807672;-0.12579202099280182;0.7699155388830375
65.486929;1.0939674242578559;0.8334705835258255;0.7618095280633284;0.12348850433093998;0.11290572929152491;1.0969754546324313;10.002622077357604;0.8335302067896752;1.0972643154747446;1.0968757873402692;0.7595413384813072;-0.12579202143346566;0.7699152292357426
65.496929;1.0939665103245884;0.8334683278365962;0.761809726778843;0.12348816009024208;0.11290524935110094;1.096979471407213;10.0026268900752;0.8335302173017555;1.097264160188928;1.0968738901271686;0.7595385618328444;-0.12579202183262417;0.7699149449082485
65.506929;1.0939655100367665;0.8334660392907846;0.7618098872889713;0.12348783037294399;0.11290476039554366;1.096983423672747;10.002630066478051;0.8335302075393132;1.0972638181721763;1.0968720667207372;0.7595358434455647;-0.125792022190086;0.769914682041015
65.516929;1.093964413566535;0.8334637190247058;0.7618100091443505;0.1234875163191846;0.11290426288433007;1.0969873064094902;10.00263161080755;0.8335301793356323;1.0972632901643569;1.0968703169495382;0.7595331919872155;-0.1257920225060308;0.769914436234797
65.526929;1.0939632111897444;0.8334613690022447;0.7618100913418641;0.12348721900120035;0.11290375697154044;1.0969911159181402;10.002631526794667;0.8335301321045118;1.0972625789670907;1.0968686386033988;0.7595306159423212;-0.12579202278059584;0.7699142020375717
65.536929;1.0939618933146007;0.8334589923193455;0.7618101330732177;0.12348693944367713;0.1129032426190781;1.0969948503815623;10.002629805965372;0.8335300633444475;1.0972616895662222;1.0968670295638268;0.759528124422237;-0.12579202301368228;0.7699139735337007
65.546929;1.0939604510546492;0.8334565933556838;0.7618101343202991;0.12348667853475989;0.11290271982486322;1.0969985090598422;10.002626426013624;0.8335299704674807;1.0972606279191335;1.0968654897186083;0.7595257272762097;-0.12579202320510985;0.7699137448891373
65.556929;1.0939588772473625;0.8334541767388319;0.7618100953907454;0.12348643686351998;0.11290218874242751;1.097002090750001;10.002621364378566;0.8335298517590982;1.0972593994335529;1.0968640215359708;0.7595234344759992;-0.12579202335511658;0.769913509593454
65.566929;1.093957168027244;0.8334517455277329;0.7618100162356033;0.12348621472600137;0.11290164967051372;1.0970055929517848;10.002614608658314;0.8335297060167174;1.0972580093255404;1.0968626287208965;0.7595212556524644;-0.12579202346494878;0.7699132599263031
65.576929;1.0939553235928974;0.8334493004927455;0.7618098965241351;0.12348601227142708;0.1129011030083708;1.097009012646382;10.002606160301985;0.8335295322764353;1.0972564648170553;1.09686131452842;0.7595191999325873;-0.12579202353704153;0.7699129878515721
65.586929;1.0939533466504918;0.8334468408030493;0.7618097362415583;0.12348582965580883;0.11290054923928035;1.0970123490285852;10.002596033487112;0.8335293299789961;1.0972547764045548;1.0968600805288071;0.7595172747541028;-0.1257920235745309;0.7699126865469664
65.596929;1.0939512403082596;0.833444365132593;0.7618095361664565;0.12348566709607191;0.11289998899381247;1.0970156054647089;10.002584247760637;0.8335290990027852;1.0972529570195977;1.0968589247604783;0.7595154844475901;-0.12579202358054933;0.7699123516630259
65.606929;1.0939490080965657;0.8334418720573953;0.7618092977689395;0.12348552482674299;0.11289942310408219;1.0970187876254112;10.002570825835136;0.833528839681562;1.0972510207220911;1.0968578406693965;0.7595138307651262;-0.12579202355818847;0.769911981539036
65.616929;1.093946655179802;0.8334393591777768;0.7618090221660914;0.1234854030938849;0.11289885251268897;1.097021899782456;10.002555797659758;0.8335285529516094;1.0972489816674005;1.0968568186714192;0.759512314841597;-0.1257920235109822;0.7699115762903052
65.626929;1.093944188414595;0.8334368225466176;0.7618087091295115;0.12348530219421058;0.11289827805971069;1.0970249426575307;10.00253919406597;0.8335282406121425;1.0972468528961756;1.0968558486018167;0.7595109380340431;-0.12579202344305845;0.7699111370062773
65.636929;1.0939416155116066;0.8334342578191424;0.761808357520571;0.1234852224004972;0.11289770032581091;1.09702791268798;10.00252103663616;0.833527905082389;1.0972446457551737;1.0968549212506968;0.759509700514781;-0.12579202335888795;0.7699106660698906
65.646929;1.0939389439143443;0.833431661958131;0.7618079661955842;0.12348516380093406;0.11289711968408579;1.0970308025514088;10.002501343032614;0.8335275482353075;1.0972423704801306;1.0968540287749615;0.759508599931146;-0.12579202326281463;0.7699101682948729
65.656929;1.09393617968282;0.8334290340220386;0.7618075343233376;0.12348512629573274;0.11289653653251622;1.097033603403566;10.002480137680873;0.8335271709006108;1.0972400373011157;1.0968531637621417;0.759507632221673;-0.12579202315857851;0.7699096512794732
65.666929;1.0939333281132972;0.8334263751344047;0.7618070619107742;0.12348510977256745;0.11289595152505977;1.0970363069402518;10.002457452031642;0.8335267734752069;1.0972376574448772;1.0968523182813157;0.7595067930621829;-0.1257920230491296;0.769909124085586
65.676929;1.0939303952578936;0.8334236881490261;0.7618065502741265;0.12348511420992772;0.11289536554069748;1.097038906009015;10.002433320632575;0.833526356018086;1.0972352431020052;1.0968514848974205;0.7595060782904812;-0.12579202293653413;0.769908595435126
65.686929;1.0939273881177185;0.833420976896119;0.7618060013958526;0.12348513962223509;0.11289477942674189;1.0970413945581552;10.002407773325759;0.8335259181230292;1.0972328057163554;1.0968506578630588;0.7595054838198506;-0.1257920228219101;0.7699080726343044
65.696929;1.0939243149207596;0.8334182455179955;0.7618054172075015;0.12348518601276261;0.1128941938877041;1.0970437673681033;10.002380822695246;0.8335254594967069;1.097230353601548;1.0968498322243168;0.7595050059640599;-0.12579202270542042;0.7699075617047384
65.706929;1.093921185867446;0.8334154986533281;0.7618048000701276;0.1234852533468312;0.11289360952989531;1.0970460189972246;10.002352468270272;0.8335249804071198;1.0972278908067896;1.096849002661974;0.7595046425282922;-0.12579202258618924;0.7699070679761484
65.716929;1.093918012050704;0.8334127412934924;0.7618041534274987;0.12348534141024779;0.11289302682527799;1.0970481418780391;10.002322717840157;0.8335244813781715;1.0972254185895647;1.0968481632415075;0.7595043938549842;-0.12579202246247997;0.7699065957116006
65.726929;1.0939148031028136;0.8334099776315754;0.761803481142055;0.1234854496312849;0.11289244610179665;1.0970501256432525;10.00229159420352;0.833523962495129;1.097222938364257;1.0968473075219922;0.7595042622937657;-0.12579202233213066;0.7699061475677813
65.736929;1.0939115662639403;0.8334072101580694;0.7618027861223383;0.12348557702928177;0.11289186767376662;1.097051958745521;10.002259124711593;0.833523423159538;1.0972204525264608;1.0968464292856475;0.7595042501866965;-0.12579202219277813;0.7699057249853941
65.746929;1.0939083073803468;0.8334044389622457;0.7618020694863566;0.12348572225653713;0.11289129194053836;1.0970536305682426;10.002225337273977;0.8335228627901307;1.0972179623344689;1.096845523274763;0.7595043585065344;-0.12579202204209838;0.7699053288032904
65.756929;1.0939050326495419;0.833401661093852;0.7618013300868967;0.1234858836429791;0.11289071937520427;1.097055133045386;10.002190263102014;0.8335222811985333;1.0972154665436826;1.0968445850123907;0.7595045877634518;-0.12579202187818742;0.7699049596952533
65.766929;1.0939017503907749;0.8333988716357337;0.7618005649145762;0.12348605929385369;0.11289015047438379;1.0970564612939995;10.0021539364274;0.8335216780935063;1.0972129632116143;1.096843610074508;0.7595049398812496;-0.12579202169964235;0.7699046181447173
65.776929;1.0938984713409825;0.8333960663456774;0.7617997708912073;0.12348624728942631;0.11288958569260923;1.097057612913176;10.002116390392914;0.8335210531407673;1.0972104525939954;1.0968425943408664;0.7595054183394674;-0.1257920215054378;0.7699043040003039
65.786929;1.0938952066895204;0.8333932433040444;0.7617989460803463;0.1234864459122907;0.11288902540984375;1.097058587361923;10.002077652186934;0.8335204064234074;1.0972079377136474;1.0968415354041614;0.7595060259413506;-0.12579202129480363;0.7699040171358448
65.796929;1.0938919663045898;0.8333904026842435;0.7617980895143156;0.12348665377224935;0.11288846993962177;1.0970593853392303;10.002037749636811;0.8335197382134606;1.0972054223447834;1.0968404324560797;0.7595067623108621;-0.12579202106688206;0.7699037592294198
65.806929;1.0938887585020292;0.8333875456622121;0.7617972011225185;0.12348686973299454;0.11288791954723418;1.0970600071168104;10.001996718427002;0.8335190484007386;1.0972029091307598;1.096839284636851;0.7595076240250134;-0.12579202082038923;0.7699035342595955
65.816929;1.093885590364315;0.8333846730462999;0.7617962818885184;0.12348709272379028;0.11288737445018143;1.0970604514526567;10.001954587288786;0.83351833596958;1.0972003991303338;1.0968380911040783;0.7595086072362038;-0.12579202055377892;0.7699033473150003
65.826929;1.093882468829101;0.8333817842687442;0.7617953338349653;0.12348732160608371;0.11288683478361063;1.0970607167510207;10.00191136155474;0.8335175986989826;1.0971978919200807;1.0968368525894594;0.7595097090478062;-0.12579202026563888;0.7699032033806683
65.836929;1.0938794021529663;0.833378877718456;0.761794359857619;0.12348755513600308;0.11288630060707003;1.097060802814909;10.001867026859243;0.8335168338225132;1.0971953859327006;1.0968355723366872;0.7595109262160209;-0.12579201995461275;0.7699031066041494
65.846929;1.0938764001572197;0.8333759520688249;0.761793362926445;0.12348779205889002;0.11288577188043444;1.097060710670097;10.001821560488565;0.8335160391746481;1.0971928793116112;1.0968342561085331;0.7595122540631842;-0.12579201961891112;0.7699030603144463
65.856929;1.0938734738697296;0.8333730072471149;0.761792345254733;0.123488031307436;0.11288524832302803;1.0970604413901195;10.001774940296976;0.833515213230148;1.097190370680686;1.0968329106346955;0.759513687235379;-0.12579201925628622;0.7699030676490453
65.866929;1.093870635126999;0.8333700447965883;0.7617913084641248;0.1234882720662878;0.112884729369355;1.097059996280371;10.001727150563475;0.8335143543685746;1.0971878586218367;1.0968315410132836;0.7595152206263854;-0.12579201886471353;0.7699031315441157
65.876929;1.09386789500333;0.8333670678368633;0.7617902543659126;0.12348851371563221;0.11288421433362748;1.0970593775720667;10.001678182126716;0.8335134608068626;1.097185340216723;1.0968301499568651;0.7595168496656196;-0.1257920184429926;0.7699032544627699
65.886929;1.0938652622314105;0.8333640806809789;0.7617891854782981;0.1234887559121821;0.1128837025541947;1.0970585883375337;10.001628033164993;0.8335125308783882;1.097182810757787;1.096828739771217;0.75951857088941;-0.12579201799077575;0.7699034387325104
65.896929;1.0938627430918162;0.8333610887526721;0.7617881047884768;0.12348899869169196;0.1128831934117704;1.097057632547607;10.00157671474654;0.8335115625399093;1.0971802654885443;1.0968273145303886;0.7595203823785271;-0.125792017508442;0.7699036866581284
65.906929;1.093860341920441;0.8333580984852478;0.7617870153858199;0.12348924235236299;0.11288268637894616;1.0970565152727967;10.00152424762785;0.8335105524626892;1.0971777016865034;1.096825880149198;0.7595222830636649;-0.1257920169971945;0.7699040005586605
65.916929;1.0938580620095688;0.8333551166559706;0.7617859208569128;0.12348948722248984;0.11288218110511866;1.0970552427052844;10.001470650976701;0.8335094956484226;1.0971751184473169;1.0968244430258474;0.7595242715916654;-0.12579201645911578;0.7699043834647775
65.926929;1.0938559065358981;0.8333521503009735;0.7617848258396724;0.12348973343013854;0.11288167743674056;1.0970538220449768;10.001415938450792;0.8335083856955051;1.0971725144119249;1.0968230094937927;0.7595263458509222;-0.1257920158968459;0.7699048393210105
65.936929;1.093853878630819;0.8333492077184155;0.7617837355095661;0.12348998073028888;0.1128811754108781;1.097052260493844;10.001360118393269;0.8335072159549217;1.0971698869310689;1.096821587238962;0.7595285029488568;-0.12579201531311743;0.7699053723024282
65.946929;1.093851981021832;0.8333462990019999;0.7617826539693352;0.12349022854696846;0.11288067527125568;1.0970505641435282;10.00130319347638;0.8335059812338339;1.0971672332534141;1.0968201873218004;0.7595307386907101;-0.12579201471057785;0.7699059864634802
65.956929;1.093850215104865;0.8333434351192665;0.7617815828929859;0.12349047619170254;0.1128801775119671;1.0970487379707488;10.001245165344306;0.8335046780573563;1.0971645510766626;1.0968188238322882;0.7595330467192651;-0.12579201409187743;0.7699066855529862
65.966929;1.0938485792483366;0.8333406267254535;0.7617805215110115;0.12349072304609648;0.11287968294779012;1.097046786764868;10.001186039116678;0.8335033030254887;1.0971618379162993;1.0968175108529712;0.7595354191039527;-0.12579201345967284;0.769907471977247
65.976929;1.0938470688407642;0.8333378836383631;0.7617794677570221;0.12349096855062593;0.1128791927658748;1.0970447165331303;10.001125822230815;0.8335018518471634;1.0971590902914972;1.0968162598142646;0.7595378484438193;-0.12579201281630165;0.7699083455666021
65.986929;1.0938456794375473;0.833335214599084;0.761778419438274;0.12349121197648825;0.11287870843385588;1.0970425350849822;10.00106452568458;0.8335003201868035;1.0971563035001657;1.0968150793262283;0.7595403289005516;-0.12579201216344504;0.7699093038629746
65.996929;1.0938444097397084;0.8333326272646127;0.761777374362935;0.12349145225549896;0.11287823142803773;1.0970402510241133;10.001002168140317;0.8334987045084873;1.097153472436625;1.0968139760014701;0.7595428558238363;-0.12579201150223976;0.7699103435189805
66.006929;1.0938432613568145;0.8333301283777786;0.7617763299382987;0.12349168806449247;0.1128777630268255;1.0970378726069339;10.000938773621167;0.8334970020336726;1.0971505924086011;1.0968129546599332;0.7595454254511254;-0.12579201083365882;0.7699114604247139
66.016929;1.0938422367385867;0.8333277240675405;0.7617752830423966;0.12349191795040317;0.11287730432264566;1.0970354072923036;10.00087436798861;0.8334952105496968;1.097147659216352;1.0968120193876203;0.7595480343862372;-0.12579201015875924;0.7699126485132147
66.026929;1.0938413383083208;0.8333254203305402;0.7617742296878978;0.12349214038263921;0.11287685620264316;1.097032860914413;10.000808987984602;0.8334933288381453;1.0971446690593474;1.0968111753397378;0.7595506789602343;-0.12579200947866867;0.7699138998247337
66.036929;1.093840569097526;0.8333232230124269;0.7617731651139545;0.12349235388392442;0.11287641920007756;1.097030237035353;10.000742699123538;0.8334913574433374;1.0971416185125578;1.0968104284854436;0.7595533552158475;-0.12579200879442246;0.7699152062405439
66.046929;1.0938399330401263;0.8333211373014696;0.7617720855401499;0.12349255717187818;0.11287599349919843;1.0970275381008159;10.000675601700072;0.8334892981480293;1.0971385049546993;1.0968097836153052;0.7595560591912026;-0.12579200810701474;0.7699165607348578
66.056929;1.0938394340390585;0.8333191678137611;0.761770989577529;0.1234927491715385;0.11287557914164975;1.0970247673188098;10.000607819449897;0.8334871525104133;1.0971353277731122;1.0968092437974328;0.7595587874267119;-0.12579200741762941;0.7699179576557201
66.066929;1.0938390746802757;0.833317319027625;0.7617698775474692;0.12349292904587497;0.11287517616269735;1.0970219293048955;10.000539486736622;0.8334849220236026;1.0971320893855168;1.0968088122957758;0.7595615374943591;-0.12579200672770666;0.7699193929146065
66.076929;1.0938388552644567;0.8333155947034137;0.7617687507518579;0.12349309628935834;0.1128747845578552;1.097019029477684;10.000470738104775;0.8334826097832186;1.0971287951982394;1.0968084945846381;0.759564307811341;-0.12579200603896162;0.7699208642893426
66.086929;1.093838772609622;0.8333139965880502;0.7617676115714507;0.12349325076041617;0.11287440425524412;1.0970160731715737;10.000401698228828;0.8334802210082011;1.0971254528832004;1.0968082983986263;0.7595670973865059;-0.12579200535340013;0.7699223716509483
66.096929;1.09383881946525;0.8333125238869344;0.7617664633368735;0.12349339266722684;0.1128740352422299;1.0970130649844447;10.000332484556578;0.8334777619902944;1.0971220706964104;1.096808232898378;0.7595699063034818;-0.12579200467315294;0.7699239163411052
66.106929;1.093838985889381;0.8333111737586401;0.7617653102476442;0.12349352250648783;0.11287367771180494;1.0970100084919165;10.000263217708698;0.83347523956813;1.097118655207738;1.0968083084774953;0.7595727360294909;-0.12579200400043625;0.7699255000067684
66.116929;1.093839261225852;0.8333099423843736;0.7617641573280284;0.1234936409607016;0.1128733319809972;1.0970069068082968;10.000194016137575;0.8334726615057364;1.097115211022693;1.0968085367101563;0.7595755893872658;-0.12579200333771845;0.7699271245033371
66.126929;1.093839635141745;0.8333088261910514;0.761763009770826;0.12349374883754866;0.11287299824048302;1.0970037641333654;10.000124981361497;0.8334700365815203;1.0971117423829102;1.0968089295992107;0.7595784710026088;-0.12579200268765403;0.7699287924752526
66.136929;1.093840098532465;0.833307822659132;0.7617618722596272;0.12349384697057213;0.1128726764345186;1.0970005870599957;10.000056194866985;0.8334673741672428;1.0971082537812462;1.0968094975277167;0.7595813874158458;-0.12579200205288044;0.7699305076886903
66.146929;1.0938406445587168;0.8333069301185625;0.7617607490909515;0.12349393608525681;0.11287236632299717;1.0969973840915455;9.999987725587443;0.8334646832390032;1.0971047490981403;1.0968102465069105;0.7595843461351559;-0.12579200143606561;0.7699322752793403
66.156929;1.0938412682219714;0.8333061459198937;0.7617596450641879;0.12349401687767193;0.11287206753001597;1.096994164053008;9.99991964764803;0.8334619711971453;1.0971012306036114;1.0968111770750713;0.7595873549949954;-0.1257920008397908;0.7699341013356716
66.166929;1.0938419646107493;0.8333054647820439;0.7617585666725742;0.12349409020678995;0.11287177952260662;1.096990935443295;9.999852058128726;0.8334592434052235;1.0970976984394283;1.0968122852444002;0.7595904224748954;-0.12579200026599643;0.769935991879344
66.176929;1.0938427276636473;0.8333048797851341;0.761757522434095;0.12349415710398615;0.1128715016074587;1.0969877059560833;9.99978507156789;0.833456503116463;1.0970941503294602;1.0968135639847882;0.7595935576815881;-0.12579199971572713;0.7699379519062344
66.186929;1.093843549715409;0.8333043843088666;0.7617565217681889;0.1234942186629235;0.11287123296741755;1.096984481129707;9.999718808109547;0.8334537511400469;1.0970905814086154;1.09681500504713;0.759596769441166;-0.12579199918937245;0.7699399846199139
66.196929;1.0938444218415029;0.8333039731580488;0.7617555740256691;0.1234942759377434;0.1128709726995106;1.0969812644403958;9.999653394648512;0.8334509861789928;1.0970869848134812;1.0968166012224079;0.7596000653206898;-0.1257919986868235;0.7699420916492
66.206929;1.093845335303988;0.8333036434292046;0.761754688684719;0.12349432985290959;0.1128707198036614;1.0969780588204807;9.999588960570627;0.8334482067333596;1.097083353503535;1.09681834793463;0.759603450883147;-0.12579199820749903;0.7699442741716394
66.216929;1.0938462827593718;0.8333033945977677;0.7617538754697446;0.12349438113259614;0.11287047308391096;1.0969748664770311;9.99952562853876;0.833445412225303;1.0970796823843472;1.0968202432077483;0.7596069291026976;-0.12579199775037156;0.769946533278587
66.226929;1.093847258398475;0.8333032274767117;0.7617531436994566;0.12349443022110926;0.1128702310831381;1.0969716875343114;9.999463515800656;0.8334426007702023;1.0970759693461176;1.0968222864389015;0.7596105005386373;-0.12579199731378102;0.7699488695281383
66.236929;1.0938482581050595;0.8333031427682593;0.7617525015699105;0.12349447719540019;0.11286999224589371;1.0969685200673465;9.999402733752854;0.8334397667182346;1.0970722150253955;1.0968244762666743;0.7596141641138218;-0.12579199689522996;0.7699512831391053
66.246929;1.093849279759121;0.833303140102551;0.7617519560624566;0.12349452182136604;0.11286975525685067;1.096965361686369;9.99934337736511;0.8334369020760856;1.0970684216610946;1.0968268081608494;0.759617917238353;-0.12579199649160117;0.7699537746769131
66.256929;1.0938503229085423;0.8333032184313786;0.7617515132294699;0.12349456387561289;0.1128695193031613;1.0969622117096391;9.999285521158583;0.8334339999812249;1.0970645909991579;1.096829274046975;0.7596217550934834;-0.12579199609950864;0.7699563452467376
66.266929;1.0938513886548669;0.8333033769988161;0.7617511782443532;0.12349460348488336;0.11286928410738664;1.096959072990097;9.999229221332568;0.8334310566736782;1.097060722072365;1.0968318633837042;0.7596256702909131;-0.12579199571533548;0.7699589962779659
66.276929;1.093852480255271;0.8333036151051815;0.7617509555019504;0.12349464113445313;0.11286904975549646;1.0969559520781094;9.99917450775662;0.8334280713130203;1.097056810831797;1.0968345634112664;0.7596296536815029;-0.1257919953351777;0.7699617293526096
66.286929;1.0938536029908397;0.8333039307970743;0.7617508487369302;0.1234946775039654;0.11286881643936103;1.0969528576912817;9.999121378502348;0.8334250440463992;1.0970528514390108;1.096837360134933;0.7596336955837423;-0.12579199495506155;0.7699645460110999
66.296929;1.093854763344057;0.8333043203600209;0.7617508605712255;0.12349471339844058;0.11286858432758401;1.096949799970425;9.999069819176002;0.8334219732441283;1.0970488373663847;1.0968402406279274;0.7596377864072552;-0.1257919945715192;0.7699674473780301
66.306929;1.0938559693409418;0.8333047790868383;0.7617509920627565;0.12349474959356696;0.11286835371801153;1.0969467911645192;9.999019832956126;0.8334188543968013;1.0970447623417636;1.0968431939761505;0.7596419169885855;-0.12579199418211154;0.769970433952652
66.316929;1.0938572313823016;0.8333053019139838;0.7617512428655654;0.12349478662254952;0.11286812520794955;1.0969438450545577;9.99897144836806;0.8334156809568979;1.0970406214621788;1.0968462101229692;0.7596460793091625;-0.1257919937854756;0.7699735056644053
66.326929;1.093858561441226;0.8333058835514144;0.761751611587762;0.12349482481692475;0.11286789951954707;1.0969409743085459;9.998924704543445;0.8334124446336848;1.0970364112133701;1.0968492787687942;0.7596502668090622;-0.12579199338114283;0.7699766617756927
66.336929;1.093859971653877;0.8333065181716415;0.7617520954368542;0.12349486441141154;0.1128676771663469;1.0969381879484292;9.998879635737374;0.8334091358534899;1.0970321278268715;1.096852390138439;0.7596544735850503;-0.1257919929692264;0.7699799011157513
66.346929;1.0938614740152162;0.8333071983752717;0.7617526887912678;0.12349490545329112;0.11286745834505121;1.0969354906925322;9.998836260375196;0.8334057457271262;1.0970277664483425;1.0968555359133239;0.759658693622772;-0.12579199254997064;0.7699832231404066
66.356929;1.093863080330214;0.8333079148391906;0.7617533821449064;0.1234949477019361;0.11286724302604016;1.0969328837455012;9.998794578324832;0.8334022673090773;1.0970233228896964;1.0968587082970525;0.7596629209142718;-0.12579199212372658;0.7699866285762041
66.366929;1.0938648011867478;0.8333086574264904;0.761754162880403;0.1234949906501711;0.11286703105059398;1.0969303659341054;9.998754582893374;0.8333986953747529;1.0970187950550279;1.0968618993751007;0.7596671493780349;-0.12579199169117958;0.7699901191659525
66.376929;1.0938666439778344;0.8333094163503622;0.7617550174249367;0.12349503360742142;0.11286682223348488;1.0969279350256125;9.998716281007482;0.8333950260473233;1.0970141821968815;1.096865102112828;0.7596713719374972;-0.12579199125308782;0.7699936976272332
66.386929;1.093868611399157;0.83331018269668;0.7617559332410485;0.12349507585012047;0.11286661652330873;1.0969255889563814;9.99867970483256;0.8333912565321704;1.0970094841719331;1.0968683104680155;0.7596755799001191;-0.12579199080996276;0.7699973678878798
66.396929;1.093870701858884;0.8333109485156994;0.7617568996051458;0.12349511680694396;0.11286641410870472;1.0969233264441771;9.998644899808616;0.8333873850534883;1.0970047011231705;1.096871517818888;0.7596797631447352;-0.1257919903622087;0.7700011347072193
66.406929;1.0938729113420662;0.8333117066189477;0.7617579077302458;0.12349515607307328;0.11286621535951719;1.0969211472052707;9.998611902205774;0.8333834107391995;1.0969998329683561;1.096874715791088;0.7596839107959;-0.12579198991032886;0.7700050022963694
66.416929;1.0938752347176868;0.8333124507055356;0.7617589508239275;0.12349519327094233;0.11286602069725442;1.0969190520361447;9.998580734972377;0.8333793326298791;1.0969948803929248;1.0968778944644688;0.7596880127106792;-0.1257919894550152;0.7700089729557645
66.426929;1.0938776656959097;0.8333131757521111;0.7617600235342296;0.1234952280118923;0.112865830470636;1.0969170427372237;9.998551416050589;0.8333751485067599;1.0969898463559165;1.096881043044794;0.7596920609747103;-0.12579198899708693;0.7700130474820516
66.436929;1.0938801968896512;0.8333138774980895;0.7617611206876181;0.12349525990604442;0.1128656448420526;1.0969151220546083;9.998523957081954;0.8333708555502206;1.0969847346660955;1.0968841512187255;0.7596960497408408;-0.12579198853729262;0.7700172271479649
66.446929;1.0938828205173428;0.8333145512062694;0.7617622362642482;0.12349528852875129;0.11286546377691649;1.0969132933100467;9.99849835572507;0.8333664525908363;1.096979547911026;1.0968872116898254;0.7596999739308188;-0.1257919880763111;0.7700215148574029
66.456929;1.0938855287372662;0.8333151906946311;0.7617633639690305;0.12349531343387843;0.11286528718259173;1.0969115594820598;9.998474590345145;0.8333619410910971;1.0969742886880924;1.0968902206495883;0.7597038286373877;-0.12579198761484772;0.7700259142928098
66.466929;1.0938883132710127;0.833315787670355;0.7617644994426239;0.12349533422396418;0.11286511511485253;1.0969099225557075;9.998452620502897;0.8333573239939629;1.0969689616455298;1.09689317469504;0.7597076091075379;-0.12579198715337406;0.770030428544626
66.476929;1.093891165504576;0.8333163318277051;0.7617656414743624;0.12349535071406346;0.11286494787810723;1.0969083838713514;9.998432395359359;0.8333526043083398;1.0969635735483945;1.096896068681462;0.7597113099819498;-0.12579198669171116;0.770035059449864
66.486929;1.0938940778161044;0.8333168122600169;0.761766790683591;0.12349536311884853;0.11286478590584345;1.096906945459456;9.998413863558078;0.8333477843468264;1.0969581327255649;1.0968988964030553;0.7597149245476627;-0.12579198622888932;0.7700398073915449
66.496929;1.0938970444396283;0.8333172187529624;0.7617679480399417;0.12349537203627314;0.11286462959992521;1.0969056112391695;9.9983969786963;0.8333428652063505;1.0969526483079766;1.0969016512268175;0.7597184451613598;-0.12579198576325373;0.7700446713518471
66.506929;1.0939000606757145;0.8333175414541956;0.7617691151786945;0.12349537822770926;0.11286447936742568;1.096905386652086;9.998381698960022;0.8333378470183046;1.0969471288397348;1.096904326106781;0.7597218640309817;-0.12579198529271982;0.7700496491701102
66.516929;1.0939031216491508;0.8333177701105849;0.7617702951584687;0.12349538240399345;0.11286433579181492;1.0969042769397246;9.998367979432127;0.8333327302024796;1.0969415815892118;1.0969069143409453;0.7597251739989533;-0.12579198481502743;0.770054738053408
66.526929;1.0939062217819644;0.8333178946285009;0.7617714917541257;0.12349538511091787;0.11286419967398424;1.0969032848340594;9.9983557641981;0.8333275161485668;1.096936012874017;1.0969094106008843;0.7597283692470951;-0.12579198432801061;0.7700599350973562
66.536929;1.0939093548703371;0.833317906614066;0.7617727075553528;0.1234953867083345;0.11286407185867559;1.0969024090834174;9.99834499292849;0.8333222072261569;1.0969304280249066;1.096911811445853;0.7597314452928742;-0.12579198383013196;0.7700652369136795
66.546929;1.093912514399771;0.8333178004796573;0.7617739426434561;0.12349538744850053;0.11286395308770127;1.0969016460934904;9.998335611717884;0.8333168070557898;1.0969248313502096;1.0969141155436344;0.7597343989757451;-0.1257919833208611;0.7700706388135552
66.556929;1.0939156942902741;0.8333175732854022;0.7617751950034624;0.12349538758343781;0.11286384397613516;1.0969009930702824;9.998327564687525;0.8333113200438603;1.0969192273113237;1.0969163237878696;0.7597372286425222;-0.12579198280039416;0.770076135123323
66.566929;1.0939188898746275;0.8333172240077589;0.7617764621525364;0.12349538751620145;0.11286374496734271;1.0969004486100506;9.998320780435481;0.8333057504637039;1.0969136219155056;1.096918439211767;0.759739933685573;-0.1257919822692653;0.7700817199907234
66.576929;1.0939220978135313;0.8333167529550767;0.7617777419675806;0.12349538796329032;0.11286365636827178;1.096900010751632;9.998315177425171;0.8333001028249813;1.0969080226912338;1.096920466026885;0.7597425142537418;-0.1257919817284545;0.770087387358252
66.586929;1.093925314799394;0.83331616023998;0.7617790316533268;0.12349538984677655;0.11286357852935;1.0968996753809939;9.998310677262356;0.833294382462072;1.0969024373683138;1.0969224078308533;0.7597449714727922;-0.12579198117973045;0.7700931312568638
66.596929;1.0939285369755136;0.8333154435667024;0.7617803264323522;0.12349539395248722;0.11286351192017731;1.09689943687718;9.998307205353743;0.8332885950788494;1.0968968727727288;1.0969242666609007;0.7597473066361038;-0.12579198062572727;0.7700989468950712
66.606929;1.0939317609611157;0.8333145977146629;0.761781619543685;0.12349540072974692;0.11286345703751034;1.096899290387454;9.998304686877963;0.8332827468878019;1.0968913346560751;1.096926043385394;0.7597495199568407;-0.12579198006956369;0.7701048309693639
66.616929;1.0939349848762738;0.833313616043459;0.7617829026884917;0.12349541039048749;0.11286341432694219;1.0968992336896288;9.998303061697683;0.8332768454598286;1.0968858277107196;1.096927738748654;0.7597516109650377;-0.1257919795141993;0.7701107811065113
66.626929;1.0939382078376378;0.8333124923722103;0.7617841655264024;0.12349542313908111;0.11286338425756089;1.0968992674846705;9.99830230958415;0.8332708996494703;1.09688035592893;1.0969293551732373;0.759753579769729;-0.1257919789621119;0.7701167952472509
66.636929;1.0939414287772147;0.8333112221305541;0.7617853953560306;0.12349543922448847;0.11286336753505127;1.096899394061145;9.998302451478803;0.8332649193074843;1.096874924453591;1.096930898808726;0.7597554275997856;-0.12579197841536982;0.7701228708820147
66.646929;1.0939446459037525;0.8333098023454589;0.7617865784052025;0.12349545886162447;0.11286336518536001;1.0968996160713673;9.998303525699395;0.8332589153051257;1.0968695421732975;1.0969323796214467;0.7597571571326618;-0.12579197787563487;0.7701290044081366
66.656929;1.0939478569102088;0.8333082308096408;0.7617877015215286;0.12349548229411776;0.11286337840102222;1.0968999370566799;9.99830557281449;0.8332528987258458;1.0968642226089353;1.0969338084408051;0.759758772631208;-0.1257919773441805;0.7701351914389546
66.666929;1.0939510589604071;0.8333065052699694;0.7617887531114128;0.12349550986067952;0.11286340839498613;1.0969003620128914;9.998308641816894;0.8332468794536408;1.0968589816490713;1.0969351933443956;0.7597602790580077;-0.1257919768220741;0.7701414279661184
66.676929;1.093954246991266;0.8333046231274847;0.7617897236165115;0.12349554195842943;0.11286345634721541;1.0969008960170414;9.998312796501962;0.8332408654578954;1.0968538336882208;1.0969365377225442;0.7597616809397594;-0.12579197631020994;0.7701477113205896
66.686929;1.0939574124474325;0.8333025821519365;0.7617906056406887;0.12349557912791206;0.1128635234319251;1.0969015422011863;9.998318109389794;0.8332348633891826;1.0968487899909076;1.096937840512063;0.7597629821478316;-0.12579197580928483;0.7701540405904095
66.696929;1.093960545882474;0.8333003819068069;0.7617913935287708;0.12349562217429261;0.11286361089556197;1.0969023017905133;9.998324653252414;0.8332288798478927;1.0968438602427764;1.0969390987697132;0.7597641867029042;-0.12579297532005465;0.7701605792693393
66.706929;1.0939636404335595;0.8332980244436349;0.7617920828418484;0.1234956720820192;0.11286372000321175;1.096903175672746;9.99833250139182;0.8332229218034473;1.0968390544001332;1.0969403102335529;0.7597653001783304;-0.1257929748436968;0.7701669995461622
66.716929;1.0939666913894304;0.8332955138155406;0.7617926702595244;0.12349572980627886;0.11286385189365145;1.0969041640577166;9.998341733759858;0.8332169957196873;1.0968343833245828;1.0969414728186608;0.759766330162121;-0.12579297438191073;0.7701734607101054
66.726929;1.093969693696221;0.8332928552732868;0.7617931535126978;0.12349579616902788;0.11286400751691798;1.0969052642524892;9.998352433614587;0.8332111071714512;1.0968298579903089;1.0969425829071497;0.7597672851279208;-0.1257929739368075;0.7701799559339004
66.736929;1.0939726411969684;0.8332900548248475;0.7617935313610847;0.12349587199571702;0.11286418765733959;1.0969064696747493;9.99836467222787;0.8332052623152872;1.0968254871030214;1.0969436356004434;0.7597681734748488;-0.12579297351096402;0.7701864757711493
66.746929;1.0939755274662406;0.8332871194458075;0.761793803992838;0.12349595831308258;0.11286439301558386;1.096907770947786;9.998378497226968;0.8331994690765381;1.0968212753155122;1.0969446258939686;0.7597690032147473;-0.12579297310750825;0.7701930085166089
66.756929;1.0939783472201623;0.8332840577786037;0.7617939733932612;0.12349605634007503;0.11286462427739558;1.0969091578542836;9.99839392878183;0.8331937361925875;1.0968172236777416;1.0969455487540412;0.7597697815180243;-0.12579297272993376;0.7701995411432586
66.766929;1.0939810974048645;0.8332808797588567;0.7617940432763024;0.12349616732894374;0.11286488202667475;1.0969106210838282;9.998410960696393;0.8331880718757858;1.096813330629463;1.0969463982265122;0.7597705144220444;-0.12579297238183024;0.77020605966426
66.776929;1.0939837767496128;0.8332775944133769;0.7617940186242399;0.12349629239527977;0.11286516653338285;1.0969121528983783;9.998429572408225;0.8331824836882108;1.096809592420971;1.0969471666013055;0.7597712069212297;-0.12579297206661788;0.7702125494387146
66.786929;1.0939863846164266;0.8332742083376258;0.7617939050592097;0.12349643239794952;0.11286547764081667;1.096913746219248;9.99844974966329;0.8331769789728322;1.0968060042354517;1.0969478442306386;0.7597718631998195;-0.12579297178734242;0.7702189956659864
66.796929;1.0939889206375963;0.8332707266488333;0.7617937085549008;0.12349658790299602;0.11286581484853996;1.0969153932266973;9.998471490858057;0.8331715645083823;1.0968025621544226;1.0969484196941395;0.7597724867503298;-0.12579297154674246;0.7702253832765806
66.806929;1.09399138521666;0.8332671546173558;0.7617934356849992;0.12349675919543308;0.1128661774479074;1.0969170856669925;9.998494779790072;0.8331662455424974;1.0967992639389585;1.0969488801467207;0.759773080504501;-0.1257929713473418;0.7702316967615556
66.816929;1.0939937805960822;0.833263497970902;0.7617930934011676;0.123496946354889;0.11286656451928023;1.0969188166560022;9.998519553660655;0.8331610255743608;1.0967961086699602;1.0969492125939657;0.7597736475901029;-0.125792971191287;0.7702379208920246
66.826929;1.0939961117505828;0.833259762123504;0.7617926876053569;0.1234971493701112;0.11286697486141133;1.09692058079865;9.998545713200981;0.8331559073746352;1.0967930969625854;1.0969494061869334;0.7597741923580287;-0.12579297108027765;0.7702440418560118
66.836929;1.0939983854162538;0.8332559516358043;0.7617922218001937;0.1234973681469903;0.11286740710693244;1.096922372385104;9.998573158871855;0.8331508943473851;1.096790230156872;1.0969494540126634;0.7597747203580997;-0.12579297101566558;0.7702500475852639
66.846929;1.0940006079228883;0.8332520705894525;0.7617916969459211;0.12349760240532086;0.11286785993724541;1.0969241852814617;9.998601803413722;0.8331459903317321;1.0967875075954985;1.0969493529337715;0.7597752369213593;-0.12579297099839545;0.7702559276289445
66.856929;1.0940027853227956;0.8332481235360913;0.7617911123250948;0.12349785158994217;0.11286833209640679;1.096926014832456;9.998631560145254;0.8331411978770058;1.0967849257654536;1.0969491016098207;0.7597757455395487;-0.12579297102896633;0.7702616735537461
66.866929;1.094004925415516;0.8332441154930699;0.7617904671332281;0.12349811492386602;0.1128688221757017;1.096927858398727;9.99866233890982;0.8331365174273365;1.0967824800933959;1.0969486986615269;0.7597762469646588;-0.12579297110765128;0.770267279275766
66.876929;1.0940070376977837;0.8332400499181044;0.7617897617183664;0.12349839162851826;0.11286932837202966;1.0969297136564202;9.998694053005927;0.833131948511458;1.0967801660806187;1.0969481426169525;0.7597767388311789;-0.12579297123474317;0.7702727404173747
66.886929;1.0940091317617657;0.8332359272511679;0.7617889978679668;0.12349868109803497;0.11286984838945507;1.0969315773161676;9.99872661427928;0.8331274914942711;1.0967779796510388;1.096947431995717;0.7597772159492431;-0.12579297141074358;0.7702780530055101
66.896929;1.0940112174245251;0.8332317465961718;0.7617881792018115;0.12349898291465088;0.11287037951864225;1.0969334460815277;9.99875991241929;0.8331231476720232;1.096775917912791;1.0969465642016085;0.7597776715851803;-0.12579297163646322;0.7702832128256416
66.906929;1.0940133058916421;0.8332275082157897;0.7617873114695297;0.1234992968471143;0.11287091889974475;1.0969353180906578;9.998793802030372;0.833118918116182;1.0967739793029359;1.0969455356651496;0.7597780989641201;-0.12579297191278227;0.7702882158309671
66.916929;1.0940154098077723;0.8332232142364511;0.7617864019570344;0.12349962285632261;0.11287146384762982;1.096937193044357;9.998828114038162;0.8331148034722716;1.0967721624306703;1.09694434415224;0.7597784916044567;-0.12579297224023964;0.7702930586686538
66.926929;1.0940175425444922;0.8332188684031075;0.7617854588384851;0.12349996107955784;0.11287201193944466;1.0969390722891037;9.998862680893982;0.8331108048656398;1.0967704645742806;1.0969429904540762;0.7597788422211893;-0.12579297261888694;0.770297738678989
66.936929;1.094019717647628;0.8332144764953382;0.7617844911411147;0.12350031183153008;0.11287256087122867;1.0969409598167066;9.99889735373526;0.8331069246345892;1.0967688815092038;1.096941478198816;0.7597791420127314;-0.12579297304849457;0.7703022533822876
66.946929;1.094021948483251;0.8332100472171327;0.761783508587297;0.12350067556920333;0.11287310844981331;1.096942862713667;9.99893200516949;0.8331031660007506;1.0967674090621007;1.0969398126967929;0.7597793817966301;-0.1257929735288171;0.7703066000230465
66.956929;1.09402424790768;0.83320559183013;0.7617825203240427;0.123501052822791;0.11287365282639505;1.0969447901731955;9.998966527684804;0.8330995322667174;1.0967660440935805;1.096937999210875;0.759779553849294;-0.12579297405938034;0.7703107752476913
66.966929;1.0940266278203705;0.8332011226010788;0.7617815337746279;0.12350144415918034;0.1128741926819285;1.0969467524836078;9.999000833708818;0.833096026653304;1.0967647837081256;1.0969360414566924;0.7597796524584725;-0.12579297463886888;0.7703147744674959
66.976929;1.0940290982817487;0.8331966519693964;0.7617805555942239;0.12350185014833984;0.1128747271415284;1.096948760685267;9.999034858052546;0.8330926524741592;1.096763624972621;1.096933941992865;0.7597796732630745;-0.12579297526488958;0.7703185914439671
66.986929;1.0940316664220975;0.8331921927182391;0.7617795932222974;0.1235022712539553;0.11287525548991817;1.0969508259250609;9.999068558609693;0.8330894135815251;1.0967625658744402;1.0969317041617996;0.759779612824194;-0.1257929759345054;0.7703222182132237
66.996929;1.0940343364384737;0.833187758490477;0.7617786546743566;0.12350270760080609;0.11287577684522172;1.0969529587515061;9.999101912087436;0.83308631528311;1.096761605968992;1.0969293325331366;0.7597794684532573;-0.12579297664509295;0.7703256450879418
67.006929;1.0940371109937412;0.8331833637020613;0.7617777469655904;0.12350315875330618;0.11287628995784024;1.096955168292704;9.999134909662573;0.8330833646145844;1.0967607464904878;1.0969268308751852;0.7597792378743562;-0.125792977394705;0.7703288616976001
67.016929;1.094039992794512;0.8331790220549223;0.7617768749200209;0.12350362370408738;0.11287679334124208;1.0969574610126138;9.999167552017752;0.8330805693656046;1.0967599898551195;1.0969242006236548;0.7597789192709086;-0.12579297818158977;0.7703318588551407
67.026929;1.0940429852782172;0.8331747454749394;0.7617760418299456;0.12350410111382487;0.1128772856909321;1.0969598411487163;9.999199842392985;0.8330779364300552;1.0967593384096765;1.0969214415364033;0.7597785118406999;-0.12579297900335593;0.7703346296950034
67.036929;1.0940460916191022;0.8331705444043557;0.7617752512142157;0.12350458965857583;0.11287776616927922;1.096962312295745;9.999231778330778;0.8330754703476946;1.0967587929426112;1.0969185524900378;0.7597780164202589;-0.12579297985666335;0.7703371698483674
67.046929;1.0940493126479915;0.8331664278410066;0.7617745073047469;0.12350508817820677;0.11287823427944589;1.0969648771549705;9.999263343709128;0.8330731729911951;1.0967583512901562;1.0969155307845562;0.7597774357848748;-0.12579298073776324;0.7703394768548181
67.056929;1.0940526465840363;0.8331624037079453;0.7617738143235704;0.12350559555658691;0.11287868958923598;1.0969675365251124;9.999294505670234;0.8330710441059987;1.096758007548243;1.096912371538744;0.759776774424819;-0.1257929816433374;0.7703415489081302
67.066929;1.0940560917882924;0.833158480408085;0.761773176352396;0.12350611061501658;0.11287913167747268;1.0969702889890278;9.999325218753803;0.8330690818975177;1.0967577519904563;1.0969090684734772;0.7597760378682036;-0.1257929825709441;0.7703433844106994
67.076929;1.0940596492714447;0.8331546677624562;0.761772597500641;0.12350663215757214;0.11287956027563659;1.0969731306278023;9.99935543753798;0.8330672835968986;1.0967575714584636;1.0969056149314942;0.759775231789194;-0.12579298351905566;0.7703449831108024
67.086929;1.094063321982109;0.8331509764844922;0.7617720812962784;0.12350715900520984;0.11287997530479803;1.0969760555945411;9.999385130142949;0.8330656453170754;1.0967574507673816;1.096902004956879;0.7597743612547145;-0.12579298448719325;0.7703463470156919
67.096929;1.0940671122254688;0.8331474173491923;0.7617716299387433;0.12350768987203739;0.11288037675742313;1.0969790582380754;9.999414289052462;0.8330641612215275;1.0967573745401016;1.0968982351607848;0.7597734305729676;-0.1257929854760945;0.7703474798199885
67.106929;1.0940710201959498;0.8331440001623587;0.7617712443911405;0.12350822326519201;0.11288076468560057;1.0969821355273488;9.999442942278687;0.8330628236318933;1.0967573281400953;1.0968943062130465;0.7597724441630382;-0.12579298648746948;0.7703483857130462
67.116929;1.0940750440962945;0.8331407322828973;0.7617709250158795;0.12350875766385502;0.11288113929249367;1.0969852878627155;9.999471151208779;0.8330616247420047;1.0967572983981873;1.0968902225166477;0.7597714074464659;-0.1257929875234918;0.7703490688977345
67.126929;1.0940791796267495;0.833137618118067;0.7617706721117629;0.12350929178174615;0.11288150084187913;1.0969885172015317;9.999498997429578;0.8330605591137128;1.0967572741585472;1.0968859910321045;0.759770326752049;-0.12579298858638657;0.7703495344061004
67.136929;1.0940834185040915;0.8331346598377799;0.7617704865379463;0.12350982450436938;0.11288184940181123;1.0969918244651706;9.999526583301233;0.8330596249834464;1.0967572449145355;1.0968816207996908;0.7597692091971896;-0.12579298967817837;0.7703497891341264
67.146929;1.0940877485991543;0.8331318578115495;0.7617703699342283;0.12351035456875285;0.11288218469611089;1.0969952090520831;9.999554034982614;0.8330588236578778;1.0967571984250737;1.096877121954107;0.7597680624796197;-0.12579299080051504;0.7703498418750744
67.156929;1.0940921564692119;0.8331292106703916;0.7617703238315274;0.12351088042087777;0.11288250613328753;1.0969986692649023;9.999581489894235;0.8330581592217817;1.096757120466537;1.0968725033302151;0.7597668938837228;-0.1257929919544806;0.7703497030211782
67.166929;1.094096629754842;0.8331267155285923;0.7617703490363352;0.12351140038678583;0.11288281289794914;1.0970022011794578;9.999609092603594;0.8330576387049009;1.0967569969493198;1.0968677715548512;0.7597657099766295;-0.12579299314049802;0.7703493844697723
67.176929;1.0941011572757842;0.8331240248278244;0.7617701316019141;0.12351307883405165;0.11288416980770027;1.0970057975883198;9.999636999902132;0.8330572707417093;1.096756815096812;1.0968629328895299;0.7597645175414054;-0.12579299435848768;0.7703488989946184
67.186929;1.0941057278160937;0.8331218222818515;0.7617702988199011;0.12351358284538855;0.11288444431383057;1.0970094485932358;9.999665367175066;0.8330570637036219;1.09675656264061;1.0968579947837254;0.7597633243069929;-0.12579299560808171;0.7703482591804661
67.196929;1.094110329152387;0.8331197612932489;0.7617705327871166;0.12351407753096846;0.1128847011486442;1.0970131419159712;9.999694333029277;0.8330570246944261;1.0967562277869078;1.0968529660036967;0.7597621387690576;-0.12579299688851717;0.7703474768254589
67.206929;1.0941149470778666;0.8331178391616418;0.7617708273531145;0.12351456232257264;0.11288493942911505;1.0970168626853463;9.999724025562635;0.8330571588077881;1.096755800508411;1.096847856111458;0.7597609689883549;-0.1257929981984296;0.7703465628651017
67.216929;1.0941195645536081;0.8331160532641768;0.7617711756611075;0.12351503665661473;0.11288515861791631;1.0970205941136704;9.999754567669482;0.8330574682632622;1.0967552729238625;1.096842673990958;0.7597598214056419;-0.12579299953606501;0.7703455276392414
67.226929;1.094124162198492;0.8331144019452864;0.7617715720301229;0.12351549998469989;0.11288535855083898;1.0970243189319582;9.999786063003258;0.8330579519256232;1.0967546386109197;1.0968374267861316;0.7597587012195811;-0.1257930008996602;0.7703443815916705
67.236929;1.0941287200458232;0.8331128848339824;0.761772013261273;0.12351595200060896;0.11288553924226656;1.097028020985385;9.999818577974482;0.8330586060174868;1.0967538923022002;1.0968321208999943;0.7597576131500904;-0.1257930022874154;0.7703431356208887
67.246929;1.0941332191101145;0.8331115019999568;0.7617724989595954;0.12351639276756587;0.1128857006551465;1.0970316862886054;9.99985213387868;0.8330594253524316;1.0967530303009079;1.0968267640753848;0.7597565612549421;-0.12579300369711754;0.7703418003652637
67.256929;1.09413764293848;0.8331102527893715;0.7617730304540551;0.12351682254329786;0.11288584262712875;1.0970353029153954;9.999886709012042;0.8330604035136676;1.096752050474796;1.0968213671670455;0.7597555486399987;-0.12579300512588829;0.7703403853939895
67.266929;1.094141979425433;0.8331091358239542;0.7617736096324794;0.12351724153368425;0.11288596494470891;1.0970388598682335;9.999922247966209;0.8330615327112008;1.0967509512664808;1.096815944585731;0.7597545770886337;-0.1257930065704064;0.7703388990962504
67.276929;1.0941462203773828;0.833108150752094;0.7617742397521285;0.12351764978535991;0.11288606746219589;1.0970423461095047;9.999958672154127;0.833062804713964;1.0967497311546912;1.0968105128747991;0.7597536470102617;-0.12579300802744006;0.7703373483934015
67.286929;1.094150358756224;0.8331073000410406;0.7617749267350067;0.12351804721354637;0.11288615022291475;1.0970457504925037;9.999995889965284;0.8330642118872348;1.0967483889647167;1.0968050892663597;0.7597527590232804;-0.1257930094940403;0.7703357381060209
67.296929;1.0941543872500674;0.8331065892465077;0.7617756780822853;0.12351843369548275;0.11288621353980606;1.0970490617797362;10.000033805827151;0.8330657466987095;1.0967469240123522;1.0967996914211657;0.7597519158016205;-0.12579301096718198;0.7703340711866439
67.306929;1.0941582988189253;0.8331060263119812;0.7617765001245931;0.12351880904122647;0.1128862579599941;1.0970522690832318;10.000072326643119;0.8330673997785101;1.0967453361248494;1.0967943369186335;0.7597511221767261;-0.12579301244344646;0.7703323496423307
67.316929;1.0941620878258738;0.8331056201720431;0.7617773960602141;0.12351917285162053;0.11288628413932805;1.0970553634322848;10.00011137742564;0.8330691584328185;1.0967436250812395;1.0967890420511524;0.7597503839141514;-0.1257930139191769;0.7703305750029464
67.326929;1.0941657514156855;0.8331053786339577;0.7617783662117349;0.12351952453731307;0.11288629274903604;1.097058338693388;10.000150918279678;0.8330710071242531;1.0967417895495088;1.0967838203796851;0.759749706469962;-0.12579301539093637;0.7703287489931611
67.336929;1.0941692896428419;0.8331053071335904;0.7617794099854568;0.12351986352395078;0.11288628445257765;1.0970611912014914;10.000190935866655;0.8330729292533473;1.0967398281675733;1.096778681933833;0.7597490941418701;-0.12579301685599922;0.7703268745059481
67.346929;1.0941727040593425;0.8331054088864601;0.761780527047646;0.1235201894127022;0.11288625989100841;1.0970639195017176;10.000231419472412;0.8330749090527674;1.0967377425535183;1.0967736340738214;0.759748549316614;-0.1257930183125982;0.7703249547108443
67.356929;1.0941759964914597;0.8331056849966182;0.7617817166308076;0.12352050199310681;0.11288621971424767;1.0970665236406396;10.000272342836217;0.8330769329764118;1.0967355386658784;1.096768682305443;0.7597480724668081;-0.1257930197596374;0.7703229910151043
67.366929;1.0941791676210977;0.8331061342277307;0.761782976442948;0.12352080113202207;0.11288616470736679;1.0970690034497552;10.000313652479184;0.8330789901289631;1.0967332257122075;1.0967638297813536;0.7597476633985083;-0.12579302119603872;0.7703209831755033
67.376929;1.0941822155144902;0.8331067531072616;0.76178430218525;0.12352108662900309;0.11288609588590626;1.0970713578670406;10.000355267777216;0.8330810717724011;1.0967308142055125;1.0967590773110494;0.7597473223642421;-0.12579302262037723;0.7703189309381923
67.386929;1.0941851357463397;0.8331075360242725;0.7617856877978179;0.12352135822225792;0.11288601447254236;1.0970735866456551;10.00039709549695;0.833083170806833;1.0967283147627889;1.0967544247870376;0.759747049962202;-0.12579302403100937;0.7703168348076843
67.396929;1.0941879222082138;0.8331084748848281;0.7617871264752427;0.12352161569285831;0.11288592180121271;1.0970756923554443;10.000439045987118;0.8330852821219014;1.0967257379851671;1.0967498729665746;0.7597468464668342;-0.12579302542628235;0.7703146965952304
67.406929;1.094190567337177;0.8331095597914062;0.7617886115841512;0.12352185886472843;0.11288581917552461;1.097077680071691;10.000481034765023;0.8330874030446832;1.0967230943716355;1.0967454238924357;0.759746711752418;-0.125793026804559;0.7703125203846071
67.416929;1.0941930625623852;0.8331107815282185;0.7617901369723519;0.12352208757639684;0.11288570767645176;1.0970795555527868;10.0005229737944;0.833089533171093;1.0967203940297001;1.0967410796066317;0.7597466460957641;-0.12579302816410487;0.7703103130733874
67.426929;1.0941953992490383;0.8331121336372803;0.7617916965614369;0.1235223016891645;0.11288558797932502;1.0970813236719463;10.000564774140575;0.8330916740183458;1.0967176464036843;1.096736841656018;0.7597466508940659;-0.12579302950297078;0.7703080842375519
67.436929;1.0941975688593892;0.8331136124464865;0.7617932827555585;0.12352250108532506;0.1128854603655563;1.09708298715955;10.000606359687474;0.833093828151408;1.0967148599846215;1.096732712408616;0.7597467284058622;-0.12579303081910564;0.7703058446814331
67.446929;1.0941995623976477;0.8331152154505934;0.7617948857553687;0.1235226857674471;0.11288532493395305;1.0970845460752279;10.000647678734259;0.8330959978395119;1.0967120424187264;1.096728695909194;0.7597468806970499;-0.1257930321106541;0.7703036036442356
67.456929;1.0942013713384742;0.8331169396384387;0.7617964955128799;0.12352285606314349;0.11288518176819103;1.0970859986561703;10.000688710396169;0.8330981841879491;1.0967092011019366;1.096724797095127;0.759746108695444;-0.1257930333760285;0.7703003801028203
67.466929;1.0942029905397488;0.8331187816453106;0.7617981035747187;0.12352301267637142;0.11288503103668775;1.0970873427624592;10.000729457558336;0.8331003871676462;1.0967063436634954;1.0967210204743039;0.7597464123391456;-0.12579303461388952;0.7702981486380576
67.476929;1.0942044207338044;0.8331207389342298;0.7617997029310487;0.12352315646978101;0.11288487298139302;1.0970885765746394;10.000769926367548;0.8331026062888808;1.0967034784738936;1.0967173698560209;0.7597467913984942;-0.12579303582329596;0.7702959207197735
67.486929;1.0942056684965693;0.8331228100436945;0.7618012872533715;0.1235232882693881;0.11288470767015978;1.0970896983885923;10.000810111383409;0.8331048408476938;1.0967006154950256;1.0967138496041389;0.7597472454752814;-0.12579303700342026;0.7702936922826564
67.496929;1.0942067439717673;0.8331249937163158;0.7618028508070082;0.12352340889996272;0.11288453491300683;1.0970907067433808;10.000849993099813;0.8331070894225004;1.0966977664262383;1.0967104652859285;0.7597477733394925;-0.1257930381529981;0.7702914584834651
67.506929;1.0942076582144853;0.8331272878740831;0.7618043889042984;0.12352351918975074;0.1128843546290495;1.0970916011399978;10.00088954266979;0.8331093499517831;1.0966949437238496;1.0967072222382679;0.7597483727557445;-0.1257930392705509;0.7702892148747765
67.516929;1.0942084217611163;0.8331296899909432;0.761805897818808;0.12352361974745545;0.11288416715154298;1.097092382082302;10.00092873151911;0.8331116212087925;1.0966921597205306;1.0967041246238072;0.7597490405305235;-0.1257930403549856;0.770286958716832
67.526929;1.0942090439526848;0.8331321983337726;0.7618073742150713;0.12352371076807031;0.11288397309972388;1.0970930507745487;10.000967532941962;0.8331139044726454;1.0966894261628979;1.0967011759726957;0.7597497722069161;-0.1257930414055126;0.7702846895383961
67.536929;1.0942095316705152;0.8331348122326752;0.7618088151253716;0.12352379219300941;0.11288377316560703;1.097093609751132;10.001005909842196;0.8331162038523889;1.0966867537424398;1.0966983783580306;0.7597505622779898;-0.12579304242090264;0.7702824081383314
67.546929;1.0942098887684735;0.8331375320040219;0.7618102183656821;0.12352386409360762;0.11288356812812264;1.097094063563265;10.00104380436776;0.83311852513169;1.096684151801946;1.0966957308489325;0.7597514050617002;-0.1257930433989722;0.7702801153105437
67.556929;1.09421011769983;0.8331403591541456;0.7618115828421325;0.12352392685102899;0.1128833589464844;1.097094418612295;10.001081141432275;0.833120873952316;1.0966816280410672;1.0966932306122188;0.7597522945170105;-0.1257930443371756;0.7702778116963565
67.566929;1.0942102208426174;0.8331432963005253;0.7618129087153264;0.12352398108357368;0.11288314672827986;1.097094682399686;10.00111784518835;0.8331232546575986;1.0966791882052096;1.09669087584821;0.7597532233519482;-0.12579304523372348;0.7702754981449453
67.576929;1.094210199572862;0.8331463468694721;0.7618141975752196;0.12352402756756371;0.1128829325914154;1.0970948619484773;10.00115385671256;0.8331256700883644;1.0966768360378272;1.0966886670048521;0.759754183567193;-0.12579304608784525;0.7702731754637865
67.586929;1.094210053457492;0.8331495145663224;0.761815452081649;0.12352406724768385;0.11288271756537233;1.097094961837879;10.00118914033703;0.8331281213672324;1.0966745735572028;1.0966866058340294;0.7597551678700772;-0.12579304689915657;0.7702708442095114
67.596929;1.094209780845011;0.8331528023431428;0.7618166740877685;0.12352410134895017;0.11288250259516026;1.097094983451453;10.00122367879713;0.8331306077136904;1.0966724017417284;1.096684694811443;0.7597561704827748;-0.12579304766708163;0.7702685055415148
67.606929;1.094209379165399;0.8331562112561852;0.7618178625225814;0.12352413146144792;0.11288228856376253;1.0970949260571323;10.001257462977243;0.8331331267282586;1.0966703213662656;1.0966829377355598;0.7597571876783694;-0.1257930483909525;0.7702661623912778
67.616929;1.094208845331272;0.8331597402335053;0.7618190137209077;0.12352415943307272;0.11288207626053354;1.0970947887627334;10.001290486262068;0.8331356746530406;1.0966683341242038;1.0966813405087505;0.7597582179235216;-0.12579304907058356;0.7702638200477264
67.626929;1.0942081772284264;0.8331633867100264;0.7618201238662682;0.12352418718924825;0.11288186633462077;1.0970945721668186;10.001322750499108;0.8331382459366253;1.0966664438137128;1.0966799110546124;0.7597592609719849;-0.1257930497065755;0.7702614859045398
67.636929;1.0942073739129043;0.8331671471284052;0.761821190526981;0.12352421656543414;0.11288165934076244;1.0970942788992217;10.001354272498208;0.8331408327316784;1.09666465597893;1.0966786585136712;0.7597603167977707;-0.12579305030024354;0.7702591682973371
67.646929;1.0942064334414598;0.8331710174035118;0.7618222120523563;0.12352424910555476;0.11288145586018244;1.0970939129010038;10.001385081499242;0.8331434258627304;1.096662976419048;1.0966775928663943;0.7597613853178375;-0.12579305085352477;0.7702568756901477
67.656929;1.0942053514034464;0.8331749933737556;0.7618231869800666;0.12352428593106124;0.11288125649926939;1.09709347832829;10.001415210142628;0.8331460167736318;1.0966614115385975;1.0966767242544675;0.7597624659521947;-0.12579305136859226;0.7702546166388149
67.666929;1.09420412198861;0.8331790706088996;0.7618241150914367;0.12352432777415842;0.11288106172037951;1.0970929788598105;10.001444680794853;0.8331485987081738;1.096659969871278;1.096676062504196;0.7597635565142291;-0.12579305184705766;0.7702523991852894
67.676929;1.094202739417991;0.8331832442298333;0.761824998389965;0.12352437514370311;0.11288087164410822;1.097092417645202;10.00147349495208;0.8331511671069401;1.0966586613152811;1.0966756182915378;0.7597646527956824;-0.1257930522894479;0.7702502305264735
67.686929;1.0942011978233048;0.8331875093090747;0.7618258404220064;0.12352442847610771;0.11288068597475011;1.0970917978732115;10.001501634917844;0.8331537198629857;1.0966574949231265;1.0966754022762073;0.7597657489979852;-0.12579305269534033;0.7702481185920211
67.696929;1.0941994909376085;0.8331918610879309;0.7618266444410904;0.12352448815020246;0.1128805041578044;1.0970911238002843;10.001529070669106;0.8331562571527292;1.0966564778414538;1.0966754213647107;0.7597668379563843;-0.12579305306395355;0.7702460738604121
67.706929;1.0941976124150306;0.833196294665063;0.7618274113350049;0.12352455449656306;0.11288032555633695;1.0970904024929182;10.00155575954242;0.8331587804616067;1.0966556146568749;1.096675677502504;0.759767911602906;-0.1257930533948078;0.7702441092578941
67.716929;1.0941955549965987;0.8332008046333518;0.7618281386445461;0.12352462783515193;0.11288014936823655;1.0970896453997914;10.001581641401078;0.8331612912550237;1.096654906226276;1.096676169698288;0.7597689623337124;-0.12579305368804192;0.7702422385097003
67.726929;1.0941933089586893;0.833205384753125;0.7618288216869934;0.12352470840366031;0.11287997451969921;1.097088867672427;10.001606641493726;0.8331637901131975;1.0966543491193026;1.0966768967500455;0.7597699842217559;-0.1257930539443362;0.7702404741607418
67.736929;1.0941908626807506;0.8332100271855722;0.7618294560400035;0.12352479630775054;0.11287979984031145;1.097088085949068;10.001630682239846;0.8331662765664638;1.0966539367945356;1.0966778593801685;0.7597709729082227;-0.12579305416463743;0.7702388263550964
67.746929;1.0941882050633653;0.8332147218373356;0.7618300391147745;0.12352489165222769;0.11287962437575373;1.097087317304231;10.001653692468803;0.8331687497220918;1.096653662595732;1.0966790597591227;0.7597719253885615;-0.1257930543497669;0.7702373025259017
67.756929;1.0941853276942715;0.8332194567934956;0.7618305694196851;0.12352499465488227;0.11287944755120041;1.0970865792234645;10.001675603396013;0.8331712097645094;1.0966535222613178;1.0966804991038328;0.759772840984234;-0.12579305450003214;0.770235907026395
67.766929;1.0941822261855454;0.8332242193507928;0.7618310454351813;0.12352510555369095;0.11287926903528765;1.0970858887684314;10.001696329775715;0.8331736589902;1.0966535136559743;1.0966821758744758;0.7597737215899332;-0.1257930546150715;0.7702346405301035
67.776929;1.0941789003546423;0.8332289972899406;0.7618314659541207;0.12352522445463725;0.11287908841938767;1.0970852607447663;10.00171575733346;0.8331761009689913;1.0966536353049647;1.0966840845378512;0.7597745697214204;-0.12579305469395352;0.770233500078581
67.786929;1.094175353496429;0.8332337803767886;0.7618318302016996;0.12352535127820712;0.11287890508197918;1.0970847064713343;10.001733756234296;0.8331785388327363;1.0966538859968267;1.096686214899704;0.7597753866738607;-0.12579305473534422;0.7702324806065151
67.796929;1.0941715920217354;0.8332385607769046;0.7618321369126557;0.12352548575894973;0.11287871839136132;1.0970842345486604;10.001750200848013;0.8331809745255346;1.0966542654383247;1.0966885531397776;0.7597761730024388;-0.12579305473779123;0.7702315770265602
67.806929;1.094167626025992;0.8332433318308515;0.7618323843025887;0.12352562747807735;0.11287852795533695;1.09708385266617;10.001764976109111;0.8331834091850706;1.0966547748074502;1.0966910842540345;0.759776930186914;-0.12579305470023702;0.7702307846981556
67.816929;1.0941634703570924;0.8332480874781171;0.7618325711357979;0.12352577591540691;0.11287833368744667;1.0970835691585252;10.001777978833882;0.8331858433748095;1.0966554165056526;1.096693794462829;0.759777661678234;-0.1257930546223168;0.7702300985513186
67.826929;1.0941591448954409;0.8332528240582338;0.7618326968647242;0.1235259303850279;0.11287813581214061;1.0970833940342861;10.001789122155408;0.8331882765935057;1.0966561925019693;1.0966966727107448;0.7597783730739923;-0.12579305450408568;0.7702295129240625
67.836929;1.0941546725329727;0.8332575421694479;0.7618327599380529;0.12352608988515416;0.11287793488804229;1.0970833385220584;10.001798344930219;0.8331907072536363;1.0966571013637638;1.0966997109285503;0.7597790713142445;-0.12579305434561097;0.7702290224986941
67.846929;1.0941500757437461;0.8332622459140004;0.7618327563556674;0.12352625314034724;0.11287773173471667;1.0970834131629024;10.001805616175782;0.8331931342533797;1.0966581373164;1.096702903005651;0.7597797629445827;-0.125793054146947;0.7702286234416917
67.856929;1.0941453745719183;0.8332669405191964;0.7618326809367446;0.12352641881664812;0.1128775272821896;1.0970836256815775;10.001810924849988;0.8331955589404381;1.0966592927915055;1.0967062434666197;0.7597804525663286;-0.12579305390836462;0.770228313813931
67.866929;1.0941405868133947;0.8332716307273749;0.7618325296081947;0.12352658557077273;0.11287732247726244;1.0970839792449376;10.001814272836235;0.8331979853190951;1.0966605605868698;1.0967097265077816;0.7597811427352618;-0.1257930536302254;0.7702280925124889
67.876929;1.094135729055587;0.8332763202861975;0.7618322999151501;0.12352675194387841;0.1128771182531991;1.0970844725423978;10.001815679611907;0.8332004188650354;1.0966619340653816;1.0967133448683455;0.7597818355980762;-0.1257930533124887;0.7702279573690245
67.886929;1.0941308178728433;0.8332810113152471;0.7618319906174146;0.12352691635641123;0.11287691547405197;1.0970851024182349;10.00181517863876;0.8332028658540224;1.0966634071321106;1.0967170892656366;0.7597825346894943;-0.12579305295478269;0.7702279040152648
67.896929;1.0941258704375825;0.8332857036546653;0.7618316015271235;0.12352707721621364;0.11287671485801382;1.0970858662207175;10.001812802798783;0.833205333539203;1.0966649737263598;1.0967209492356673;0.7597832447779885;-0.12579305255713288;0.7702279259342241
67.906929;1.0941209029014543;0.8332903950051724;0.7618311327609546;0.12352723300439591;0.11287651706033253;1.0970867613593656;10.0018085765988;0.8332078300114448;1.0966666271217755;1.096724913905146;0.7597839703093492;-0.12579305212055703;0.770228015296236
67.916929;1.0941159275545225;0.833295081529867;0.761830583722608;0.12352738221501895;0.11287632291673289;1.0970877834775234;10.001802523064224;0.8332103630684866;1.0966683611418644;1.0967289718478948;0.7597847146688034;-0.12579305164733504;0.7702281646784402
67.926929;1.0941109524772716;0.8332997583966489;0.7618299533838507;0.12352752318525839;0.11287613353760768;1.0970889256047367;10.001794676289434;0.8332129394112656;1.0966701729848787;1.0967331115787646;0.7597854803452979;-0.12579305114098144;0.7702283691216371
67.936929;1.094106943084574;0.8333051825162127;0.7618292707452827;0.12352754692374689;0.11287575320999801;1.0970901792432275;10.001785086111992;0.8332155657208391;1.0966720650841562;1.0967373232320456;0.7597862687475962;-0.12579305060571613;0.7702286268669738
67.946929;1.094101987101801;0.8333098218301822;0.7618284787314181;0.12352766567227952;0.11287557675955583;1.097091536789786;10.001773819045946;0.8332182507885623;1.0966740441218237;1.096741599435938;0.7597870801510582;-0.12579305004575703;0.7702289384147855
67.956929;1.0940970497500635;0.8333144313734296;0.7618276090073292;0.12352777027899232;0.11287540799739505;1.097092992767726;10.001760967382195;0.8332210064899566;1.096676118034867;1.0967459342241594;0.759787914500319;-0.12579304946494746;0.7702293054115367
67.966929;1.094092136167362;0.8333190037072292;0.7618266647356249;0.12352785868559212;0.11287524753707762;1.0970945433308203;10.00174665528597;0.8332238468565751;1.0966782938120332;1.0967503214675116;0.7597887723980472;-0.12579304886664233;0.7702297300689397
67.976929;1.0940872489866473;0.8333235315291738;0.7618256492508063;0.12352792883220406;0.11287509608207978;1.0970961865315538;10.001731026661975;0.8332267865476796;1.0966805769631731;1.0967547537862434;0.759789655962297;-0.12579304825361537;0.7702302147543634
67.986929;1.094082387194153;0.8333280069753316;0.7618245656820717;0.12352797869435772;0.11287495447957789;1.0970979225232775;10.001714227883824;0.8332298390491623;1.0966829710570296;1.096759221127145;0.7597905691507312;-0.12579304762797774;0.7702307617292188
67.996929;1.0940775471024322;0.8333324222507117;0.7618234168873496;0.12352800643300695;0.11287482363853446;1.0970997511089167;10.001696403478363;0.8332330143334379;1.0966854770553562;1.0967637094081897;0.7597915167425034;-0.12579304699134802;0.7702313730261094
68.006929;1.0940727248799889;0.8333367714160841;0.7618222057770668;0.12352801073927029;0.11287470438988687;1.0971016690207525;10.001677703807243;0.833236318312723;1.096688094656941;1.0967682010318358;0.7597925029912227;-0.12579304634531838;0.7702320503317485
68.016929;1.09406791845773;0.8333410509293961;0.7618209358379016;0.12352799114494646;0.1128745974017192;1.0971036708118784;10.001658292355891;0.8332397550006572;1.0966908248309775;1.0967726775930462;0.7597935311370733;-0.12579304569165475;0.770232794787257
68.026929;1.0940631271115107;0.8333452583438928;0.7618196112806295;0.12352794788761583;0.11287450314034805;1.097105752343984;10.001638340675584;0.8332433282750932;1.096693669578465;1.096777122722793;0.7597946029617615;-0.12579304503196367;0.7702336067650583
68.036929;1.0940583498431535;0.8333493910560439;0.7618182367533305;0.12352788136344467;0.11287442182939336;1.0971079129733807;10.001618014363226;0.8332470414863926;1.0966966298175354;1.096781522837101;0.7597957179292247;-0.12579304436732067;0.7702344858376523
68.046929;1.094053584900786;0.8333534467514124;0.7618168172434455;0.12352779173409098;0.11287435337252065;1.097110154895295;10.001597459193208;0.8332508963893526;1.0966997050684149;1.0967858659947776;0.7597968725206377;-0.12579304369834357;0.7702354305889854
68.056929;1.0940488300110098;0.8333574251279223;0.7618153585715175;0.1235276790353431;0.11287429728772552;1.097112480921423;10.001576793088303;0.8332548929291508;1.0967028947749016;1.096790140521324;0.7597980600490212;-0.12579304302579042;0.7702364381722705
68.066929;1.0940440821222281;0.8333613286391619;0.7618138679896622;0.12352754353539719;0.11287425283390709;1.0971148924975997;10.001556114295918;0.8332590296191379;1.096706199031796;1.096794334252429;0.7597992713715939;-0.12579304235122224;0.7702375045336439
68.076929;1.0940393374211825;0.8333651608630794;0.7618123536064505;0.12352738587254328;0.11287421921094379;1.0971173891957058;10.00153551805177;0.8332633035759348;1.096709618298238;1.0967984348191913;0.7598004961272649;-0.12579304167688893;0.7702386246254589
68.086929;1.0940345921678043;0.8333689243463156;0.7618108226329413;0.12352720685825558;0.11287419554436913;1.0971199692266735;10.001515097658366;0.8332677104118742;1.0967131534190406;1.0968024309134115;0.7598017232682132;-0.12579304100485272;0.7702397914358836
68.096929;1.0940298438299485;0.8333726201764151;0.7618092806543136;0.12352700730656684;0.11287418080825119;1.097122629688219;10.001494932331603;0.8332722446593359;1.0967168057088887;1.0968063130969765;0.7598029414549125;-0.12579304033645017;0.7702409961307577
68.106929;1.094025091871763;0.8333762491356296;0.7618077330355858;0.12352678807223905;0.11287417392519365;1.0971253667021041;10.001475080978063;0.8332769002094;1.0967205763949437;1.0968100740703286;0.7598041401341904;-0.125793039672532;0.7702422305808732
68.116929;1.0940203376775954;0.8333798132477139;0.7618061860304473;0.12352655011700236;0.11287417391756267;1.0971281754169802;10.001455582922427;0.833281669736988;1.096724465884871;1.0968137101754045;0.7598053106244844;-0.12579303901384814;0.7702434891041611
68.126929;1.0940155839744239;0.8333833162976134;0.7618046454610616;0.12352629456186175;0.11287417991022708;1.0971310498141071;10.001436462193203;0.8332865439404071;1.0967284725207032;1.096817223352264;0.7598064470177783;-0.12579303836121383;0.7702447680056419
68.136929;1.0940108343151431;0.8333867627823922;0.7618031147849703;0.12352602269358773;0.11287419098610993;1.0971339838314884;10.001417738582504;0.8332915123224908;1.0967325919553101;1.0968206210289744;0.7598075465443804;-0.12579303771534966;0.7702460648449926
68.146929;1.0940060923282482;0.8333901567377275;0.7618015948596049;0.12352573577786767;0.11287420610410867;1.0971369730601765;10.001399435737676;0.8332965647931826;1.096736818933235;1.0968239133860933;0.759808608583949;-0.12579303707654227;0.7702473781024469
68.156929;1.0940013614825541;0.8333935016086388;0.7618000848968212;0.12352543478264551;0.11287422413017471;1.097140014991732;10.001381576880748;0.8333016922319268;1.096741149081411;1.0968271095971425;0.7598096335295539;-0.12579303644464224;0.7702487065212668
68.166929;1.0939966461866721;0.8333968005329376;0.7617985832682114;0.12352512027225096;0.11287424383763463;1.0971431086723396;10.001364176813684;0.8333068857704714;1.0967455781043534;1.0968302155754746;0.7598106233508732;-0.1257930358192628;0.7702500481259478
68.176929;1.0939919528816806;0.8334000560643139;0.7617970879558207;0.12352479250286204;0.11287426390479677;1.0971462544352393;10.001347231611156;0.8333121362140665;1.0967501007613227;1.0968332340942872;0.7598115826079149;-0.12579303519983528;0.770251399540491
68.186929;1.0939872903285504;0.8334032693261926;0.761795597184383;0.1235244515955043;0.11287428293144555;1.0971494535260675;10.00133070682958;0.8333174350770243;1.096754712064933;1.09683616602817;0.7598125175980409;-0.12579303458578509;0.7702527557946296
68.196929;1.0939826690232646;0.8334064397046431;0.7617941102882698;0.12352409772986934;0.11287429944198446;1.0971527085031099;10.001314543355505;0.8333227756392931;1.0967594085288423;1.096839011781256;0.7598134346889439;-0.12579303397663674;0.7702541102929266
68.206929;1.0939780995121537;0.8334095656358917;0.7617926275176036;0.1235237312840204;0.11287431195281368;1.0971560239304143;10.001298678339202;0.8333281517401098;1.0967641871877893;1.0968417725940554;0.7598143399305824;-0.12579303337173137;0.7702554552742471
68.216929;1.0939735910718638;0.8334126455587155;0.7617911480958329;0.12352335283658489;0.11287431916731713;1.0971594056208138;10.001283055444357;0.8333335562965538;1.0967690439752955;1.0968444514616473;0.7598152392783298;-0.12579303276999035;0.7702567827730136
68.226929;1.0939691518187407;0.8334156786798014;0.7617896686008228;0.12352296307645418;0.11287432021241711;1.0971628588794993;10.001267625398452;0.8333389816546928;1.0967739741015199;1.0968470536593993;0.759816138154243;-0.12579303217010887;0.7702580847028868
68.236929;1.0939647889273538;0.8334186657136875;0.7617881835489009;0.12352256280569562;0.11287431465842802;1.0971663872160535;10.001252350815607;0.8333444201010527;1.0967789740580867;1.0968495865255792;0.759817040872508;-0.12579303157093655;0.7702593520880733
68.246929;1.0939605080370927;0.8334216088127714;0.7617866869501146;0.12352215310639361;0.11287430226975691;1.0971699912001165;10.001237212811503;0.8333498636322985;1.0967840425612525;1.0968520585128059;0.7598179505772484;-0.1257930309716084;0.7702605750445849
68.256929;1.0939563123483544;0.8334245106988003;0.7617851733118925;0.12352173537645379;0.11287428279872488;1.0971736675210264;10.00122221640295;0.8333553039074302;1.0967891797725462;1.0968544786967445;0.7598188690851433;-0.12579303037141285;0.7702617433564649
68.266929;1.0939522022423234;0.8334273739973622;0.7617836384499254;0.12352131114680008;0.11287425602742264;1.0971774094758755;10.001207389010753;0.8333607322715447;1.0967943860704243;1.096856856701653;0.7598197965437029;-0.12579302976956505;0.7702628467807903
68.276929;1.093948176526772;0.8334302006549426;0.7617820798046547;0.12352088201569737;0.1128742219525844;1.0971812089603568;10.001192764321686;0.8333661399076271;1.0967996609596935;1.0968592023812744;0.7598207315648057;-0.12579302916503451;0.7702638755921385
68.286929;1.093944234352927;0.8334329912002649;0.761780495788036;0.12352044964916091;0.112874180922283;1.097185058598699;10.001178368521582;0.8333715186024674;1.0968050026920109;1.0968615257683563;0.7598216712430684;-0.12579302855681135;0.7702648215182732
68.296929;1.0939403748527807;0.8334357444203544;0.7617788856511571;0.12352001559497905;0.11287413364549063;1.0971889519246427;10.001164229449715;0.8333768616058107;1.0968104085938082;1.096863836363615;0.7598226104968719;-0.12579302794442085;0.7702656779828109
68.306929;1.093936595830683;0.833438457191489;0.7617772497065257;0.12351958115079706;0.11287408110029032;1.0971928815316043;10.001150392729103;0.8333821640673772;1.0968158752978356;1.096866141063427;0.7598235421118568;-0.1257930273279364;0.7702664393084271
68.316929;1.093932895097916;0.8334411241092002;0.761775588051502;0.12351914748217133;0.11287402439443855;1.0971968374713654;10.001136921452735;0.833387423279399;1.096821399163182;1.0968684435259517;0.7598244584098098;-0.12579302670750497;0.7702671002758866
68.326929;1.093929272202985;0.8334437380678008;0.7617738990251468;0.12351871565005197;0.11287396466601363;1.0972008067419423;10.001123884568317;0.8333926386985302;1.096826977151186;1.0968707459304725;0.7598253531187918;-0.12579302608323817;0.7702676568559435
68.336929;1.0939257275289909;0.8334462920671495;0.7617721796963867;0.12351828644843883;0.11287390305645491;1.0972047737652006;10.001111347297197;0.833397811212062;1.0968326071344898;1.0968730499589505;0.7598262220163117;-0.12579302545559432;0.7702681069996274
68.346929;1.0939222614860877;0.8334487802627027;0.7617704277570303;0.12351786046158768;0.11287384070209694;1.0972087222997684;10.001099364855381;0.8334029418840152;1.0968382861891521;1.0968753567065883;0.7598270626450575;-0.125793024825418;0.7702684504328322
68.356929;1.093918875822484;0.83345119718677;0.7617686428337196;0.12351743823651405;0.11287377874560534;1.0972126380700589;10.001087974065083;0.8334080310392944;1.0968440078126231;1.0968776670901528;0.7598278740616542;-0.12579302419358546;0.770268687900506
68.366929;1.093915574175723;0.8334535361688465;0.761766826416655;0.12351702011748932;0.11287371837923181;1.0972165099886144;10.001077182229507;0.8334130780883255;1.096849761401657;1.0968799807222633;0.7598286565160546;-0.12579302356097516;0.770268820939193
68.376929;1.0939123601402798;0.8334557885924944;0.761764980798591;0.12351660599119287;0.11287366084181602;1.0972203284131667;10.001066961866249;0.8334180821815346;1.0968555337156962;1.0968822936530198;0.7598294101108075;-0.12579302292878372;0.7702688518981174
68.386929;1.0939092356334017;0.8334579451704344;0.7617631080194239;0.1235161953936022;0.11287360732685885;1.0972240816163306;10.001057264337948;0.8334230425640096;1.0968613088442454;1.0968845991945322;0.7598301334358253;-0.12579302229866607;0.7702687834224633
68.396929;1.093906201596354;0.8334599979395918;0.7617612097583404;0.12351578779119765;0.11287355888118951;1.0972277536667798;10.00104804718983;0.8334279577829627;1.0968670668050722;1.0968868909574456;0.7598308244146815;-0.12579302167250478;0.7702686180509679
68.406929;1.0939032591458044;0.8334619409400587;0.7617592879046697;0.12351538269813003;0.11287351635934441;1.0972313256991428;10.001039286122579;0.8334328258999608;1.0968727839797459;1.0968891641421712;0.7598314823520741;-0.12579302105209444;0.770268358671793
68.416929;1.0939004094371834;0.833463770285063;0.7617573444291883;0.12351497967512444;0.11287348041949596;1.0972347791454509;10.00103096549929;0.8334376463080756;1.0968784358189974;1.0968914154028666;0.7598321081539019;-0.1257930204391077;0.7702680094295034
68.426929;1.0938976534783238;0.8334654843541243;0.7617553805745139;0.12351457829409512;0.11287345154917444;1.0972380971737254;10.00102307000786;0.8334424203211305;1.0968839996084514;1.0968936433768066;0.7598327033092758;-0.12579301983531838;0.7702675759053581
68.436929;1.0938949929614195;0.8334670832492599;0.7617533970903801;0.12351417804415617;0.11287343010615884;1.0972412632026654;10.001015584938568;0.8334471497042554;1.0968894562565097;1.0968958487099056;0.7598332701295567;-0.12579301924270367;0.7702670642335896
68.446929;1.0938924303516673;0.8334685677915705;0.7617513950494244;0.12351377833820743;0.11287341635544633;1.0972442601949945;10.00100850155524;0.8334518347879212;1.0968947907693625;1.0968980314507821;0.7598338121474426;-0.12579301866341583;0.7702664805255455
68.456929;1.0938899671251798;0.8334699394296211;0.7617493757151992;0.12351337877155713;0.11287341049802117;1.0972470731495925;10.001001826115315;0.8334564738930496;1.0968999915881552;1.0969001889155408;0.7598343333617849;-0.12579301809990895;0.7702658312874703
68.466929;1.0938876025277793;0.8334712010235298;0.7617473403414079;0.12351297938759416;0.11287341273863516;1.0972496910075484;10.000995580228205;0.8334610644316967;1.096905050207712;1.0969023179581179;0.7598348377318551;-0.12579301755496108;0.7702651236662116
68.476929;1.093885334555854;0.8334723569525718;0.7617452900946002;0.1235125806460171;0.11287342347237576;1.0972521042028738;10.00098977962144;0.833465603966985;1.0969099614062718;1.096904417928728;0.7598353288133439;-0.12579301703118528;0.7702643649593361
68.486929;1.0938831613939854;0.8334734117818019;0.7617432254770122;0.12351218318045387;0.11287344345611114;1.0972543012111824;10.000984402684827;0.833470090138198;1.0969147233559877;1.0969064904880614;0.7598358091688706;-0.12579301653038905;0.7702635622249432
68.496929;1.0938810820023115;0.8334743681702644;0.7617411464568916;0.123511787601213;0.1128734736975843;1.0972562687725782;10.000979382575718;0.8334745200506369;1.096919338175529;1.096908538696246;0.7598362806892694;-0.12579301605330423;0.7702627222521687
68.506929;1.0938790965430336;0.8334752254889343;0.7617390537763622;0.12351139441300718;0.11287351518538453;1.0972579943114806;10.000974633771316;0.8334788898077974;1.0969238128455367;1.0969105664407266;0.759836745317301;-0.12579301559966113;0.7702618511938071
68.516929;1.0938772063706954;0.8334759803692685;0.7617369503375991;0.12351100396061382;0.1128735688179502;1.097259467418332;10.000970079682903;0.8334831947917504;1.0969281579957553;1.0969125773919368;0.7598372053862736;-0.1257930151684266;0.7702609538343586
68.526929;1.0938754128766768;0.8334766283907561;0.761734841716643;0.1235106164570605;0.11287363546446486;1.0972606804452152;10.000965658244251;0.8334874309735084;1.0969323842392902;1.096914574732778;0.7598376639910436;-0.12579301475814025;0.7702600339294555
68.536929;1.0938737161008898;0.8334771652521482;0.7617327355564798;0.12351023215369382;0.11287371590871005;1.0972616288819155;10.000961315436655;0.833491596594255;1.096936498690254;1.096916562148967;0.7598381254001875;-0.12579301436719717;0.7702590957031452
68.546929;1.0938721145162624;0.8334775870772293;0.7617306407459774;0.12350985146856348;0.11287381074211347;1.0972623107846158;10.000956991471835;0.833495693028064;1.096940502828367;1.0969185446476977;0.7598385954511995;-0.12579301399388618;0.7702581438133237
68.556929;1.0938706065157053;0.8334778902518721;0.7617285670373098;0.12350947504160481;0.1128739203716531;1.0972627254628957;10.00095260601263;0.8334997242176725;1.0969443926014333;1.096920528571838;0.7598390818890344;-0.12579301363628748;0.7702571813640728
68.566929;1.093869192432837;0.8334780712991388;0.761726524701194;0.12350910380436285;0.11287404510675562;1.097262873752492;10.000948064714382;0.8335036955210426;1.096948161049421;1.0969225217055625;0.7598395943245883;-0.12579301329222545;0.7702562090367733
68.576929;1.0938678747170076;0.8334781266815159;0.7617245241711689;0.12350873890059913;0.1128741851479518;1.0972627596963336;10.000943282805567;0.8335076130976325;1.096951800984542;1.0969245329909978;0.7598401437788092;-0.125793012959297;0.7702552262907483
68.586929;1.0938666559219012;0.8334780521796394;0.7617225757287314;0.12350838143605629;0.11287434051411462;1.0972623906199994;10.000938197085896;0.8335114838576835;1.0969553058752175;1.0969265706465747;0.7598407416210304;-0.12579301263503528;0.7702542329023231
68.596929;1.0938655365183683;0.8334778427325317;0.7617206890825544;0.12350803230863291;0.11287451104171704;1.097261776190508;10.00093276348568;0.8335153152032684;1.096958669438668;1.0969286404660485;0.759841397864568;-0.12579301231723936;0.7702532296002941
68.606929;1.0938645140382306;0.8334774931834995;0.761718872957745;0.12350769223821734;0.11287469637683899;1.0972609284778243;10.000926954789536;0.8335191140258732;1.096961885725989;1.096930747011642;0.7598421201644541;-0.1257930120041855;0.7702522180510092
68.616929;1.0938635837008928;0.8334769990333768;0.7617171347012262;0.12350736192584115;0.1128748959600353;1.097259861773483;10.000920759004902;0.8335228852671316;1.0969649508774912;1.0969328965029936;0.7598429146305118;-0.1257930116945594;0.7702512015568388
68.626929;1.0938627394168376;0.8334763570804151;0.7617154799337946;0.12350704215106181;0.11287510904880003;1.0972585913657988;10.00091416778959;0.8335266310104514;1.0969678653353578;1.0969350970176102;0.7598437872206368;-0.1257930113873196;0.7702501858015129
68.636929;1.09386197409843;0.8334755660950117;0.7617139124435954;0.1235067336693568;0.11287533472277654;1.0972571320011784;10.000907157655456;0.8335303514685026;1.0969706339458327;1.0969373551320303;0.7598447437797239;-0.12579301108173388;0.7702491777941312
68.646929;1.0938612799531793;0.8334746261124714;0.7617124341347655;0.12350643696761639;0.11287557193942355;1.0972554966573724;10.00089968451803;0.8335340470803356;1.0969732635860405;1.0969396737221626;0.7598457890136475;-0.12579301077762292;0.7702481841222762
68.656929;1.0938606495721583;0.8334735361259802;0.7617110447488666;0.12350615202707936;0.11287581968875235;1.0972536963772361;10.000891695645619;0.8335377187630522;1.0969757614352695;1.0969420537223193;0.75984692609148;-0.12579301047545435;0.770247209657769
68.666929;1.0938600761145452;0.8334722930356543;0.7617097416970012;0.12350587824384042;0.11287607714039559;1.097251740618102;10.000883139074142;0.8335413670839401;1.0969781347801832;1.096944496547238;0.7598481567491852;-0.12579301017611916;0.7702462562392701
68.676929;1.0938595513577538;0.8334708927887158;0.761708520052095;0.12350561452396694;0.11287634364050313;1.097249636817418;10.000873963046214;0.8335449928078061;1.0969803901395812;1.096947003852971;0.759849480710205;-0.12579300988082412;0.7702453226445923
68.686929;1.0938590649616653;0.8334693312595569;0.7617073724122043;0.12350535945553114;0.1128766185562377;1.0972473900279773;10.000864117926655;0.8335485971594869;1.0969825324765865;1.096949576000846;0.7598508949030063;-0.1257930095912356;0.7702444066476098
68.696929;1.093858606796522;0.8334676041878714;0.7617062894434189;0.12350511155732062;0.11287690117989378;1.0972450042744837;10.000853565908853;0.833552181007853;1.0969845657823332;1.0969522117753487;0.7598523933093734;-0.1257930093094719;0.7702435066659473
68.706929;1.0938581683607749;0.8334657076643405;0.761705261770912;0.12350486956468726;0.11287719076394868;1.0972424842638657;10.000842290783067;0.8335557450307166;1.0969864936628313;1.0969549096039746;0.7598539668401467;-0.12579300903803947;0.7702426216873409
68.716929;1.0938577411191606;0.8334636394187216;0.7617042823353616;0.12350463252053259;0.11287748661800873;1.0972398348732602;10.000830295446136;0.8335592905861166;1.096988319227442;1.0969576692952676;0.7598556035388403;-0.12579300878004207;0.7702417513354658
68.726929;1.0938573145233974;0.8334613999534022;0.7617033477924986;0.12350439961333536;0.11287778826679007;1.097237059068782;10.000817581096216;0.8335628199853942;1.0969900444669727;1.0969604931573387;0.7598572900853682;-0.12579300853936976;0.7702408968380778
68.736929;1.0938568761953145;0.8334589927596138;0.7617024579605591;0.12350417000994764;0.11287809548103028;1.0972341571678115;10.000804131898091;0.833566336379337;1.0969916696070516;1.0969633854475147;0.7598590131900017;-0.12579300832065612;0.7702400613715145
68.746929;1.0938564137385536;0.8334564237135649;0.7617016134931535;0.12350394288007804;0.11287840810445166;1.0972311282337426;10.000789926764174;0.8335698433139809;1.0969931935843378;1.096966350250844;0.7598607602552995;-0.12579300812904964;0.7702392491644637
68.756929;1.093855916404178;0.8334537005512838;0.761700813376671;0.12350371752934301;0.11287872597211912;1.0972279719212052;10.000774952899313;0.833573343509124;1.0969946151477417;1.0969693897333963;0.7598625205705094;-0.12579300796975335;0.7702384642243754
68.766929;1.0938553755512723;0.8334508324893939;0.7617000542214069;0.12350349344100399;0.11287904896247683;1.0972246898929212;10.000759201542543;0.8335768375457734;1.0969959330352193;1.0969725044415546;0.7598642860237086;-0.12579300784751746;0.7702377093699028
68.776929;1.0938547838064192;0.833447829087896;0.7616993314475724;0.12350327021745795;0.11287937693667292;1.0972212864811302;10.000742663976002;0.8335803242243861;1.0969971462994799;1.0969756941362296;0.7598660502851179;-0.12579300776647281;0.7702369858394162
68.786929;1.0938541340613752;0.8334446986550256;0.7616986402552637;0.12350304752457601;0.11287970961456008;1.097217767511632;10.000725337337457;0.8335838023496702;1.0969982556716573;1.0969789569722057;0.7598678080482041;-0.12579300773037502;0.7702362932292327
68.796929;1.0938534193385463;0.8334414479992203;0.7616979753866472;0.1235028250955276;0.11288004656713777;1.0972141380527807;10.000707227942213;0.8335872717310115;1.0969992640955681;1.0969822881979787;0.7598695551004916;-0.12579300774277105;0.7702356295057394
68.806929;1.0938526331335285;0.8334380846151469;0.7616973309710867;0.12350260278201501;0.11288038721875675;1.0972104019511455;10.000688343921324;0.8335907327330966;1.0970001762839843;1.0969856809399698;0.7598712882798432;-0.12579300780671007;0.7702349914818185
68.816929;1.093851769694091;0.8334346189668721;0.7616967013079033;0.12350238055407849;0.11288073078164135;1.0972065635386468;10.000668687032425;0.8335941852925006;1.0970009987354157;1.096989128283162;0.7598730047651326;-0.12579300792424908;0.7702343756716598
68.826929;1.0938508245458396;0.8334310635097437;0.761696082040099;0.12350215841720562;0.11288107629170208;1.0972026288895422;10.000648254439321;0.8335976285581632;1.097001739824642;1.0969926237386922;0.7598747009829431;-0.12579300809629357;0.7702337791325689
68.836929;1.0938497960413827;0.8334274302761593;0.7616954712022969;0.12350193632891168;0.11288142278523074;1.0971986056423395;10.000627045636197;0.8336010615659677;1.0970024095584128;1.0969961605770386;0.7598763719832973;-0.12579300832283538;0.7702332002044049
68.846929;1.0938486868995596;0.833423730662593;0.7616948697727389;0.12350171422358255;0.11288176949867662;1.0971945022432656;10.000605065712852;0.8336044836765181;1.097003019785038;1.0969997318374145;0.7598780117338182;-0.1257930086031875;0.7702326383072544
68.856929;1.0938475038440627;0.8334199760034852;0.7616942812634134;0.12350149219994098;0.11288211596866016;1.0971903270919994;10.000582328506557;0.8336078940255197;1.0970035842298858;1.0970033297637725;0.7598796140240112;-0.1257930089362064;0.7702320928169508
68.866929;1.0938462562455367;0.833416176425926;0.7616937104221189;0.12350127068308504;0.1128824619368308;1.0971860880310031;10.000558866273963;0.8336112908303053;1.09700411697006;1.0970069439868784;0.7598811736002751;-0.12579300932051268;0.770231562936173
68.876929;1.0938449550186466;0.8334123391975484;0.761693162166623;0.12350105028068474;0.11288280719284437;1.0971817911520017;10.000534732179066;0.8336146707907367;1.0970046306532841;1.0970105608249752;0.7598826870296531;-0.12579300975447402;0.770231048634061
68.886929;1.0938436114628456;0.8334084686047875;0.7616926417949661;0.12350083147355406;0.11288315150678656;1.0971774381055799;10.000509977197373;0.8336180285446076;1.0970051361395752;1.0970141652878225;0.759884153144011;-0.1257930102360477;0.7702305510012595
68.896929;1.0938422358511957;0.8334045670738642;0.7616921549301332;0.12350061449681096;0.11288349459980518;1.0971730251599088;10.00048461827548;0.8336213570107899;1.0970056426142707;1.0970177441212068;0.7598855731930991;-0.1257930107626983;0.77023007204457
68.906929;1.0938408362668088;0.8334006362090467;0.7616917062135451;0.12350039940551887;0.11288383610470018;1.0971685460286738;10.000458639297992;0.8336246483386999;1.0970061573907286;1.0970212871749287;0.7598869501702286;-0.12579301133151827;0.7702296140229139
68.916929;1.09383941905873;0.8333966773055452;0.7616912994116956;0.12350018614794227;0.11288417546316444;1.097163994869063;10.00043202660749;0.8336278943893772;1.0970066862620436;1.097024786841879;0.7598882872196412;-0.12579301193956058;0.7702291780055305
68.926929;1.0938379902643887;0.8333926916888167;0.7616909394084623;0.12349997462482479;0.11288451181932269;1.0971593671759394;10.000404796715893;0.8336310875918659;1.0970072350963862;1.0970282377417708;0.7598895865469703;-0.12579301258423098;0.7702287629634686
68.936929;1.093836555467408;0.8333886815510925;0.7616906330765273;0.12349976479953383;0.11288484410673591;1.0971546605257338;10.000377000506571;0.8336342223429645;1.0970078112441282;1.097031637069445;0.7598908498923095;-0.12579301326343179;0.7702283662465715
68.946929;1.093835118561119;0.8333846510045455;0.7616903879844162;0.1234995568207191;0.1128851712472363;1.097149874808026;10.000348713891052;0.8336372953221056;1.0970084225706238;1.0970349836238724;0.759892079288056;-0.1257930139751608;0.7702279845671675
68.956929;1.0938336816363519;0.8333806062789979;0.7616902102862855;0.12349935103283707;0.11288549225304406;1.0971450103558604;10.000320014688626;0.8336403051804806;1.097009075432623;1.0970382759109623;0.759893276219817;-0.12579301471723273;0.7702276145932925
68.966929;1.0938322459069927;0.8333765555633414;0.7616901035344281;0.123499147910761;0.11288580626262555;1.0971400669267932;10.000290957606065;0.8336432523212269;1.0970097746278327;1.0970415120024848;0.7598944396644062;-0.12579301548777233;0.7702272528304824
68.976929;1.093830812323479;0.8333725091916709;0.761690068897181;0.12349894798830173;0.11288611256261641;1.097135045715807;10.000261568683934;0.8336461381670414;1.0970105253265994;1.0970446906484448;0.7598955653277482;-0.1257930162856663;0.7702268958270883
68.986929;1.093829381707313;0.8333684792259872;0.7616901054986431;0.12349875177335706;0.11288641056784693;1.0971299514166646;10.00023185605865;0.8336489643495687;1.0970113341605294;1.097047810404418;0.7598966470231813;-0.12579301711036325;0.7702265417691762
68.996929;1.0938279549631504;0.8333644782931086;0.7616902104420796;0.12349855973344995;0.11288669974778218;1.097124792012733;10.000201821092752;0.8336517319602715;1.0970122079990303;1.0970508666641934;0.7598976785506326;-0.12579301796134082;0.7702261922264418
69.006929;1.093826533506922;0.8333605185363007;0.7616903795311826;0.12349837226781991;0.11288697950244052;1.097119577458884;10.000171469470564;0.8336544410485945;1.0970131533524958;1.0970538495769007;0.7598986546520331;-0.12579301883782867;0.7702258526566927
69.016929;1.0938251198565518;0.8333566105826229;0.7616906086778049;0.12349818949743502;0.11288724908093013;1.0971143189072674;10.000140822708667;0.8336570911683177;1.0970141780658518;1.0970567440731314;0.7598995712518017;-0.12579301973925314;0.7702255316928244
69.026929;1.093823717734085;0.8333527629588625;0.7616908946127466;0.12349801112535395;0.11288750758100058;1.097109028082704;10.000109924347154;0.8336596819893871;1.0970152916348423;1.0970595312756413;0.7599004255939757;-0.1257930206658082;0.7702252395964339
69.036929;1.0938223307504331;0.8333489831749431;0.7616912344704978;0.12349783657883631;0.11288775395474297;1.097103716444823;10.000078842697723;0.8336622126449276;1.0970165034161428;1.097062190381501;0.7599012166701388;-0.12579302161836128;0.7702249869474194
69.046929;1.093820960602413;0.8333452794142935;0.7616916255125185;0.12349766515371256;0.11288798704097214;1.0970983958922396;10.000047666881716;0.8336646806759831;1.0970178226828418;1.0970647005952292;0.759901945611265;-0.12579302259800837;0.7702247843955213
69.056929;1.093819606372343;0.833341660929651;0.761692065864699;0.1234974959889896;0.11288820561218904;1.0970930810654564;10.00001649443952;0.8336670822625845;1.097019259877596;1.097067043424145;0.759902615576742;-0.12579302360564804;0.7702246425366576
69.066929;1.0938182649984263;0.8333381375559695;0.7616925553622976;0.12349732804364319;0.11288840842393005;1.0970877906166945;9.999985423628564;0.8336694135614481;1.097020825251272;1.0970692044587305;0.7599032315956311;-0.12579302464163367;0.7702245709123623
69.076929;1.0938169327537068;0.8333347189821482;0.761693095488652;0.12349716016754211;0.112888594347516;1.0970825457376765;9.999954553789232;0.8336716714425567;1.097022526248307;1.0970711735075944;0.7599038008949026;-0.12579302570574125;0.7702245767940146
69.086929;1.0938156069675045;0.8333314138783896;0.7616936890022279;0.12349699117991629;0.11288876249884719;1.0970773673882253;9.99992398044202;0.8336738531614374;1.0970243676458322;1.0970729439762772;0.7599043330087346;-0.1257930267972563;0.7702246652314724
69.096929;1.0938142865206597;0.8333282296295442;0.7616943397120066;0.12349681986127728;0.11288891228209283;1.0970722748040904;9.99989378240532;0.8336759560948072;1.097026353717586;1.0970745122923349;0.7599048390250359;-0.12579302791482444;0.7702248404894646
69.106929;1.0938129713737819;0.8333251723370256;0.7616950515634925;0.12349664494644372;0.11288904345304407;1.0970672851689816;9.999864016096298;0.8336779782534056;1.0970284888822321;1.0970758775410503;0.7599053305540988;-0.12579302905639003;0.7702251070814509
69.116929;1.0938116621945149;0.8333222460129527;0.7616958272111879;0.12349646529065579;0.11288915619215668;1.097062413765926;9.99983472096053;0.8336799188552472;1.0970307771494971;1.097077041565058;0.7599058187535214;-0.12579303021958094;0.7702254697144879
69.126929;1.0938103605072838;0.8333194517881855;0.7616966680001721;0.12349628007768575;0.11288925105067402;1.097057674780706;9.999805925064226;0.8336817780140231;1.097033221849455;1.0970780087621599;0.7599063137158232;-0.1257930314022456;0.770225933485726
69.136929;1.0938090692240623;0.833316788709377;0.7616975751645714;0.12349608890277095;0.11288932874013588;1.0970530815822424;9.999777658130315;0.8336835562807615;1.0970358246777796;1.0970787852529975;0.759906824425934;-0.1257930326026552;0.7702265042089703
69.146929;1.0938077923895275;0.8333142555673293;0.7616985496342219;0.12349589177917775;0.11288938993692704;1.0970486458165807;9.999749973838348;0.833685255101047;1.097038584633527;1.0970793778860055;0.7599073587429968;-0.1257930338194774;0.7702271875877607
69.156929;1.0938065336629892;0.8333118517528707;0.7616995907844374;0.12349568897378344;0.11288943530589285;1.097044376292673;9.999722946935481;0.8336868777351089;1.0970414979216727;1.0970797927929132;0.7599079235867908;-0.12579303505176118;0.7702279878509487
69.166929;1.0938052948882109;0.8333095766530989;0.76170069630008;0.12349548076578343;0.1128894656490613;1.0970402789738158;9.99969664410725;0.8336884296040342;1.0970445583343593;1.0970800341192508;0.759908525341655;-0.1257930362985636;0.7702289069225643
69.176929;1.0938040757339746;0.8333074291455951;0.7617018627607665;0.12349526750762477;0.11288948191302471;1.0970363581329745;9.999671119132845;0.8336899175828278;1.0970477585908878;1.0970801042585059;0.7599091696524377;-0.12579303755824436;0.7702299444951252
69.186929;1.0938028738395715;0.8333054080540451;0.7617030860659059;0.1234950498572072;0.11288948501923543;1.0970326166739284;9.99964643846834;0.83369134941523;1.097051091992583;1.097080004826946;0.7599098607625472;-0.12579303882808063;0.7702310992600074
69.196929;1.0938016852121948;0.8333035123801374;0.7617043620068115;0.12349482871104647;0.1128894757513665;1.0970290555958133;9.999622691830522;0.83369273378702;1.0970545527574984;1.0970797370706578;0.7599106013631953;-0.1257930401045129;0.7702323701229801
69.206929;1.0938005057029503;0.8333017405215125;0.7617056864636557;0.12349460487198553;0.11288945488888841;1.0970256744353621;9.999599973360798;0.8336940794480314;1.0970581361249654;1.097079302124837;0.7599113932267578;-0.12579304138381986;0.7702337562766215
69.216929;1.0937993325844726;0.8333000896414265;0.7617070550383789;0.12349437894629034;0.11288942345417993;1.0970224710875354;9.999578360739198;0.8336953937979104;1.0970618388016984;1.0970787008840617;0.7599122377838569;-0.12579304266267316;0.7702352569783484
69.226929;1.09379816442198;0.8332985561783576;0.761708463490723;0.12349415157438717;0.11288938281436986;1.0970194402554623;9.999557910680208;0.8336966827939214;1.0970656576466296;1.0970779324983653;0.7599131361909168;-0.12579304393824536;0.7702368712159894
69.236929;1.0937970004816895;0.8332971362317758;0.7617099085926349;0.12349392354278803;0.11288933458662842;1.0970165736032234;9.999538661261132;0.833697951328656;1.097069586820965;1.0970769936214788;0.7599140892595746;-0.12579304520817747;0.7702385965378586
69.246929;1.0937958410554445;0.8332958248339;0.7617113878569562;0.12349369565812308;0.112889280403759;1.0970138612846112;9.999520633881822;0.8336992027314232;1.097073616861381;1.097075880301754;0.7599150975637614;-0.1257930464707455;0.770240428137578
69.256929;1.093794687969757;0.8332946159998498;0.7617128985824313;0.12349346864741455;0.11288922161241492;1.0970112930332632;9.999503842944831;0.8337004383397211;1.0970777366644937;1.0970745896674376;0.7599161621966926;-0.12579304772492111;0.7702423596199812
69.266929;1.0937935449337561;0.8332935040888001;0.7617144369899812;0.12349324302342522;0.11288915910276155;1.0970088602982049;9.999488312009388;0.8337016577187369;1.0970819354380117;1.097073120109049;0.7599172855397783;-0.12579304897012197;0.7702443842589585
69.276929;1.0937924176462615;0.8332924841074523;0.7617159976350316;0.12349301887610323;0.1128890934005001;1.0970065583067465;9.999474080198642;0.8337028590441492;1.0970862031169508;1.0970714720839758;0.7599184706690906;-0.12579305020603254;0.7702464948171766
69.286929;1.0937913138397115;0.833291550772618;0.7617175736742192;0.12349279592466905;0.11288902488505524;1.0970043850914641;9.999461192121464;0.8337040399701848;1.0970905300126563;1.09706964912139;0.7599197198403372;-0.1257930514323979;0.7702486825660332
69.296929;1.0937902433780802;0.8332906977604049;0.7617191581431955;0.1234925737732836;0.11288895389109035;1.0970023394204083;9.999449686175701;0.8337051987974634;1.0970949052789025;1.0970676578817038;0.7599210329084063;-0.1257930526485624;0.7702509372112313
69.306929;1.0937892172921138;0.8332899173410081;0.761720745387219;0.1234923519613884;0.1128888805957803;1.097000420700858;9.999439587004034;0.8337063353691107;1.097099315123553;1.097065507240376;0.7599224061982666;-0.1257930538531247;0.7702532480099263
69.316929;1.09378824668041;0.833289200580317;0.7617223314375912;0.12349212988615574;0.1128888048672087;1.0969986297962693;9.999430895096745;0.8337074513802574;1.0971037433134871;1.0970632061148262;0.7599238330920474;-0.12579305504384256;0.7702556050375167
69.326929;1.0937873433895637;0.8332885382776463;0.7617239128789759;0.12349190687621167;0.11288872629813189;1.0969969689082737;9.9994235838889;0.8337085498012717;1.097108173280142;1.0970607620595645;0.7599253057871809;-0.12579305621760797;0.7702579996070137
69.336929;1.093786520828333;0.8332879221054448;0.7617254851296026;0.12349168235759779;0.11288864437350209;1.0969954412105272;9.999417607568773;0.833709634670364;1.0971125896904963;1.0970581824735834;0.7599268159911897;-0.12579305737046612;0.7702604239664417
69.346929;1.0937857934133821;0.833287345230029;0.7617270412656076;0.12349145595861154;0.1128885585819877;1.096994050731068;9.999412904716497;0.8337107118498143;1.0971169792506237;1.0970554761108757;0.7599283544182771;-0.12579305849787706;0.7702628706597741
69.356929;1.0937851752310779;0.8332868021133398;0.7617285720349515;0.12349122751451849;0.11288846847619559;1.0969928015376442;9.999409395550176;0.8337117890458637;1.0971213304794938;1.0970526519792048;0.7599299102118293;-0.1257930595951748;0.770265332302285
69.366929;1.0937846786472702;0.8332862881782707;0.7617300675065755;0.12349099695167526;0.1128883737479324;1.09699169634523;9.999406979183773;0.8337128745319873;1.0971256328166872;1.0970497163369826;0.7599314710224517;-0.12579306065792736;0.7702678020680935
69.376929;1.0937843139191297;0.8332858002239298;0.7617315192467474;0.12349076411925576;0.11288827421019054;1.0969907352227282;9.999405537926362;0.8337139758079508;1.0971298768149162;1.0970466715137543;0.7599330242091462;-0.12579306168219268;0.770270273815025
69.386929;1.0937840893088433;0.8332853369302515;0.7617329211008189;0.12349052872831033;0.11288816970821812;1.0969899146232183;9.99940495165998;0.8337150985448859;1.0971340546116801;1.0970435181359717;0.7599345582912856;-0.1257930626645897;0.7702727417270642
69.396929;1.0937840110261914;0.8332848984552539;0.7617342687137219;0.12349029040332452;0.11288806012116491;1.0969892271714616;9.999405108261056;0.8337162454038516;1.097138158542943;1.0970402583313745;0.7599360637570683;-0.1257930636023342;0.7702751999204175
69.406929;1.0937840838475528;0.833284485717804;0.7617355590989716;0.12349004876056056;0.11288794537538623;1.0969886619753841;9.999405901879197;0.8337174157284327;1.0971421792870015;1.097036896892594;0.7599375334542663;-0.1257930644935958;0.7702776420927431
69.416929;1.0937843117019528;0.8332840997221428;0.761736790686311;0.12348980346263486;0.11288782539970486;1.096988204918798;9.999407231585527;0.8337186070433097;1.0971461058332317;1.0970334396651729;0.7599389621915262;-0.12579306533771314;0.7702800617206461
69.426929;1.0937846971276013;0.8332837405327705;0.7617379636556628;0.12348955424229197;0.1128877000859498;1.0969878398023933;9.999409007660024;0.8337198167730833;1.0971499261131503;1.0970298917812191;0.759940345455457;-0.12579306613500105;0.7702824528872283
69.436929;1.0937852407690816;0.8332834066785527;0.7617390802595465;0.12348930099861465;0.11288756921353449;1.096987551018287;9.999411162162955;0.8337210423586099;1.0971536267961592;1.0970262575329137;0.7599416781854375;-0.1257930668865291;0.7702848113135251
69.446929;1.0937859420861982;0.8332830957417858;0.7617401450107849;0.12348904390568707;0.11288743237388457;1.0969873262082077;9.999413654568176;0.8337222808679163;1.0971571934947935;1.097022540253312;0.7599429543354911;-0.12579306759385261;0.7702871350385985
69.456929;1.0937868002130031;0.8332828057829185;0.7617411646802442;0.12348878336355003;0.11288728907109992;1.096987156851931;9.999416461648707;0.833723529576967;1.097160612283556;1.0970187420797721;0.7599441673316677;-0.12579306825865402;0.7702894242550609
69.466929;1.093787814000565;0.8332825371716388;0.7617421478679585;0.1234885199140995;0.1128871389934901;1.096987036617564;9.999419559989683;0.8337247865548838;1.0971638711927716;1.097014865077598;0.7599453099827432;-0.1257940688824395;0.7702918440056062
69.476929;1.0937889822071047;0.8332822935426176;0.76174310413352;0.12348825422201523;0.11288698221342273;1.0969869593058923;9.999422918689476;0.8337260508115918;1.0971669599570668;1.0970109126441405;0.7599463731240595;-0.12579406946636185;0.7702940701650169
69.486929;1.093790304028976;0.8332820801788021;0.7617440428964983;0.12348798700420258;0.11288681918706098;1.096986917737677;9.999426502709465;0.8337273225304;1.0971698689038154;1.0970068902956063;0.7599473451897841;-0.12579407001145548;0.7702962685734056
69.496929;1.0937917790740468;0.8332819011746379;0.7617449724729544;0.12348771893320407;0.11288665068453052;1.0969869039815623;9.999430280092303;0.8337286027819756;1.097172589363851;1.0970028067233337;0.7599482137058075;-0.12579407051920305;0.7702984402260626
69.506929;1.0937934067454829;0.8332817587132053;0.7617458993623935;0.12348745059880596;0.11288647771724722;1.0969869117392692;9.9994342274734;0.833729892379075;1.0971751138293124;1.0969986739045745;0.7599489671203764;-0.1257940709917477;0.7703005835857586
69.516929;1.0937951857741495;0.833281653903371;0.7617468277258704;0.12348718249396945;0.11288630142494081;1.0969869385401192;9.999438317194661;0.8337311904825452;1.0971774335485986;1.0969945047410345;0.7599495957812286;-0.12579407143159563;0.7703026949405037
69.526929;1.0937971145932435;0.8332815864942655;0.761747760138889;0.1234869149909333;0.11288612305774735;1.0969869839941795;9.99944248768392;0.8337324936284253;1.097179537068349;1.096990310019719;0.7599500917851327;-0.12579407184121472;0.7703047699051659
69.536929;1.0937991915541028;0.833281554672967;0.7617486996913384;0.12348664831686398;0.11288594403589333;1.0969870463936535;9.9994466349631;0.8337337955775789;1.0971814121483612;1.0969860970331664;0.7599504477425423;-0.12579407222284456;0.770306804696035
69.546929;1.093801413864084;0.8332815567702884;0.761749650949028;0.12348638259944228;0.1128857658565173;1.0969871217481884;9.99945063504128;0.8337350876790459;1.0971830486781637;1.0969818698002407;0.7599506552505642;-0.12579407257866587;0.7703087959618479
69.556929;1.0938037768928115;0.8332815931804608;0.761750619433039;0.12348611801733113;0.11288558999194916;1.0969872046644507;9.999454365526462;0.8337363592735769;1.0971844410356575;1.0969776297453113;0.7599507049562138;-0.1257940729110182;0.7703107395851383
69.566929;1.0938062747863297;0.8332816665306324;0.7617516114903619;0.12348585496455529;0.11288541797241794;1.0969872893171524;9.999457707574754;0.8337375987410997;1.0971855889442124;1.0969733768652352;0.759950588818083;-0.12579407322234615;0.7703126303191251
69.576929;1.0938089013569399;0.8332817803606207;0.7617526340173326;0.1234855941244586;0.11288525138635022;1.0969873707339326;9.999460533741594;0.8337387954338924;1.0971864961026574;1.0969691118173297;0.7599503018599362;-0.12579407351502228;0.7703144625946914
69.586929;1.0938116513631002;0.8332819380102089;0.761753693477788;0.12348533645323165;0.11288509164937949;1.0969874463745837;9.999462707676186;0.8337399410694736;1.0971871682414878;1.0969648376069354;0.759949841372018;-0.12579407379091825;0.7703162311934472
69.596929;1.0938145212068626;0.833282142935772;0.7617547953813796;0.12348508310156373;0.11288493986555996;1.0969875166920784;9.99946411036654;0.8337410293189031;1.097187612375463;1.0969605594131548;0.7599492057107136;-0.12579407405090187;0.7703179316289298
69.606929;1.0938175079890813;0.8332823993466937;0.7617559440315267;0.12348483524562436;0.11288479696230277;1.0969875844052017;9.999464659147582;0.8337420542564937;1.0971878373602786;1.0969562836879176;0.7599483944556044;-0.12579407429504888;0.7703195602605682
69.616929;1.0938206092094396;0.8332827118380197;0.7617571425305295;0.12348459390471779;0.11288466383829697;1.0969876535970935;9.999464295429792;0.8337430095359486;1.0971878543912201;1.0969520180925456;0.7599474083303064;-0.1257940745233203;0.77032111365406
69.626929;1.0938238234277202;0.8332830847082718;0.7617583938183123;0.12348435992068073;0.1128845413339585;1.096987729058353;9.999462966144176;0.8337438886372452;1.0971876761110302;1.0969477718130913;0.7599462486026245;-0.12579407473580384;0.7703225882769704
69.636929;1.0938271492952996;0.833283521593953;0.7617597011770495;0.12348413403243358;0.11288443016865196;1.0969878158540933;9.999460614831849;0.8337446852773578;1.097187315040968;1.0969435556674736;0.7599449173492092;-0.12579407493256323;0.7703239812863332
69.646929;1.0938305836691673;0.8332840255008719;0.761761066969937;0.12348391677528012;0.11288433092033376;1.0969879190612652;9.999457176931612;0.8337453938013677;1.097186783241679;1.0969393818023283;0.7599434176987291;-0.12579407511350776;0.7703252902525735
69.656929;1.093834121832633;0.8332845993122214;0.7617624913383221;0.12348370828614413;0.11288424391753761;1.0969880431593277;9.999452578393832;0.8337460096017315;1.0971860932373996;1.0969352628308409;0.7599417528506219;-0.12579407527853526;0.7703265109677105
69.666929;1.0938377600359395;0.8332852462982727;0.7617639720091808;0.12348350836209232;0.11288416914712061;1.0969881916067896;9.999446739975633;0.8337465295549518;1.0971852580355765;1.0969312113552803;0.7599399248995149;-0.12579407542796342;0.7703276362753693
69.676929;1.0938414971980768;0.8332859707932008;0.761765504832551;0.1234833167254085;0.11288410639126807;1.0969883678527537;9.999439590612326;0.8337469522191571;1.0971842907531144;1.0969272400245536;0.7599379348687244;-0.12579407556294345;0.7703286572690621
69.686929;1.0938453338684655;0.8332867789032398;0.7617670846194852;0.12348313316060548;0.11288405544767173;1.0969885770300483;9.999431077200907;0.8337472776650301;1.097183205393498;1.0969233614130796;0.7599357843925182;-0.1257940756853915;0.770329564964432
69.696929;1.0938492706891736;0.8332876777671174;0.7617687057222069;0.12348295749711442;0.11288401620653868;1.0969888261056062;9.999421157150945;0.8337475072153799;1.0971820165692405;1.0969195883606906;0.7599334778458158;-0.1257940757974435;0.7703303513542997
69.706929;1.093853308048943;0.8332886737294535;0.7617703622684208;0.12348278967021288;0.11288398858983803;1.096989122605678;9.999409790469505;0.8337476423917137;1.0971807375125628;1.0969159349339792;0.7599310225983875;-0.12579407590129477;0.7703310095172323
69.716929;1.0938574459818782;0.8332897712018785;0.761772047866712;0.12348262981678311;0.11288397249129031;1.096989473776048;9.99939694327254;0.8337476835520216;1.0971793791041593;1.0969124162889616;0.7599284273260947;-0.12579407599945502;0.7703315324432168
69.726929;1.0938616841973776;0.8332909721842284;0.7617737547344785;0.12348247825058443;0.11288396783264606;1.0969898863437162;9.999382595409656;0.8337476309485256;1.0971779505665327;1.0969090464110802;0.7599257005546644;-0.1257940760945124;0.7703319122780428
69.736929;1.0938660221017626;0.8332922764080261;0.7617754738341984;0.12348233543449506;0.11288397464117117;1.0969903665477236;9.999366751035401;0.8337474874149668;1.0971764597710472;1.0969058355679138;0.7599228504018369;-0.12579407618858945;0.770332141635427
69.746929;1.0938704580903196;0.8332936827956899;0.7617771960600974;0.12348220204693733;0.11288399300177548;1.096990920408259;9.999349441963819;0.8337472585169289;1.0971749120176952;1.096902789646556;0.7599198851250911;-0.12579407628301187;0.7703322154302219
69.756929;1.0938749884904282;0.8332951909864097;0.7617789125169955;0.12348207906864073;0.1128840229271089;1.0969915541117128;9.999330713926863;0.8337469500093637;1.0971733089914566;1.0968999111606448;0.7599168138208217;-0.1257940763781763;0.7703321312556258
69.766929;1.0938796065026184;0.8332968017127872;0.761780614525225;0.12348196779438829;0.11288406423412559;1.0969922745306515;9.999310615297949;0.8337465659422012;1.0971716497089399;1.0968972008571132;0.7599136464296161;-0.12579407647376364;0.7703318887394208
69.776929;1.093884301989298;0.8332985163298171;0.7617822947093194;0.12348186975871053;0.11288411651774435;1.0969930890808979;9.999289206260308;0.8337461083219372;1.0971699323416186;1.096894659229922;0.7599103928275557;-0.1257940765693406;0.7703314893011195
69.786929;1.0938890630563507;0.8333003352450127;0.7617839480436491;0.1234817865886235;0.1128841792724203;1.096994004164158;9.999266574345853;0.8337455774986403;1.0971681550640784;1.0968922877069898;0.7599070620609512;-0.12579407666495374;0.7703309365330028
69.796929;1.0938938774943694;0.8333022562459708;0.761785571812269;0.12348171978181202;0.11288425199534899;1.0969950231624777;9.999242830432427;0.8337449732241514;1.0971663160813823;1.096890089660103;0.7599036628852283;-0.1257940767613584;0.7703302363676692
69.806929;1.0938987325519651;0.8333042744274214;0.7617871645946805;0.12348167060309026;0.1128843341919322;1.0969961458283768;9.999218089242737;0.8337442958742045;1.0971644134458016;1.096888070712463;0.7599002047177803;-0.1257940768597754;0.770329396970448
69.816929;1.093903614834447;0.8333063826008029;0.7617887248077915;0.1234816401697531;0.11288442539549048;1.0969973692976303;9.99919246228147;0.8337435472994463;1.0971624448345867;1.0968862380231594;0.7598966972722181;-0.12579407696124012;0.7703284285636449
69.826929;1.0939085109619051;0.8333085710371162;0.7617902500212663;0.12348162945686235;0.11288452518391912;1.0969986897668522;9.99916606334963;0.8337427311118949;1.0971604076711978;1.0968845997899852;0.7598931493212868;-0.12579407706604911;0.7703273425945255
69.836929;1.0939134080447208;0.8333108275854373;0.7617917373288015;0.12348163915596809;0.11288463323653969;1.097000104427533;9.99913901198872;0.8337418519215827;1.097158299835619;1.096883164908266;0.7598895680840523;-0.1257940771738834;0.7703261505909008
69.846929;1.093918294442208;0.8333131390330706;0.7617931835557198;0.12348166955741202;0.11288474945608036;1.0970016127668283;9.999111436308551;0.8337409141088445;1.0971561207590432;1.0968819407644852;0.7598859594080579;-0.12579407728437889;0.7703248637482376
69.856929;1.0939231609763962;0.833315493331407;0.7617945850434172;0.12348172059522705;0.11288487389078368;1.0970032162705432;9.999083471323813;0.8337399215328486;1.0971538719798088;1.096880930201085;0.7598823279273399;-0.1257940773973859;0.7703234929032476
69.866929;1.0939280016195094;0.8333178809829821;0.7617959379988232;0.12348179208670522;0.11288500644344031;1.0970049165897735;9.99905524897244;0.833738877772358;1.0971515567634444;1.0968801311454732;0.7598786768550799;-0.12579407751277946;0.7703220482937355
69.876929;1.093932813155361;0.8333202944265962;0.7617972392400889;0.12348188395329272;0.11288514673899401;1.0970067131670869;9.999026890808087;0.8337377852624194;1.0971491794458306;1.0968795388208492;0.7598750080163109;-0.12579407763043546;0.7703205396676408
69.886929;1.093937594288717;0.8333227264296674;0.7617984859184335;0.12348199628383683;0.11288529419240213;1.0970086020210952;9.998998503884327;0.8337366442214184;1.097146744643537;1.0968791470099897;0.7598713223256022;-0.12579407775044135;0.770318976956648
69.896929;1.0939423451237433;0.8333251688029841;0.7617996746729926;0.12348212930169127;0.11288544798058288;1.0970105765695874;9.998970175583526;0.8337354532787683;1.0971442561885678;1.0968789469047153;0.7598676203738122;-0.12579407787295438;0.7703173705053521
69.906929;1.0939470670156537;0.8333276120229256;0.7618008021622971;0.12348228320076603;0.11288560695458773;1.0970126297415774;9.998941980537113;0.833734210952684;1.0971417167081718;1.096878925867428;0.7598639032798199;-0.12579407799776313;0.7703157305171009
69.916929;1.0939517619167236;0.8333300458262117;0.7618018661942214;0.12348245792191526;0.11288576973756091;1.0970147551894205;9.998913990112154;0.8337329160980984;1.097139128214968;1.0968790679437583;0.7598601733499969;-0.12579407812404222;0.7703140668680992
69.926929;1.0939564314862658;0.8333324602552769;0.7618028656787597;0.12348265305440635;0.11288593496277298;1.0970169467913118;9.998886256917123;0.833731567212147;1.0971364922694407;1.0968793554281122;0.7598564335072213;-0.1257940782503282;0.7703123899267539
69.936929;1.0939610768179642;0.8333348464811293;0.7618038004718424;0.1234828679333988;0.11288610146851506;1.0970191989138804;9.998858795613227;0.8337301621892099;1.0971338094169447;1.0968797704769266;0.759852686176371;-0.1257940783745185;0.7703107114438112
69.946929;1.093965698544876;0.8333371973137271;0.7618046717437319;0.12348310194528335;0.11288626829763838;1.097021508309757;9.998831591328306;0.8337286994420251;1.097131079101385;1.0968802961532955;0.7598489333247972;-0.1257940784939067;0.7703090440106246
69.956929;1.093970297160886;0.8333395073838319;0.7618054814355926;0.12348335478921701;0.11288643449934697;1.0970238751748909;9.99880462195743;0.8337271796622759;1.097128300213517;1.0968809167446842;0.7598451775084502;-0.12579407860529784;0.7703073990196634
69.966929;1.0939748726650902;0.8333417731076909;0.7618062308009936;0.12348362642678627;0.1128865990508234;1.0970263018811521;9.998777875525407;0.8337256068828858;1.0971254716914083;1.0968816183115153;0.7598414223451935;-0.12579407870502132;0.770305785188714
69.976929;1.0939794225188848;0.8333439935052265;0.7618069195383966;0.12348391693381183;0.11288676104726071;1.097028790038626;9.998751353006629;0.8337239874736196;1.0971225923580907;1.0968823902809892;0.7598376718765281;-0.1257940787888452;0.7703042090151148
69.986929;1.0939839407561867;0.8333461711019465;0.7618075460796933;0.12348422649254455;0.11288691984165483;1.0970313379662968;9.998725053965794;0.8337223279178572;1.0971196596082533;1.0968832266406876;0.7598339296201406;-0.1257940788520466;0.77030267593227
69.996929;1.0939884202012091;0.8333483107339975;0.761808108209653;0.12348455540945903;0.11288707495452402;1.0970339412038124;9.998698962141628;0.8337206340955311;1.097116668702182;1.096884124690114;0.7598301979540567;-0.12579407888965966;0.7703011905334083
70.006929;1.0939928547683961;0.8333504172836335;0.7618086037406517;0.12348490406614687;0.11288722603214198;1.0970365952847443;9.998673042048951;0.8337189120942342;1.0971136143112663;1.0968850828252723;0.7598264780965841;-0.12579407889681166;0.7702997562223051
70.016929;1.0939972402036555;0.8333524942630552;0.761809031319559;0.12348527288400903;0.11288737299299965;1.097039297373562;9.998647247773208;0.8337171682159091;1.0971104934574452;1.0968861000944696;0.759822771106975;-0.12579407886908212;0.7702983755465346
70.026929;1.0940015743427909;0.833354542918372;0.7618093905258111;0.12348566227392628;0.1128875160442451;1.0970420461561095;9.998621546337594;0.833715407884385;1.0971073076023876;1.0968871760756367;0.759819079219232;-0.12579407880280305;0.7702970510513163
70.036929;1.094005857326802;0.8333565624030889;0.7618096815963814;0.12348607253745392;0.11288765541980077;1.0970448410400593;9.998595933525714;0.8337136350176025;1.0971040616775478;1.0968883092665642;0.7598154060537059;-0.12579407869533843;0.7702957856565971
70.046929;1.094010092017809;0.833358551846607;0.7618099057187064;0.12348650387795225;0.1128877911168161;1.097047680968285;9.998570423264255;0.833711852473539;1.0971007612433794;1.0968894958709476;0.7598117558062646;-0.12579407854524613;0.7702945826264341
70.056929;1.0940142838814675;0.8333605119573391;0.7618100655550406;0.12348695652494843;0.11288792291555055;1.0970505639520343;9.99854503512663;0.8337100633769797;1.0970974117329115;1.0968907303522155;0.7598081319899637;-0.12579407835197084;0.7702934456237794
70.066929;1.094018439362668;0.8333624442725039;0.7618101653977576;0.12348743071588887;0.11288805061618648;1.0970534880385125;9.998519794727086;0.8337082722538917;1.0970940198638632;1.0968920071832182;0.7598045359916981;-0.1257940781151142;0.7702923785022728
70.076929;1.0940225642827683;0.8333643498260007;0.7618102105711965;0.12348792643725981;0.11288817412166365;1.0970564515866035;9.998494734694864;0.8337064845226251;1.097090593729336;1.0968933215652483;0.759800966888623;-0.1257940778339091;0.7702913849349096
70.086929;1.0940266636725422;0.8333662290826886;0.7618102063776847;0.12348844323126164;0.11288829330270438;1.0970594519859445;9.998469896902247;0.8337047056320334;1.0970871413869219;1.0968946671412503;0.759797423102805;-0.12579407750735805;0.7702904684369882
70.096929;1.0940307426871636;0.8333680824347749;0.761810157325099;0.12348898034398248;0.11288840792996468;1.0970624853155926;9.998445337568867;0.8337029416746504;1.0970836705168712;1.0968960336026814;0.7597939042708609;-0.12579407713488466;0.7702896325700416
70.106929;1.0940348081654026;0.8333699101246622;0.7618100668187667;0.12348953699107997;0.11288851774560739;1.0970655464745522;9.998421128027726;0.8337012001331601;1.0970801886706711;1.0968974080408749;0.7597904119052715;-0.12579407671675538;0.7702888810350172
70.116929;1.0940388688313216;0.8333713684167284;0.7618096230754074;0.12349127826890852;0.11288968831263604;1.097068628240362;9.998397349569306;0.8336994891513356;1.0970767025166392;1.0968987788063784;0.7597869484264655;-0.12579407625381808;0.7702882174651076
70.126929;1.0940429329021657;0.8333731442202941;0.7618094566723661;0.12349187147673005;0.1128897879899808;1.0970717218838404;9.99837409067061;0.8336978158829423;1.097073217271738;1.0969001378603778;0.759783515506649;-0.12579407574709633;0.770287644771032
70.136929;1.0940470062490255;0.8333748920688748;0.7618092567888936;0.12349248145151177;0.11288988253600443;1.0970748195114766;9.998351449923131;0.8336961852665781;1.0970697368754612;1.0969014800423642;0.7597801136969754;-0.12579407519768765;0.7702871640024864
70.146929;1.0940510925555997;0.8333766090298336;0.7618090286678251;0.12349310725269481;0.11288997209437764;1.097077914852231;9.998329530325202;0.8336945999482096;1.0970662632458885;1.0969028016457463;0.7597767432423269;-0.12579407460673528;0.7702867729555153
70.156929;1.094055193037945;0.8333782926083071;0.7618087791892282;0.12349374809576459;0.11289005696791053;1.0970810033569922;9.9983084207873;0.8336930609645191;1.097062795387536;1.0969041000305002;0.7597734039347314;-0.12579407397543205;0.7702864657350987
70.166929;1.0940593059654207;0.8333799414878145;0.7618085165095305;0.12349440312543225;0.11289013748335487;1.0970840834432447;9.99828818309653;0.8336915680514855;1.0970593306869991;1.096905373129564;0.7597700940327258;-0.12579407330526526;0.7702862340142197
70.176929;1.0940634279095935;0.8333815541227373;0.7618082492119469;0.12349507118599384;0.11289021380935696;1.097087156864662;9.99826885599332;0.8336901186571306;1.097055867032568;1.0969066187290188;0.7597668104022609;-0.12579407259843034;0.7702860686322591
70.186929;1.0940675556743937;0.8333831273378038;0.7618079846405112;0.123495750881651;0.11289028592067252;1.0970902278971169;9.998250465838401;0.8336887065483894;1.0970524037174993;1.0969078343214578;0.7597635502282387;-0.12579407185796487;0.7702859600771695
70.196929;1.0940716864460605;0.8333846572336308;0.7618077275292178;0.12349644078927319;0.11289035370934841;1.0970933032990398;9.99823302883454;0.8336873218665009;1.0970489418663643;1.0969090172633196;0.7597603126310548;-0.12579407108730065;0.7702858981590242
70.206929;1.0940758163197388;0.8333861405489174;0.7618074799613931;0.12349713951929005;0.11289041713765088;1.0970963921283299;9.998216548520153;0.833685952852162;1.0970454842991066;1.0969101649322417;0.759757098851905;-0.12579407028964026;0.7702858716459763
70.216929;1.0940799399987158;0.8333875741211493;0.761807242842105;0.12349784563601382;0.11289047634344548;1.0970995043316663;9.998201018702744;0.8336845881760326;1.0970420341935492;1.0969112746397847;0.7597539109440867;-0.12579406946778937;0.7702858683663654
70.226929;1.0940840525031916;0.833388954522012;0.761807017396046;0.12349855752212659;0.11289053165268824;1.0971026491353144;9.998186429668763;0.8336832185351488;1.0970385944799432;1.0969123436366888;0.759750749856411;-0.12579406862436726;0.7702858760392205
70.236929;1.0940881506249638;0.8333902793832335;0.7618068047562674;0.12349927321973304;0.11289058347668059;1.0971058337650526;9.998172769763382;0.8336818366706008;1.0970351695160787;1.0969133696228535;0.7597476144618961;-0.12579406776193666;0.7702858830971765
70.246929;1.094092232194708;0.8333915483688342;0.7618066049505208;0.12349999034003499;0.11289063209302622;1.0971090629849798;9.99816001752251;0.833680436604867;1.0970317665548328;1.0969143507963863;0.7597445023944903;-0.12579406688310463;0.7702858788403543
70.256929;1.0940962944375205;0.8333927629998736;0.7618064174072589;0.12350070613274206;0.11289067745218576;1.0971123401414091;9.99814813423079;0.8336790129377535;1.0970283943180943;1.0969152854226054;0.7597414112711106;-0.1257940659907094;0.7702858534978319
70.266929;1.094100333892646;0.8333939258665027;0.7618062417590217;0.12350141768236696;0.11289071917053582;1.0971156689209394;9.998137072696633;0.833677560017234;1.0970250603157918;1.0969161717862126;0.7597383392881862;-0.12579406508788113;0.7702857984041936
70.276929;1.0941043474097334;0.8333950394283463;0.7618060779592566;0.12350212204754533;0.11289075672013534;1.0971190538644167;9.998126790469192;0.8336760717088874;1.0970217690732085;1.0969170078775954;0.759735286326268;-0.1257940641779694;0.7702857059403346
70.286929;1.094108332584808;0.8333961058667342;0.7618059265800714;0.12350281631248208;0.11289078969920888;1.0971224987521242;9.998117242669922;0.8336745423588164;1.0970185213689863;1.0969177909687435;0.7597322551977128;-0.12579406326448042;0.7702855695222267
70.296929;1.0941122870283313;0.8333971281022995;0.7618057884844933;0.12350349773608081;0.11289081796610663;1.0971260048485711;9.998108365840988;0.8336729678036057;1.0970153151987645;1.0969185188584327;0.7597292511723228;-0.12579406235102178;0.7702853835806881
70.306929;1.094116206484123;0.8333981102268425;0.7618056634876319;0.12350416398020232;0.11289084157759297;1.0971295707779745;9.998100083349001;0.8336713460535313;1.0970121484479207;1.0969191920161945;0.7597262802111294;-0.1257940614411139;0.7702851436557461
70.316929;1.0941200835499727;0.8333990575403945;0.7618055498955658;0.12350481317598785;0.11289086071133941;1.0971331926235373;9.998092325072994;0.8336696781263727;1.0970090213679642;1.0969198138975578;0.7597233477575981;-0.1257940605378213;0.770284847020075
70.326929;1.094123908809561;0.8333999766070885;0.7618054448777961;0.12350544379393154;0.11289087563466724;1.0971368635877574;9.99808503375739;0.8336679679458132;1.0970059373594512;1.09692038966383;0.7597204586798837;-0.12579405964347298;0.7702844928029621
70.336929;1.0941276732066982;0.8334008746492888;0.7618053443130632;0.12350605451961796;0.11289088667515605;1.097140574610317;9.99807815836652;0.8336662205944038;1.0970029018548773;1.0969209246299405;0.7597176177112438;-0.1257940587597006;0.7702840811803896
70.346929;1.0941313689578505;0.8334017589944622;0.7618052431314274;0.12350664424330964;0.11289089415964729;1.0971443154072549;9.998071651431122;0.8336644405572881;1.096999920569093;1.0969214224340147;0.7597148294759072;-0.12579405788756043;0.770283612810398
70.356929;1.0941349886332403;0.8334026376330974;0.7618051373378536;0.12350721209541783;0.11289089826983438;1.0971480744761613;9.998065475472906;0.833662631435548;1.0969969982816552;1.0969218840777273;0.7597120983224683;-0.12579405702743918;0.7702830888471228
70.366929;1.0941385246305488;0.8334035204327904;0.7618050263030368;0.12350775743535923;0.11289089895476402;1.0971518386319004;9.998059603997543;0.8336607967611753;1.0969941376669932;1.0969223086854094;0.7597094285674283;-0.1257940561789861;0.7702825108376825
70.376929;1.0941419697494215;0.8334044197668521;0.7618049131074335;0.12350827973854978;0.11289089605459543;1.097155592659328;9.998054007091053;0.8336589405243022;1.09699133823271;1.0969226949211277;0.7597068243035593;-0.12579405534146587;0.7702818801668788
70.386929;1.0941453175520048;0.833405349968367;0.761804802880949;0.12350877842781462;0.1128908894806186;1.0971593193985498;9.998048642803997;0.8336570667337307;1.0969885964756496;1.0969230418409541;0.7597042884269043;-0.12579405451419226;0.770281197740011
70.396929;1.0941485624346015;0.8334063264108368;0.7618047006454896;0.12350925283581608;0.11289087929934324;1.0971630016245577;9.99804346792391;0.8336551789401652;1.0969859070819001;1.0969233491177426;0.7597018219889411;-0.12579405369674765;0.7702804645246468
70.406929;1.0941516997316727;0.8334073647109093;0.7618046098655302;0.12350970238683094;0.1128908657911079;1.0971666245041243;9.998038442574808;0.8336532801059144;1.0969832639431958;1.096923617933781;0.7596994247133371;-0.12579405288917908;0.770279681912448
70.416929;1.094154725447916;0.8334084798005055;0.7618045323401323;0.12351012682996436;0.11289084951642203;1.0971701758537662;9.998033517761794;0.8336513723541252;1.0969806601328531;1.0969238523934313;0.7596970966852725;-0.1257940520917079;0.7702788510746247
70.426929;1.0941576358598877;0.8334096854399536;0.7618044687241373;0.12351052627486013;0.11289083125462386;1.0971736454815646;9.998028629019604;0.8336494570315504;1.0969780873603558;1.0969240596391638;0.7596948396985358;-0.1257940513039162;0.7702779723048732
70.436929;1.0941604276380512;0.8334109941952738;0.7618044186946697;0.12351090099079297;0.11289081180335409;1.097177025305931;9.998023702877207;0.8336475348399653;1.0969755368461993;1.0969242481992698;0.7596926569697777;-0.12579405052457013;0.7702770453320134
70.446929;1.0941630987702724;0.8334124168535813;0.7618043813701225;0.12351125118494269;0.11289079186648619;1.0971803091074128;9.99801866908066;0.8336456052451757;1.0969730012669563;1.096924425894735;0.7596905524431724;-0.1257940497522967;0.7702760702900333
70.456929;1.094165649402063;0.8334139615864927;0.7618043565230236;0.12351157692189911;0.11289077204667748;1.0971834917808228;9.998013472937398;0.8336436660558147;1.0969704754384015;1.0969245993038954;0.7596885309054447;-0.1257940489860964;0.7702750481633827
70.466929;1.0941680813451062;0.8334156339627051;0.7618043451882741;0.12351187821791572;0.11289075277936782;1.0971865686653475;9.998008075008306;0.8336417141878938;1.0969679563692707;1.0969247745074602;0.7596865982874464;-0.12579404822520746;0.7702739806821526
70.476929;1.0941703963527054;0.8334174375329757;0.7618043485733654;0.12351215526275267;0.11289073429230795;1.097189534856376;9.998002444833137;0.8336397472304832;1.0969654436325789;1.0969249566633077;0.7596847612530077;-0.12579404746874148;0.7702728704856764
70.486929;1.0941725939084042;0.8334193741681207;0.7618043667278621;0.12351240850647675;0.11289071670980082;1.0971923849560845;9.997996568930668;0.8336377644650017;1.0969629389494884;1.0969251484869085;0.7596830264604972;-0.12579404671550556;0.7702717210067148
70.496929;1.094174669721737;0.8334214442439108;0.7618043984712887;0.12351263846687527;0.11289070021260346;1.0971951138504632;9.997990467196967;0.8336357661608691;1.0969604450821482;1.0969253500761218;0.7596814003274882;-0.12579404596401084;0.7702705358791769
70.506929;1.0941766160624926;0.8334236468081481;0.7618044422077065;0.12351284555424985;0.11289068512968856;1.097197718128209;9.997984191621828;0.83363375221161;1.0969579648770529;1.0969255603011596;0.7596798887816142;-0.12579404521252366;0.770269318733053
70.516929;1.0941784237788352;0.8334259799664862;0.7618044968059245;0.12351303014959344;0.11289067200318773;1.0972001966338731;9.99797780138782;0.8336317222355024;1.0969555004988958;1.0969257771912444;0.7596784962936488;-0.12579404445910666;0.7702680734689333
70.526929;1.094180085157073;0.8334284416739876;0.7618045621965891;0.12351319278927095;0.11289066167335325;1.097202549892772;9.997971347844166;0.8336296767668284;1.09695305260902;1.096925997109833;0.7596772251082071;-0.1257940437017284;0.7702668041709099
70.536929;1.0941815960851877;0.8334310298407013;0.7618046394880661;0.12351333424623837;0.11289065521092127;1.097204779727258;9.997964886079622;0.8336276175929647;1.096950620229904;1.0969262156227417;0.7596760761399296;-0.12579404293849142;0.7702655141755581
70.546929;1.0941829563686865;0.833433741737474;0.7618047302318949;0.12351345544469544;0.11289065362183452;1.0972068883004904;9.997958484563727;0.833625546857722;1.0969482020140182;1.0969264294521646;0.7596750509908426;-0.12579404216792042;0.7702642055658352
70.556929;1.0941841685711449;0.8334365741232502;0.7618048352515853;0.1235135573086784;0.11289065758097294;1.097208875844836;9.997952226597267;0.8336234657530879;1.0969457971727763;1.096926636859876;0.7596741526264515;-0.12579404138933867;0.7702628799939529
70.566929;1.0941852361458313;0.8334395242040675;0.7618049547855223;0.12351364069558422;0.11289066743013552;1.0972107398479498;9.997946216700532;0.8336213736265488;1.0969434050125628;1.0969268377339039;0.7596733839428619;-0.12579404060323732;0.7702615392946007
70.576929;1.0941861619254636;0.8334425907958571;0.761805090317603;0.123513706428285;0.11289068333234914;1.0972124771595806;9.997940576480337;0.833619268218329;1.0969410248233682;1.0969270347514666;0.759672746231715;-0.12579403981138948;0.7702601850672061
70.586929;1.0941869472508974;0.8334457750952091;0.7618052456061845;0.12351375536436132;0.11289070534588934;1.09721408612855;9.997935423252384;0.8336171470703635;1.0969386568754347;1.0969272337664058;0.7596722385039775;-0.12579403901670091;0.7702588185043484
70.596929;1.0941875913341332;0.8334490799951072;0.7618054255942034;0.12351378851357214;0.11289073336588204;1.0972155660785257;9.997930852557568;0.8336150089883981;1.0969363031134594;1.0969274422643494;0.7596718569908817;-0.12579403822272256;0.770257440836559
70.606929;1.094188091833612;0.8334525080725977;0.7618056349370337;0.123513807145864;0.11289076707471356;1.097216915630305;9.99792693658971;0.8336128541637432;1.0969339661741428;1.0969276672550154;0.7596715956113073;-0.12579403743291848;0.7702560535469843
70.616929;1.094188446874985;0.8334560601191342;0.7618058774196835;0.12351381269591928;0.11289080607945529;1.0972181334339464;9.99792372974218;0.8336106832138142;1.0969316479439069;1.0969279138609491;0.7596714474356876;-0.12579403665019362;0.7702546585342864
70.626929;1.0941886568473775;0.8334597345322465;0.7618061559872589;0.12351380647949817;0.11289085012826171;1.0972192202762832;9.997921270858722;0.8336084968690484;1.0969293501090418;1.0969281844050482;0.7596714052765385;-0.12579403587672103;0.7702532585121453
70.636929;1.0941887252172153;0.8334635267153704;0.7618064725268016;0.12351378947522322;0.1128908991352603;1.097220178369274;9.997919584372786;0.8336062972576772;1.0969270756071325;1.0969284782348647;0.7596714617629863;-0.1257940351138783;0.7702518567204603
70.646929;1.0941886585192493;0.8334674290006306;0.7618068268303141;0.12351376228679962;0.11289095308996845;1.0972210086913277;9.997918681257893;0.8336040894678814;1.0969248283193298;1.0969287927678972;0.7596716100586117;-0.12579403436251668;0.7702504562084005
70.656929;1.0941884650024738;0.8334714313685513;0.7618072159184609;0.12351372519345667;0.11289101205081244;1.0972217099538055;9.997918553718801;0.8336018811731882;1.0969226112501147;1.0969291247319002;0.7596718443411072;-0.1257940336234202;0.7702490600580248
70.666929;1.0941881521436776;0.8334755224017022;0.76180763485619;0.12351367817693726;0.11289107615281918;1.0972222793891713;9.9979191681525;0.8335996808437663;1.0969204251459959;1.0969294706551669;0.7596721596948591;-0.12579403289732313;0.770247672052705
70.676929;1.094187724795083;0.833479690340982;0.7618080779983358;0.12351362096494813;0.1128911455233015;1.0972227136271893;9.99792046865958;0.833597496809858;1.0969182685402754;1.096929826693059;0.7596725518773801;-0.12579403218449603;0.7702462967583705
70.686929;1.094187184950438;0.8334839242618877;0.7618085389961021;0.12351355316434859;0.11289122019203149;1.0972230087243966;9.997922386580436;0.8335953369373993;1.0969161385545791;1.0969301880125697;0.7596730170525375;-0.12579403148452972;0.770244938996101
70.696929;1.0941865324498439;0.8334882145744451;0.7618090103082306;0.12351347438861449;0.1128913001172085;1.0972231594284814;9.997924839093567;0.8335932078354413;1.0969140312203203;1.0969305484341623;0.7596735521712001;-0.12579403079664728;0.7702436027985791
70.706929;1.0941857661872942;0.8334925521419053;0.7618094841606549;0.1235133842963478;0.11289138529283482;1.0972231585762697;9.997927723684297;0.8335911143033586;1.0969119412826775;1.0969309014486366;0.7596741557623532;-0.12579403012037146;0.7702422905823952
70.716929;1.0941848860081074;0.8334969273294556;0.7618099535146681;0.12351328261752605;0.1128914757958126;1.097222997774801;9.997930924191655;0.833589059484221;1.096909862807097;1.0969312424577353;0.7596748275835435;-0.12579402945584797;0.770241003217452
70.726929;1.0941838941390358;0.8335013302721261;0.7618104108393775;0.12351316925757176;0.11289157169920226;1.0972226687671378;9.997934316256677;0.8335870456479153;1.0969077907286078;1.096931570198826;0.7596755673248856;-0.12579402880337429;0.7702397407696929
70.736929;1.0941827947304774;0.8335057510708936;0.761810846203042;0.1235130444490485;0.11289167299122191;1.0972221645381124;9.99793776508005;0.8335850756140702;1.09690572193733;1.096931886583854;0.7596763739785823;-0.12579402816263052;0.7702385034833577
70.746929;1.0941815922979274;0.8335101793043347;0.7618112467321563;0.12351290878963538;0.11289177961709829;1.0972214802380933;9.997941134600952;0.8335831539432915;1.096903655290071;1.0969321964043681;0.759677245839284;-0.12579402753221797;0.7702372921918984
70.756929;1.0941802905217937;0.8335146036907949;0.7618115969071513;0.12351276305034636;0.11289189148950889;1.0972206131378819;9.997944306630238;0.8335812867996808;1.0969015915315314;1.0969325073169767;0.7596781799370924;-0.1257940269096549;0.7702361076630441
70.766929;1.0941788920262971;0.8335190117303847;0.7618118788059495;0.1235126078764098;0.11289200840384211;1.0972195618082723;9.99794718502707;0.8335794801500841;1.0968995336355043;1.0969328292038543;0.7596791711820994;-0.12579402629183375;0.7702349494760581
70.776929;1.0941773992957913;0.8335233900262718;0.7618120730886773;0.12351244355212734;0.1128921300228957;1.0972183259032755;9.997949690774783;0.8335777375925879;1.096897485489242;1.096933172920992;0.7596802124130241;-0.1257940256756069;0.7702338152353958
70.786929;1.0941758159964463;0.8335277257241591;0.7618121607740441;0.123512269872605;0.11289225596072143;1.097216906356056;9.997951770068273;0.8335760603927997;1.0968954487329357;1.0969335494861296;0.7596812951988505;-0.1257940250580156;0.770232700442461
70.796929;1.0941741468198232;0.8335320074074543;0.7618121240024559;0.12351208621002079;0.11289238582904937;1.0972153050183837;9.997953402654586;0.8335744495578028;1.09689342128789;1.0969339693968962;0.7596824104192816;-0.1257940244361878;0.7702315990251345
70.806929;1.0941723957736518;0.8335362250466204;0.7618119456651892;0.12351189179496593;0.11289251922188308;1.0972135235540763;9.99795459251256;0.8335729068504399;1.0968913982401904;1.0969344406211023;0.7596835487028308;-0.12579402380724164;0.7702305043184069
70.816929;1.0941705656559375;0.8335403698103159;0.7618116097849499;0.12351168598523875;0.11289265575047398;1.0972115628086165;9.997955353254044;0.8335714342873082;1.09688937336923;1.0969349663053816;0.7596847012188875;-0.1257940231683075;0.7702294099417587
70.826929;1.0941686592157052;0.8335444337838478;0.7618111028699743;0.12351146836311896;0.1128927951176513;1.0972094240483592;9.997955700783235;0.8335700333660763;1.0968873408491417;1.0969355446500921;0.7596858603664618;-0.125794022516723;0.770228309859577
70.836929;1.0941666801305097;0.8335484095884312;0.7618104149916151;0.12351123869655617;0.11289293706278147;1.0972071114338007;9.997955649974461;0.8335687037916117;1.0968852956625363;1.0969361705535774;0.7596870197656628;-0.1257940218504387;0.7702271977996331
70.846929;1.0941646338218005;0.833552290015531;0.7618095400384759;0.12351099684516009;0.11289308120278584;1.0972046334997023;9.997955209799319;0.8335674429609611;1.0968832325569702;1.0969368372275563;0.7596881738975549;-0.12579402116822225;0.7702260671007135
70.856929;1.0941625286699266;0.8335560681912692;0.7618084749518581;0.12351074274552125;0.1128932270421674;1.097202002187814;9.99795438089494;0.8335662472845448;1.0968811462007975;1.0969375371135486;0.7596893182572846;-0.12579402046931137;0.7702249109625544
70.866929;1.0941603769032133;0.8335597385432206;0.7618072183061443;0.12351047654768339;0.11289337417646188;1.097199230612413;9.997953167168179;0.8335651132712478;1.096879032369602;1.09693826226434;0.7596904502439699;-0.1257940197529384;0.7702237222829104
70.876929;1.0941581943168905;0.8335632975927191;0.7618057693070475;0.12351019875582114;0.11289352243305785;1.0971963320435179;9.997951592162563;0.8335640375605476;1.09687688766054;1.0969390056926784;0.7596915700492455;-0.12579401901818896;0.7702224934159483
70.886929;1.0941559985003875;0.8335667436215306;0.7618041276877967;0.12350991019684335;0.11289367186487835;1.0971933198646875;9.99794969736449;0.8335630171056339;1.0968747087713135;1.0969397632065145;0.7596926803246143;-0.12579401826399983;0.7702212164788674
70.896929;1.094153806456952;0.8335700753143214;0.7618022941371264;0.12350961191922154;0.11289382264988436;1.0971902059888445;9.997947528848076;0.8335620493523402;1.0968724934795295;1.0969405328606379;0.7596937844664968;-0.12579401748927782;0.7702198840603101
70.906929;1.0941516333398809;0.833573290535215;0.7618002703628133;0.12350930515541876;0.11289397494852897;1.0971869988239082;9.997945130165089;0.8335611322837482;1.096870241335657;1.0969413130578467;0.7596948850808443;-0.12579401669348939;0.7702184899921106
70.916929;1.0941494930771878;0.8335763860395239;0.7617980580304184;0.12350899124004709;0.11289412884867735;1.097183704063093;9.99794253984399;0.833560264707638;1.096867951961383;1.096942102188016;0.75969598341397;-0.12579401587709224;0.7702170297195824
70.926929;1.0941473996544362;0.8335793577237576;0.7617956572752207;0.1235086714987751;0.11289428440110076;1.0971803266297562;9.997939795951174;0.8335594457864557;1.0968656226708173;1.0969428998247897;0.7596970794530395;-0.12579401504109827;0.7702155001645521
70.936929;1.0941453668809586;0.833582201216827;0.7617930667878567;0.12350834728582877;0.11289444153117714;1.0971768705826133;9.997936951144208;0.833558674035021;1.0968632476688902;1.0969437077072348;0.7596981726306891;-0.1257940141865884;0.7702138999048349
70.946929;1.0941434073138474;0.8335849125191188;0.7617902857454065;0.12350802012579383;0.11289459989534342;1.0971733388584552;9.99793408333272;0.8335579476682384;1.096860819601993;1.0969445293613866;0.7596992623852319;-0.12579401331476647;0.770212229710751
70.956929;1.0941415324733783;0.8335874879016217;0.7617873152044363;0.12350769173649813;0.1128947590272957;1.0971697352426701;9.997931288039206;0.8335572652188773;1.0968583323382988;1.0969453689294606;0.7597003477221204;-0.1257940124270149;0.7702104925082326
70.966929;1.0941397531301222;0.8335899231557381;0.7617841580393799;0.12350736391041582;0.11289491863726168;1.0971660669231131;9.997928652015494;0.8335566245184683;1.0968557822551586;1.0969462295652337;0.7597014264858856;-0.12579401152481876;0.7702086930077872
70.976929;1.094138078541076;0.8335922128971653;0.761780818628478;0.12350703847719444;0.1128950785941689;1.0971623457285316;9.997926230569881;0.8335560219173139;1.0968531672352575;1.0969471125299302;0.7597024957531378;-0.12579401060968745;0.7702068372454054
70.986929;1.0941365159828105;0.8335943505582264;0.7617773023634643;0.12350671733347564;0.11289523863936848;1.0971585867603921;9.997924055426752;0.8335554530837364;1.096850485374526;1.0969480185963798;0.7597035531647545;-0.12579400968288326;0.7702049312395337
70.996929;1.0941350708761202;0.8335963290974744;0.7617736147535592;0.12350640230273566;0.11289539826846302;1.0971548042631152;9.9979221605929;0.833554913500213;1.0968477347485515;1.0969489496102107;0.7597045978826422;-0.12579400874518148;0.7702029793387651
71.006929;1.0941337461641991;0.8335981410102892;0.761769761179921;0.1235060949489208;0.11289555688746945;1.0971510092937604;9.997920603105777;0.8335543979743735;1.0968449137648009;1.0969499078813831;0.7597056306802386;-0.12579400779724015;0.7702009836185354
71.016929;1.094132540295423;0.8335997775083518;0.7617657477662316;0.12350579662762538;0.11289571398060322;1.0971472118770675;9.997919475022641;0.8335539000201553;1.0968420221280821;1.096950894911054;0.7597066534728946;-0.12579400684044056;0.7701989440947494
71.026929;1.0941314458884843;0.8336012293188455;0.7617615822721195;0.12350550874714936;0.11289586906343657;1.0971434230578818;9.997918898195204;0.8335534114131998;1.096839062211104;1.096951910666481;0.7597076689117995;-0.12579400587717904;0.7701968592154317
71.036929;1.0941304505091045;0.8336024893498537;0.7617572743393973;0.12350523306876773;0.112896021523016;1.0971396540475415;9.997919007081066;0.8335529222552267;1.096836038966654;1.0969529532698286;0.7597086802444623;-0.12579400491019957;0.7701947265197583
71.046929;1.0941295376594642;0.833603554373796;0.7617528356931683;0.12350497181045378;0.1128961706074133;1.0971359156720237;9.997919939610354;0.8335524216788875;1.096832958228476;1.0969540194425893;0.7597096912751198;-0.12579400394186824;0.7701925429921243
71.056929;1.0941286877054432;0.8336044247470362;0.7617482803846368;0.12350472740770754;0.11289631556600302;1.0971322201994993;9.997921829145618;0.83355189861037;1.0968298250408417;1.0969551052702184;0.7597107068724979;-0.12579400297406057;0.7701903054362522
71.066929;1.0941278797178684;0.8336051034701444;0.7617436239578662;0.12350450214072002;0.11289645575324272;1.0971285829293485;9.997924784283713;0.8335513415916106;1.0968266428752251;1.0969562066067027;0.7597117340957263;-0.12579400200822055;0.7701880116360906
71.076929;1.094127092585013;0.8336055950626237;0.7617388817008255;0.12350429788206332;0.11289659064894494;1.0971250207621535;9.997928866919166;0.8335507378822126;1.0968234138549553;1.0969573194795974;0.7597127826570498;-0.12579400104521432;0.7701856616267668
71.086929;1.0941263051427956;0.8336059044270834;0.7617340680223138;0.12350411607581867;0.11289671991664398;1.097121549568339;9.99793409261793;0.8335500738270253;1.0968201387854621;1.0969584406621489;0.7597138637237175;-0.12579400008524189;0.7701832578735563
71.096929;1.094125497562163;0.833606036585933;0.7617291975755509;0.12350395794384479;0.11289684343706136;1.0971181833888737;9.997940460910506;0.833549336913092;1.09681681645729;1.0969595678197732;0.7597149880610579;-0.12579399912814748;0.7701808039438897
71.106929;1.0941246538455462;0.8336059973951481;0.7617242866999843;0.12350382468672853;0.11289696111583838;1.0971149343732798;9.997947984741028;0.8335485175419245;1.0968134443544697;1.0969606989367768;0.759716164809999;-0.12579399817407283;0.7701783024612142
71.116929;1.0941237628880418;0.833605794136024;0.7617193537936205;0.12350371752186236;0.11289707261904175;1.0971118115208431;9.997956693259182;0.8335476093784863;1.096810021149101;1.096961831476984;0.7597174006266985;-0.12579399722379148;0.7701757545595245
71.126929;1.0941228174976931;0.8336054352341548;0.7617144187526891;0.12350363766266055;0.11289717734030114;1.0971088195346925;9.997966614927858;0.8335466091175563;1.0968065478406948;1.0969629617662897;0.7597186993673156;-0.1257939962782082;0.770173161336802
71.136929;1.0941218134849073;0.8336049295022111;0.7617095026590486;0.12350358622329662;0.1128972745955388;1.0971059594191706;9.997977757388597;0.8335455161095041;1.0968030268285816;1.0969640847636333;0.7597200631859883;-0.1257939953376725;0.7701705247989272
71.146929;1.0941207493400604;0.8336042852522902;0.76170462747081;0.12350356406359536;0.11289736377292729;1.0971032303916513;9.997990108247535;0.8335443309776863;1.096799462074932;1.0969651946882646;0.759721494154962;-0.12579399440187067;0.770167847089959
71.156929;1.094119625237858;0.8336035093955406;0.7616998149253831;0.12350357183188189;0.1128974442958636;1.0971006321704952;9.998003660643917;0.8335430539799654;1.0967958608832524;1.0969662871288703;0.759722994989507;-0.12579399346978024;0.7701651293380105
71.166929;1.094118441584935;0.8336026074065008;0.761695085219837;0.12350361014847773;0.11289751551298112;1.0970981663385175;9.998018426193417;0.8335416852556192;1.0967922343077192;1.0969673616612532;0.7597245688755517;-0.1257939925392666;0.7701623717318983
71.176929;1.0941171978446391;0.8336015844556834;0.7616904563845731;0.12350367962238562;0.11289757660340723;1.0970958353484541;9.998034412230398;0.8335402267388895;1.0967885957926058;1.0969684229237953;0.7597262191829951;-0.12579399160706153;0.7701595749376006
71.186929;1.0941158927975818;0.8336004461620536;0.7616859445261113;0.12350378071540807;0.11289762655810304;1.0970936403942966;9.998051589624804;0.8335386833744559;1.0967849600163424;1.0969694799158995;0.7597279495313635;-0.12579399066951885;0.7701567411401332
71.196929;1.0941145270870676;0.8335991977204285;0.7616815639423441;0.1235039136955529;0.11289766428193135;1.0970915806048724;9.99806989137617;0.8335370622878605;1.0967813421454298;1.096970544682797;0.7597297638447241;-0.12579398972354763;0.7701538738240427
71.206929;1.094113105666044;0.8335978426151569;0.7616773264150276;0.12350407871141342;0.11289768875634895;1.0970896532489172;9.99808923981607;0.8335353708578704;1.0967777566830652;1.0969716308543498;0.7597316660323675;-0.1257939887670764;0.7701509769261166
71.216929;1.09411163794081;0.8335963823528277;0.7616732405720991;0.12350427578246861;0.11289769915644216;1.097087853284201;9.998109560756763;0.8335336148799667;1.0967742155617914;1.0969727518456744;0.7597336591530489;-0.12579398779870327;0.7701480541252833
71.226929;1.0941101364371455;0.8335948166010586;0.7616693119303583;0.12350450474330948;0.11289769488163505;1.0970861725222572;9.998130774174726;0.833531797042832;1.0967707263887048;1.096973919350901;0.7597357443352996;-0.1257939868168303;0.7701451087044785
71.236929;1.0941086144896903;0.8335931430367473;0.7616655433012195;0.12350476527197556;0.11289767545929454;1.097084600092964;9.998152790096436;0.8335299164731238;1.0967672928878207;1.09697514298953;0.7597379205211788;-0.1257939858193206;0.7701421433064529
71.246929;1.0941070832035356;0.8335913574574586;0.7616619359387896;0.12350505683271373;0.11289764026854215;1.0970831241701173;9.998175518330987;0.8335279696864936;1.0967639174967614;1.096976429714548;0.7597401852815119;-0.1257939848040607;0.7701391596109933
71.256929;1.0941055496815102;0.8335894547387925;0.7616584914313764;0.12350537858008352;0.11289758841622598;1.0970817330404539;9.998198876887662;0.8335259518137949;1.0967606033963513;1.0969777827176481;0.759742535651979;-0.12579398376947698;0.7701361593653142
71.266929;1.0941040181253778;0.8335874304501637;0.7616552125645192;0.12350572945475298;0.11289751903260295;1.0970804148798778;9.998222792069665;0.8335238576021865;1.0967573543995832;1.096979202467272;0.7597449679953189;-0.12579398271444817;0.7701331459428654
71.276929;1.0941024919881406;0.8335852821621088;0.7616521020138098;0.12350610825531617;0.11289743159955315;1.0970791574396506;9.998247195512022;0.8335216825626146;1.0967541737508535;1.0969806892176757;0.7597474772980024;-0.12579398163826053;0.770130124325834
71.286929;1.0941009741470864;0.8335830092880875;0.7616491600515513;0.12350651353414463;0.11289732603481877;1.0970779484840785;9.998272025934488;0.8335194240657464;1.0967510629951458;1.0969822440157124;0.7597500573606308;-0.12579398054077895;0.770127100598705
71.296929;1.0940994657895131;0.8335806122957077;0.7616463834808366;0.12350694351605943;0.1128972026224666;1.0970767766161214;9.998297233747467;0.83351708200161;1.0967480211932736;1.0969838679031234;0.7597527021052182;-0.1257939794223559;0.7701240827683076
71.306929;1.0940979660834222;0.8335780930366753;0.7616437670599393;0.1235073960127077;0.11289706184480357;1.097075632051553;9.998322782987143;0.8335146588910375;1.096745044846435;1.0969855600544782;0.7597554067768614;-0.1257939782836519;0.7701210813691285
71.316929;1.0940964724775184;0.8335754547839818;0.7616413060431327;0.12350786827028472;0.11289690426558535;1.097074507165805;9.998348650581066;0.8335121591140368;1.0967421276428304;1.0969873161063073;0.7597581673940412;-0.12579397712569945;0.7701181082226645
71.326929;1.0940949811634484;0.8335727004982801;0.7616389972308992;0.12350835694175286;0.11289673055254897;1.0970733964270185;9.998374819642212;0.8335095876059668;1.0967392589926988;1.096989128092746;0.7597609782459295;-0.1257939759500019;0.7701151746630607
71.336929;1.0940934875594717;0.8335698314114439;0.76163683827814;0.12350885837691444;0.11289654146987575;1.0970722955700956;9.99840127147018;0.8335069491114068;1.0967364239735955;1.0969909854433475;0.7597638301022407;-0.1257939747583908;0.7701122911744247
71.346929;1.0940919867026409;0.833566847664614;0.7616348271769213;0.12350936912449512;0.11289633780582486;1.0970712007066956;9.998427983455768;0.833504247964015;1.0967336066008184;1.0969928758610439;0.7597667105962908;-0.12579397355268745;0.7701094679903032
71.356929;1.0940904740773474;0.8335637501438968;0.7616329627444448;0.1235098861971006;0.11289612039310067;1.097070107994514;9.998454923637018;0.8335014881569154;1.0967307932659252;1.0969947860877884;0.7597696055429818;-0.12579397233457185;0.7701067147769726
71.366929;1.09408894678396;0.8335605416607923;0.7616312449736312;0.12351040690992814;0.11289589010447966;1.0970690131876404;9.998482038106982;0.8334986740443032;1.0967279737185656;1.0969967035759836;0.7597725008937215;-0.1257939711057654;0.770104040207047
71.376929;1.094087403724237;0.8335572260930844;0.7616296749440296;0.12351092864363548;0.11289564764836958;1.0970679116295814;9.998509246972779;0.833495810932967;1.0967251405348795;1.0969986188532894;0.7597753849203568;-0.12579396986813451;0.7701014529731468
71.386929;1.094085845035465;0.8335538064448214;0.7616282550508806;0.12351144884132358;0.1128953934138182;1.0970668001049342;9.998536458160455;0.833492904543149;1.096722288805956;1.097000526163889;0.7597782490563166;-0.12579396862375453;0.7700989627348849
71.396929;1.0940842728030102;0.8335502841137524;0.7616269889284316;0.12351196514618008;0.11289512758361116;1.0970656785252721;9.998563582952231;0.8334899606879121;1.0967194166921204;1.0970024218883547;0.7597810874091405;-0.12579396737518186;0.7700965795947873
71.406929;1.094082692373558;0.8335466593814331;0.7616258808327249;0.12351247554374441;0.11289485031916058;1.097064550023881;9.998590539865058;0.8334869868533886;1.096716525890539;1.097004303434445;0.7597838961749768;-0.12579396612565008;0.7700943126878892
71.416929;1.0940811118710516;0.8335429319331432;0.7616249349805787;0.1235129785104256;0.1128945618737482;1.097063420774363;9.998617251818526;0.8334839935576903;1.096713621018082;1.0970061691834754;0.7597866737481772;-0.12579396487886363;0.7700921689861429
71.426929;1.0940795408449673;0.8335391010595854;0.7616241549956256;0.12351347298334116;0.11289426272308242;1.0970622990224523;9.998643643626492;0.8334809931256826;1.0967107090727135;1.0970080173387928;0.7597894210152857;-0.12579396363852294;0.7700901530001221
71.436929;1.0940779896598503;0.8335351657046617;0.7616235441345164;0.12351395808861491;0.11289395361204159;1.0970611933866083;9.998669647891488;0.8334779974327103;1.0967078005204378;1.0970098444931493;0.7597921401465013;-0.1257939624080925;0.7700882667225052
71.446929;1.0940764684331723;0.8335311251003127;0.7616231055916439;0.12351443296270496;0.11289363540335808;1.0970601117501022;9.998695211587401;0.8334750170303965;1.0967049102344495;1.0970116458774384;0.7597948330345634;-0.1257939611907903;0.7700865093969214
71.456929;1.0940749856390481;0.8335269794785027;0.7616228414302085;0.12351489677702068;0.11289330896519602;1.0970590607727602;9.998720280878697;0.8334720618129047;1.0967020556087057;1.0970134159295983;0.759797501746419;-0.12579395998927656;0.7700848776126747
71.466929;1.094073548032587;0.8335227296847172;0.7616227511358185;0.12351534875163656;0.11289297519307409;1.0970580468138422;9.998744774068731;0.8334691413531318;1.0966992529010535;1.0970151487586322;0.759800149152338;-0.12579395880533306;0.7700833651278968
71.476929;1.0940721604123744;0.8335183765790134;0.7616228316544411;0.12351578812711954;0.11289263495334281;1.0970570774525632;9.99876857299698;0.8334662640668834;1.0966965149710972;1.0970168392549573;0.7598027786593399;-0.12579395764003617;0.7700819622548056
71.486929;1.0940708242067834;0.8335139210063685;0.7616230787236443;0.12351621426199047;0.11289228891404483;1.0970561608518252;9.99879153604941;0.8334634363212088;1.0966938513284525;1.0970184834843135;0.7598053948975454;-0.1257939564940536;0.7700806566568259
71.496929;1.0940695371686817;0.83350936405539;0.7616234881521404;0.12351662682808703;0.11289193745849882;1.0970553038566961;9.998813523037796;0.833460661820692;1.0966912691454722;1.0970200782788475;0.7598080040111016;-0.1257939553677763;0.7700794361578722
71.506929;1.0940682946607996;0.833504707680252;0.7616240564127155;0.12351702580723799;0.11289158086579731;1.097054511389242;9.998834424143476;0.8334579413582127;1.0966887748551877;1.0970216211343813;0.759810611940997;-0.12579395426151116;0.7700782913708752
71.516929;1.0940670911059065;0.8334999549279986;0.7616247803784058;0.12351741122655845;0.11289121962927154;1.0970537872447392;9.998854173498414;0.8334552736184745;1.0966863760806569;1.0970231097442522;0.7598132233087195;-0.12579395317577546;0.770077216263544
71.526929;1.0940659203639345;0.8334951092375715;0.7616256560518687;0.12351778298913423;0.11289085451981451;1.097053135175608;9.998872735069076;0.8334526567186058;1.0966840821375246;1.0970245411087136;0.759815842114098;-0.12579395211143363;0.7700762071954249
71.536929;1.0940647741847624;0.8334901740466341;0.7616266772972373;0.12351814099235174;0.11289048643893335;1.0970525593980067;9.998890079591241;0.8334500893180851;1.0966819025834027;1.0970259114125356;0.7598184719425847;-0.12579395106968846;0.7700752617908916
71.546929;1.0940636408320894;0.8334851530696887;0.7616278366163668;0.12351848524188849;0.11289011643081928;1.097052064080148;9.998906178885495;0.8334475706157058;1.0966798452665971;1.097027216773097;0.7598211150669805;-0.1257939500520837;0.7700743779669182
71.556929;1.0940625062802214;0.83348005000801;0.7616291273809707;0.12351881576739772;0.11288974581411078;1.097051652376926;9.998921015478263;0.833445100025223;1.0966779156348756;1.0970284541261406;0.7598237721429549;-0.12579394906031777;0.7700735529650987
71.566929;1.094061356574576;0.8334748680127896;0.761630544787337;0.12351913259573324;0.1128893762166704;1.097051326248055;9.998934587388655;0.8334426774425083;1.096676117932474;1.0970296216839306;0.7598264431163727;-0.12579394809579034;0.7700727825815962
71.576929;1.0940601794407174;0.8334696104013974;0.7616320852501226;0.12351943584019688;0.11288900943643684;1.0970510866358514;9.998946904625369;0.8334403035417596;1.0966744565862725;1.0970307187675274;0.7598291282277964;-0.12579394715934517;0.7700720606328401
71.586929;1.094058965129177;0.8334642818404325;0.7616337453075123;0.1235197256731945;0.11288864715548062;1.0970509330197589;9.99895798579534;0.8334379795802093;1.0966729363638845;1.0970317449642266;0.7598318283077012;-0.12579394625150261;0.7700713791354279
71.596929;1.0940577067456967;0.8334588884253414;0.7616355206501607;0.12352000231640066;0.11288829074881769;1.097050862845088;9.998967857093305;0.8334357072851823;1.0966715617450684;1.0970326996636877;0.7598345446533639;-0.1257939453727838;0.7700707295569452
71.606929;1.0940563996907644;0.8334534370926228;0.7616374060503783;0.1235202661443506;0.11288794133197687;1.0970508711556421;9.998976554128594;0.8334334893570642;1.096670336130392;1.0970335834533067;0.7598372788365343;-0.1257939445236679;0.7700701034298817
71.616929;1.094055040175706;0.8334479352657642;0.7616393956812584;0.12352051758901214;0.11288759981354587;1.0970509511731645;9.998984127240897;0.8334313298056241;1.0966692614239149;1.0970343997028718;0.7598400329342802;-0.12579394370432254;0.7700694918430745
71.626929;1.0940536240864487;0.8334423906289694;0.7616414832092637;0.12352075696534355;0.1128872668242173;1.0970510958017623;9.998990651013884;0.833429233370756;1.096668337853501;1.0970351543667038;0.7598428097732474;-0.1257939429144541;0.7700688858584971
71.636929;1.0940521472258644;0.8334368104609157;0.7616436620392323;0.12352098458998594;0.11288694273377652;1.097051297841186;9.998996229759914;0.8334272049138489;1.0966675640307941;1.0970358553127377;0.7598456121219491;-0.12579394215339226;0.7700682778956672
71.646929;1.0940506057254138;0.83343120069863;0.7616459253738004;0.12352120092197576;0.11288662777637672;1.0970515495706488;9.999000982873076;0.833425249379413;1.0966669376952973;1.0970365119054346;0.7598484419480491;-0.12579394142040246;0.770067662696981
71.656929;1.094048995443651;0.8334255658544608;0.7616482662747956;0.12352140642572422;0.11288632211382572;1.097051844260267;9.999005013102796;0.8334233716306284;1.0966664563024755;1.0970371341734642;0.7598513001752751;-0.12579394071504943;0.7700670374556402
71.666929;1.0940473116300586;0.8334199099517848;0.7616506779411181;0.12352160139903913;0.11288602595405363;1.0970521784150304;9.999008383959557;0.8334215756754936;1.0966661169155498;1.0970377318227222;0.7598541855982011;-0.1257939400371537;0.7700664009363022
71.676929;1.094045549313153;0.8334142369596391;0.7616531532342533;0.1235217860123438;0.11288573980636786;1.097052551904083;9.999011125109186;0.8334198640794876;1.096665916188415;1.097038313137167;0.7598570944765536;-0.12579393938636446;0.7700657525020036
71.686929;1.094043703469267;0.8334085497926691;0.7616556837422632;0.12352196050269076;0.11288546465687355;1.0970529662044293;9.999013250762685;0.8334182386069307;1.0966658506982676;1.0970388833397668;0.7598600219819334;-0.12579393876206252;0.770065092391145
71.696929;1.0940417694879532;0.8334028488553381;0.7616582597044385;0.12352212529537042;0.11288520196032788;1.0970534235040648;9.99901476449285;0.8334167011854443;1.0966659174968776;1.0970394430510069;0.7598629630184367;-0.12579393816364232;0.7700644223332046
71.706929;1.0940397444718368;0.8333971314336052;0.7616608711405798;0.12352228094464249;0.11288495348514808;1.0970539272022788;9.99901565755338;0.8334152534858045;1.096666115047006;1.0970399882268638;0.7598659116393218;-0.12579393759085025;0.7700637448947959
71.716929;1.0940376282193407;0.8333913920776548;0.7616635093382339;0.12352242797667183;0.11288472107246772;1.0970544820059855;9.999015918666819;0.8334138959585745;1.0966664443565741;1.0970405119821514;0.7598688608490053;-0.12579393704416947;0.7700630620249398
71.726929;1.094035422387695;0.833385623259167;0.7616661673021775;0.12352256674470352;0.11288450643555455;1.0970550927500986;9.999015544253385;0.8334126286811682;1.0966669097847406;1.0970410069811174;0.7598718033900026;-0.1257939365247604;0.7700623744516918
71.736929;1.0940331283676499;0.8333798161078955;0.7616688393393216;0.12352269740547347;0.11288431102307567;1.0970557626710482;9.999014541899326;0.8334114535897277;1.0966675181081682;1.0970414670941175;0.7598747325745319;-0.12579393603393083;0.7700616823793418
71.746929;1.0940307457846292;0.8333739619137666;0.7616715214021222;0.1235228200406572;0.11288413595999323;1.0970564927558308;9.999012936870376;0.8334103753991955;1.0966682753520354;1.0970418882874937;0.7598776421999479;-0.12579393557296636;0.7700609863719542
71.756929;1.094028272497419;0.833368053932978;0.7616742116844093;0.12352293481952117;0.11288398213820101;1.0970572824470997;9.999010778343544;0.8334094005482837;1.0966691846337504;1.0970422686468633;0.7598805260325637;-0.12579393514339157;0.7700602879199769
71.766929;1.0940257065790011;0.8333620880026332;0.7616769097360192;0.12352304205520862;0.11288385033110793;1.0970581309440224;9.999008137286925;0.833408536140847;1.096670247148455;1.097042607476995;0.7598833777282346;-0.1257939347471729;0.7700595899109293
71.776929;1.0940230492732905;0.8333560622260056;0.7616796150457207;0.12352314218058823;0.11288374122640356;1.0970590390444936;9.999005098117603;0.8334077902612292;1.096671463295897;1.0970429045880012;0.7598861908099949;-0.1257939343866369;0.7700588967215521
71.786929;1.0940203052884463;0.8333499768274019;0.7616823271296371;0.1235232357950743;0.11288365547648707;1.097060010289629;9.999001749121586;0.8334071721855538;1.0966728316244991;1.0970431602847646;0.7598889585945952;-0.12579393406409375;0.7700582137674604
71.796929;1.0940174803932348;0.8333438338940238;0.7616850466692422;0.12352332367532066;0.11288359371057628;1.0970610500805353;9.998998175518157;0.8334066906399731;1.0966743474764318;1.0970433753495965;0.7598916745818116;-0.12579393378130013;0.7700575464852563
71.806929;1.094014580250595;0.8333376367919427;0.7616877757156496;0.12352340667568822;0.11288355639103541;1.0970621643784784;9.9989944570095;0.8334063514236041;1.096676003141648;1.0970435512079917;0.7598943328326324;-0.12579393353898255;0.770056899080999
71.816929;1.0940116104241624;0.8333313901002064;0.7616905164203465;0.12352348568906196;0.11288354365911984;1.0970633589491599;9.99899066434222;0.8334061567034003;1.0966777890696782;1.0970436900543354;0.759896927427185;-0.12579393333681888;0.7700562738032953
71.826929;1.094008575955453;0.8333250999432525;0.7616932696143653;0.1235235616855083;0.11288355532769394;1.0970646382955094;9.998986852999588;0.8334061055446411;1.0966796955317524;1.0970437936104;0.7598994512303879;-0.12579393317386092;0.7700556710039362
71.836929;1.0940054817572575;0.8333187737250386;0.7616960343866366;0.12352363576295092;0.1128835909427434;1.0970660055379866;9.99898306282769;0.8334061941269393;1.096681714754372;1.0970438615029658;0.7599018953465327;-0.12579393304894268;0.77005508991312
71.846929;1.0940023328918314;0.8333124198077405;0.7616988084675284;0.12352370918554723;0.11288364979475644;1.0970674636816584;9.998979322668985;0.8334064160996767;1.0966838427874652;1.0970438912656666;0.7599042499841949;-0.12579393296113797;0.7700545295989127
71.856929;1.0939991327193779;0.8333060480188151;0.7617015889501553;0.12352378334379639;0.1128837309102098;1.0970690161600745;9.998975651922867;0.8334067636550413;1.0966860799089093;1.0970438800599516;0.7599065059502171;-0.12579393291033125;0.7700539896219502
71.866929;1.0939958819326294;0.8332996699847284;0.7617043729909171;0.12352385965417693;0.11288383312527914;1.0970706666656085;9.998972060759742;0.8334072283551098;1.0966884298022834;1.0970438267537121;0.7599086562405277;-0.1257939328973813;0.7700534703105195
71.876929;1.0939925803726809;0.8332932980447829;0.7617071579760661;0.12352393947480791;0.11288395527214158;1.097072419274289;9.998968557720774;0.8334078015143424;1.0966908981421397;1.0970437325092937;0.7599106974237118;-0.1257939329237808;0.7700529719721056
71.886929;1.0939892284974586;0.8332869436019729;0.7617099414044662;0.123524024065482;0.11288409634027091;1.0970742779233063;9.998965158244285;0.8334084745921495;1.0966934904748344;1.0970436001891912;0.7599126297163805;-0.1257939329914323;0.7700524934793934
71.896929;1.0939858281337556;0.8332806166576577;0.7617127208626016;0.12352411460647483;0.11288425543547909;1.0970762455267078;9.998961872703497;0.8334092394813335;1.0966962105575058;1.0970434340434467;0.7599144559461379;-0.1257939331027471;0.7700520322579778
71.906929;1.0939823832093165;0.8332743263378429;0.7617154935903595;0.12352421224027578;0.1128844316081663;1.0970783245370614;9.99895868537064;0.8334100883688634;1.0966990607095624;1.0970432395824212;0.7599161808168334;-0.12579393326051944;0.7700515854490376
71.916929;1.0939788993818664;0.8332680812926823;0.7617182562740696;0.12352431806246311;0.11288462378609834;1.0970805179721916;9.99895555727004;0.833411013142306;1.0967020429509808;1.0970430236895423;0.759917810249684;-0.12579393346735107;0.7700511501497572
71.926929;1.0939753835985548;0.8332618897902406;0.7617210061436014;0.1235244330390235;0.11288483082327712;1.0970828288081478;9.998952450342125;0.8334120053945905;1.0967051589804693;1.0970427949892254;0.759919350191164;-0.12579393372512584;0.7700507229089297
71.936929;1.0939718438552026;0.833255759234071;0.7617237413616685;0.12352455788769605;0.11288505142153879;1.0970852586319917;9.998949349204382;0.8334130574550197;1.0967084092753137;1.0970425638894221;0.7599208054084824;-0.12579393403480882;0.7700502998642159
71.946929;1.093968288140014;0.8332496954679467;0.7617264594328623;0.12352469298366434;0.1128852839562762;1.0970878073965182;9.998946266454379;0.8334141628307161;1.0967117922090712;1.0970423418532038;0.7599221784579017;-0.12579393439656164;0.7700498772453475
71.956929;1.0939647238497021;0.8332437029572717;0.7617291566687852;0.12352483828722696;0.11288552668599365;1.0970904735584777;9.998943225534747;0.8334153153494889;1.096715303633977;1.0970421397688563;0.7599234690571015;-0.12579393481006576;0.7700494518137088
71.966929;1.0939611587314175;0.8332377854194105;0.7617318298264159;0.1235249932906818;0.1128857783158987;1.0970932531654245;9.998940232486207;0.8334165081792164;1.0967189374906101;1.0970419669163918;0.7599246745492133;-0.12579393527476257;0.7700490212909896
71.976929;1.0939576016732824;0.833231946115569;0.7617344771753211;0.12352515705788275;0.11288603819033584;1.0970961387698261;9.99893726099752;0.833417733597624;1.096722687177851;1.097041831373859;0.7599257909562877;-0.12579393578983503;0.7700485842339447
71.986929;1.0939540620091812;0.8332261878787969;0.7617370979422853;0.12352532836706386;0.11288630605836086;1.097099119672117;9.998934261366294;0.8334189834777052;1.0967265465244396;1.0970417407203392;0.7599268134334628;-0.12579393635403083;0.7700481394102371
71.996929;1.0939505484496823;0.8332205130438357;0.761739691353144;0.12352550586499511;0.11288658192325071;1.0971021835310388;9.998931176523609;0.833420249816396;1.0967305093827346;1.09704170299026;0.7599277362156807;-0.1257939369656805;0.7700476854322426
72.006929;1.0939470684691903;0.8332149234860864;0.7617422558051916;0.12352568814111485;0.11288686594646219;1.0971053177790966;9.998927942829711;0.8334215248378886;1.096734567728736;1.0970417278799023;0.7599285527172318;-0.12579393762283878;0.7700472207669654
72.016929;1.0939436279345114;0.8332094202241633;0.7617447881643895;0.12352587372608774;0.11288715830646268;1.0971085094707151;9.998924490519741;0.833422800693619;1.0967387106872;1.0970418266550137;0.759929255879463;-0.12579393832307803;0.770046744157827
72.026929;1.0939402313856936;0.8332040022657802;0.76174728409569;0.12352606110830734;0.11288745916296157;1.0971117450312227;9.998920763082136;0.8334240687696841;1.0967429265195203;1.0970420100474527;0.7599298388825514;-0.12579393906331737;0.7700462555319159
72.036929;1.093936882424669;0.8331986664912597;0.7617497398070847;0.12352624884669391;0.11288776865070448;1.0971150111587442;9.99891673208317;0.8334253186287589;1.0967472047222944;1.097042286104952;0.7599302962676806;-0.12579393984023615;0.7700457566331534
72.046929;1.0939335830941768;0.8331934096399196;0.7617521532906216;0.12352643570485812;0.11288808682436592;1.097118294526437;9.998912389836127;0.8334265372055645;1.096751535891491;1.0970426603615082;0.7599306250675166;-0.12579394065074265;0.7700452511426737
72.056929;1.093930333540164;0.8331882301206328;0.761754523701558;0.12352662061056202;0.1128884136590624;1.0971215798004188;9.998907736979074;0.8334277098010113;1.0967559112301826;1.0970431373164098;0.7599308254521163;-0.12579394149191747;0.7700447448639233
72.066929;1.0939271329674851;0.8331831277005259;0.7617568501925276;0.12352680247943668;0.11288874915937747;1.0971248497347568;9.998902784043551;0.8334288227986717;1.096760322636026;1.0970437205716563;0.759930900528778;-0.125793942360788;0.7700442454368253
72.076929;1.093923980292145;0.8331781023589754;0.7617591313482361;0.12352698013943457;0.11288909349796093;1.0971280876876337;9.998897563368986;0.8334298657089162;1.0967647627550692;1.0970444121520593;0.7599308554213444;-0.12579394325441903;0.7700437612428035
72.086929;1.0939208739343431;0.8331731541775573;0.7617613651172239;0.12352715238479825;0.11288944696459792;1.0971312788714769;9.998892131510413;0.8334308315358336;1.0967692255435342;1.0970452132386421;0.7599306959412582;-0.12579394417017908;0.7700433005325231
72.096929;1.093917812014435;0.8331682846098502;0.7617635490050777;0.12352731809284036;0.11288980966448178;1.0971344103217502;9.998886555961493;0.8334317161760105;1.096773707504489;1.0970461250236212;0.7599304269287059;-0.12579394510582573;0.7700428712108123
72.106929;1.0939147932932674;0.8331634976976782;0.7617656798976098;0.12352747641743057;0.11289018131924236;1.0971374718757703;9.998880901238952;0.8334325173806422;1.0967782081701032;1.0970471478836297;0.759930051202818;-0.12579394605938216;0.7700424807167362
72.116929;1.0939118180350602;0.8331587992908422;0.7617677536656517;0.12352762693961032;0.11289056146378831;1.0971404569352359;9.998875230389142;0.8334332338368138;1.0967827288190042;1.0970482810042623;0.7599295700231132;-0.12579394702893307;0.7700421355383958
72.126929;1.0939088883902037;0.8331541951525062;0.7617697656729507;0.12352776962924177;0.11289094977929182;1.0971433614757438;9.998869610005187;0.8334338644962165;1.0967872700950079;1.0970495233147302;0.7599289838819789;-0.12579394801245639;0.7700418407195477
72.136929;1.0939060082737009;0.8331496905134318;0.7617717118699465;0.12352790476465338;0.11289134614797855;1.09714618300045;9.998864100673043;0.8334344084712122;1.0967918305604565;1.0970508737454232;0.7599282925822004;-0.1257939490080192;0.7700416000066113
72.146929;1.09390318266152;0.8331452911360585;0.7617735893200428;0.1235280329173847;0.11289175046393464;1.0971489201933655;9.998858753221352;0.8334348658884178;1.0967964078853016;1.0970523309446587;0.7599274955358652;-0.12579395001409568;0.7700414165873243
72.156929;1.093900416977324;0.833141004232891;0.7617753961400219;0.12352815481765195;0.11289216245105335;1.097151571992567;9.998853619939789;0.833435237944837;1.0968010009254856;1.0970538931617237;0.7599265927659418;-0.12579395102940458;0.7700412937698089
72.166929;1.0938977164335786;0.8331368383974948;0.7617771311403455;0.1235282711228512;0.1128925815321859;1.0971541370371813;9.998848753799397;0.8334355255061897;1.096805609714117;1.0970555573882284;0.75992558558597;-0.12579395205283145;0.7700412348624123
72.176929;1.093895084619428;0.8331328027490795;0.7617787932615875;0.12352838229647138;0.11289300670431036;1.0971566148749377;9.99884419812125;0.8334357284320483;1.096810233857895;1.0970573183709056;0.7599244765111886;-0.12579395308368552;0.7700412427877489
72.186929;1.0938925227137972;0.8331289058786293;0.7617803813746359;0.12352848858286194;0.11289343652325172;1.0971590069292019;9.99883999084793;0.8334358458849834;1.0968148714418702;1.0970591687845863;0.7599232694256184;-0.1257939541212929;0.7700413199312779
72.196929;1.0938900305819887;0.8331251553370606;0.7617818945492552;0.12352859005020567;0.11289386927420647;1.0971613155781117;9.998836178291112;0.8334358765412869;1.0968195192347168;1.097061099948618;0.7599219701111048;-0.12579395516413025;0.7700414672226035
72.206929;1.0938876081749755;0.8331215587903328;0.7617833320962166;0.12352868671486351;0.11289430312567447;1.0971635429288376;9.998832824061045;0.8334358193562412;1.096824173903668;1.097063102566562;0.7599205856594629;-0.1257939562098251;0.770041683428509
72.216929;1.0938852554073086;0.8331181258523639;0.7617846931111769;0.12352877864876045;0.11289473614286831;1.0971656909285794;9.998830010499919;0.8334356750098972;1.0968288332703118;1.0970651674524556;0.7599191229665858;-0.12579395725610587;0.7700419660126967
72.226929;1.0938829718874903;0.833114867769887;0.7617859757670349;0.12352886597059017;0.11289516628098291;1.0971677620784013;9.99882783101237;0.8334354465630858;1.0968334964689415;1.097067285652501;0.7599175877051378;-0.12579395830150875;0.7700423123012822
72.236929;1.0938807576646357;0.8331117953163507;0.7617871770153652;0.12352894870188466;0.1128955914381827;1.097169759457138;9.998826376747122;0.8334351386336569;1.0968381628774984;1.0970694481790273;0.759915983796102;-0.1257939593452273;0.7700427201760057
72.246929;1.0938786133632254;0.8331089172961367;0.7617882932581587;0.12352902666005662;0.11289600959482878;1.0971716867184431;9.998825723467858;0.8334347559027867;1.0968428307509979;1.097071645408843;0.7599143136500559;-0.12579396038676033;0.7700431879727825
72.256929;1.0938765398229415;0.8331062407167854;0.7617893208913646;0.12352909958436824;0.11289641899850789;1.0971735487845695;9.998825925748868;0.8334343018973888;1.096847495756903;1.0970738656080583;0.759912579402411;-0.1257939614258297;0.7700437140999847
72.266929;1.093874538292039;0.8331037720076826;0.7617902558574198;0.12352916734949256;0.11289681829549215;1.0971753517968603;9.99882702322623;0.8334337786029645;1.0968521498190864;1.0970760942297675;0.7599107834505204;-0.12579396246212063;0.7700442978277033
72.276929;1.0938726099934075;0.8331015175870723;0.7617910932990074;0.12352923004119999;0.11289720658733896;1.0971771018682905;9.998829048577475;0.833433187499439;1.0968567821529154;1.0970783151794183;0.7599089275834935;-0.1257939634948423;0.7700449398381344
72.286929;1.0938707542997042;0.8330994831171334;0.7617918274177444;0.12352928787569341;0.11289758341357001;1.0971788049791302;9.998832033996083;0.8334325313077761;1.0968613824301336;1.097080512603082;0.7599070122334571;-0.12579396452267888;0.7700456410821488
72.296929;1.0938689667077595;0.8330976721046478;0.761792451375886;0.12352934098777256;0.11289794856704762;1.0971804687364684;9.99883601579933;0.833431814131926;1.0968659426312435;1.0970826723478675;0.7599050367434314;-0.1257939655440167;0.7700464019040231
72.306929;1.0938672385859174;0.833096085309236;0.7617929586638559;0.12352938924324207;0.11289830176126822;1.0971821028641877;9.99884102061583;0.8334310400870196;1.0968704554800772;1.0970847824614491;0.7599030008159366;-0.12579396655697064;0.7700472225208927
72.316929;1.0938655585378978;0.8330947212697848;0.7617933455530843;0.12352943222570616;0.1128986424469941;1.0971837162007791;9.998847043790338;0.8334302131226279;1.0968749118350916;1.0970868328717334;0.759900906457527;-0.12579396755937255;0.7700481033246794
72.326929;1.0938639136912038;0.8330935762397484;0.7617936121824278;0.12352946924759604;0.11289896990399054;1.097185313000938;9.998854055493346;0.8334293383536955;1.0968793000766652;1.0970888158658028;0.7598987582333326;-0.12579396854889183;0.7700490447600198
72.336929;1.093862291310543;0.8330926439707524;0.7617937614355298;0.12352949931594422;0.11289928340778309;1.0971868923680252;9.998862027208363;0.8334284232721161;1.0968836077070732;1.0970907265513918;0.7598965615625416;-0.12579396952304794;0.7700500476474019
72.346929;1.0938606803826127;0.8330919169131119;0.761793797095612;0.12352952116281866;0.11289958244674501;1.0971884500595666;9.998870936651892;0.8334274782572496;1.096887823469055;1.0970925620277923;0.75989432147513;-0.1257939704792598;0.7700511132396122
72.356929;1.0938590721813883;0.8330913876777818;0.7617937228634607;0.1235295333061856;0.11289986698672208;1.0971899799115117;9.998880747345595;0.833426515433183;1.0968919381984945;1.0970943208833615;0.7598920429517579;-0.1257939714152216;0.7700522422035483
72.366929;1.093857460723861;0.8330910495491541;0.7617935427205346;0.12352953410740963;0.11290013745412529;1.0971914751475964;9.998891400691546;0.8334255462864428;1.0968959445861988;1.0970960040512663;0.7598897314812143;-0.1257939723292976;0.7700534328147512
72.376929;1.0938558424737426;0.8330908966631678;0.7617932625362374;0.12352952185189885;0.11290039445842215;1.097192930435486;9.998902833166207;0.8334245810468521;1.0968998371621326;1.0970976158449837;0.7598873926951734;-0.12579397322058036;0.7700546800133781
72.386929;1.0938542149600878;0.8330909240063967;0.7617928912053059;0.12352949481130217;0.11290063872997948;1.0971943428672137;9.998914994992449;0.8334236298212929;1.0969036123730427;1.0970991636685277;0.759885031780757;-0.12579397408873622;0.7700559772252485
72.396929;1.0938525760469702;0.833091126988175;0.7617924390524142;0.12352945130180468;0.11290087126023476;1.0971957116045188;9.99892785236345;0.8334227030528275;1.0969072686270684;1.0971006562012344;0.7598826534444717;-0.1257939749337776;0.7700573196738324
72.406929;1.0938509235369724;0.8330915011522069;0.7617919147861082;0.12352938978975994;0.11290109332206102;1.0971970383110474;9.998941376014553;0.8334218108426175;1.0969108067364943;1.0971021016919986;0.7598802619857473;-0.12579397575596396;0.77005870614844
72.416929;1.0938492544563077;0.8330920418169091;0.7617913240076819;0.12352930903728929;0.11290130637448752;1.097198327527893;9.998955536419277;0.8334209616356959;1.0969142297327288;1.0971035078128488;0.759877861224682;-0.12579397655602995;0.7700601382464022
72.426929;1.0938475648982344;0.8330927430706054;0.7617906697943915;0.12352920821505634;0.11290151194448113;1.0971995852952274;9.998970312495686;0.833420161390286;1.0969175418565207;1.0971048823347909;0.7598754542370305;-0.12579397733507072;0.7700616183001855
72.436929;1.093845849861344;0.8330935974658397;0.7617899542861555;0.12352908683014151;0.11290171154263161;1.0972008176011656;9.998985688596727;0.8334194138765111;1.09692074809513;1.0971062329979515;0.759873042775367;-0.12579397809367934;0.7700631476571865
72.446929;1.0938441025166483;0.8330945974231376;0.7617891800138153;0.12352894456628317;0.11290190666803011;1.0972020298409324;9.999001633168147;0.8334187211877315;1.096923854115657;1.0971075666492855;0.7598706276272025;-0.12579397883154422;0.7700647262600553
72.456929;1.0938423144190126;0.833095736718718;0.7617883500352806;0.12352878130709417;0.11290209884421999;1.0972032267575302;9.99901808744924;0.8334180839559736;1.096926866354989;1.09710888900884;0.7598682103597081;-0.1257939795482494;0.7700663535943386
72.466929;1.0938404772952446;0.8330970103678713;0.761787466847171;0.12352859721841171;0.11290228961654114;1.0972044129306702;9.999034972086099;0.8334175012473014;1.0969297927807848;1.0971102050458943;0.7598657942435489;-0.1257939802440117;0.7700680294808999
72.476929;1.0938385852522687;0.8330984131848703;0.7617865313625138;0.12352839273426122;0.11290248057861914;1.097205593117728;9.999052191980944;0.8334169700411386;1.096932643613643;1.097111518982548;0.7598633834461735;-0.12579398091953245;0.7700697534350102
72.486929;1.0938366360951588;0.8330999385152944;0.7617855438226943;0.12352816853175207;0.11290267343199556;1.0972067716095646;9.99906963583829;0.8334164846832165;1.0969354310429076;1.0971128342789216;0.7598609823868179;-0.12579398157587052;0.7700715242397175
72.496929;1.0938346309929834;0.8331015780608118;0.7617845056245709;0.12352792539072172;0.11290286989688905;1.0972079513295399;9.999087176579492;0.8334160372455294;1.096938167474235;1.0971141540931786;0.7598585959402695;-0.12579398221457397;0.7700733410474999
72.506929;1.0938325723645932;0.833103322129515;0.7617834196917675;0.12352766396529337;0.11290307151802494;1.097209133583023;9.9991046703754;0.8334156192162581;1.0969408630218702;1.097115481409896;0.7598562290567936;-0.1257939828374536;0.7700752041608198
72.516929;1.093830460548653;0.8331051601398223;0.7617822902265644;0.12352738477285236;0.11290327964121535;1.0972103185047724;9.999121960961814;0.8334152233636662;1.096943524810155;1.097116818870415;0.7598538857352881;-0.12579398344629839;0.7700771138393624
72.526929;1.093828292302258;0.8331070818681918;0.7617811232872973;0.12352708839046449;0.11290349553706745;1.0972115058623335;9.999138892617925;0.8334148448582566;1.0969461585319054;1.0971181693015604;0.7598515690010283;-0.12579398404290731;0.770079068699713
72.536929;1.0938260631838341;0.8331090783740844;0.7617799271670003;0.1235267756123079;0.11290372040140806;1.0972126962170037;9.99915532149144;0.8334144816260618;1.096948769093128;1.0971195358562038;0.7598492822552655;-0.12579398462909713;0.7700810658046404
72.546929;1.0938237702573346;0.833111142075297;0.7617787112411825;0.123526447362031;0.11290395521653336;1.097213891152667;9.999171125874248;0.8334141337349438;1.0969513595703186;1.0971209206168595;0.7598470301488872;-0.1257939852065068;0.7700831018208784
72.556929;1.0938214121836656;0.8331132667856862;0.7617774837260795;0.12352610430992036;0.11290420064950736;1.0972150909803118;9.99918621815529;0.8334138022642881;1.0969539308260245;1.0971223238497696;0.7598448175973241;-0.12579398577640985;0.7700851735952742
72.566929;1.0938189881541978;0.8331154471760496;0.761776250071371;0.12352574665876712;0.11290445695948055;1.0972162922983622;9.999200546542607;0.8334134883177761;1.0969564816777242;1.0971237451351628;0.7598426485797625;-0.12579398633956612;0.770087277817489
72.576929;1.0938164968944843;0.8331176774355024;0.7617750132028414;0.12352537449667972;0.11290472393219982;1.0972174889577853;9.999214077611146;0.833413192911281;1.0969590087766505;1.097125184476088;0.7598405267651106;-0.1257939868959939;0.7700894107038662
72.586929;1.0938139361564447;0.8331199510459454;0.7617737748843605;0.12352498830056628;0.11290500103781237;1.0972186753469269;9.999226774874966;0.8334129178191493;1.0969615073068706;1.0971266425006851;0.759838456568024;-0.12579398744503797;0.7700915685787368
72.596929;1.0938113030477532;0.8331222622152188;0.7617725370529467;0.12352458905899134;0.11290528770792041;1.0972198483828672;9.99923859758088;0.83341266590432;1.0969639723723406;1.0971281203738779;0.7598364424730238;-0.12579398798579997;0.7700937486460824
72.606929;1.0938085943288627;0.8331246071724704;0.761771303308255;0.12352417805875285;0.11290558338831673;1.0972210075033368;9.999249511750385;0.8334124409117842;1.0969663998608914;1.0971296192010558;0.7598344878218998;-0.12579398851741624;0.7700959486942938
72.616929;1.093805806587415;0.8331269846188709;0.7617700800261263;0.12352375664326816;0.11290588731678579;1.09722215400224;9.999259491785981;0.8334122474873631;1.0969687865043878;1.097131138237657;0.7598325945782429;-0.1257939890391737;0.7700981665197354
72.626929;1.0938029373747682;0.8331293954134528;0.7617688757237949;0.12352332608872724;0.11290619835007717;1.097223289877887;9.999268516713867;0.8334120909520176;1.0969711295013347;1.0971326731808009;0.759830763386351;-0.12579398955049514;0.770100400538584
72.636929;1.0937999859181113;0.833131841854848;0.7617676989525898;0.12352288761667031;0.11290651503453103;1.0972244165773892;9.999276572631196;0.8334119771324192;1.0969734261877453;1.0971342161657014;0.7598289941796655;-0.1257939900507137;0.7701026506202767
72.646929;1.0937969512710732;0.8331343284723798;0.7617665564203907;0.12352244253703738;0.11290683575844677;1.097225535055762;9.999283660944148;0.8334119122995092;1.0969756735285237;1.097135756915594;0.7598272875833006;-0.1257939905391765;0.770104917381651
72.656929;1.0937938305083135;0.8331368637831491;0.7617654523132127;0.12352199237765488;0.11290715885668183;1.0972266469855838;9.999289800710573;0.8334119027015441;1.0969778675792103;1.0971372847145673;0.7598256454181092;-0.12579399101576452;0.7701072005894791
72.666929;1.0937906201637355;0.8331394595154811;0.7617643883278189;0.1235215388738172;0.11290748267706217;1.0972277550709555;9.999295018217573;0.8334119545888166;1.0969800037959372;1.0971387902104168;0.7598240697459447;-0.1257939914809575;0.7701094987547807
72.676929;1.0937873183763935;0.8331421273974848;0.7617633645342946;0.12352108383905498;0.1129078056241655;1.0972288615554586;9.999299340636455;0.8334120748497098;1.0969820784093294;1.097140265055322;0.7598225620081038;-0.125793991935329;0.7701118097166969
72.686929;1.0937839248911156;0.8331448764558045;0.7617623811133244;0.12352062897468884;0.1129081262333437;1.0972299669243826;9.999302803947476;0.8334122711519317;1.0969840905647308;1.0971417005001185;0.7598211232990153;-0.1257939923793994;0.7701141306777888
72.696929;1.09378044033067;0.8331477118514873;0.7617614387808931;0.12352017576182285;0.11290844322704974;1.0972310707264499;9.999305455203194;0.8334125517565387;1.096986043608031;1.0971430867044076;0.759819755023257;-0.12579399281383993;0.770116458563959
72.706929;1.0937768663524738;0.8331506350640491;0.7617605374784;0.12351972550102717;0.11290875544073312;1.0972321728275074;9.999307338763542;0.8334129252169092;1.0969879442117987;1.0971444127790302;0.7598184588977205;-0.12579399323921023;0.7701187912653134
72.716929;1.093773206759225;0.8331536450842493;0.7617596761011747;0.12351927937127002;0.11290906176013406;1.0972332732987422;9.999308487833567;0.833413399871639;1.0969898007889285;1.0971456675288427;0.759817236034459;-0.12579399365569488;0.7701211282017717
72.726929;1.0937694682231496;0.8331567400754913;0.7617588537075155;0.12351883847563498;0.11290936122781527;1.0972343723504094;9.999308933856156;0.8334139837194544;1.0969916222596936;1.0971468398741013;0.7598160860607234;-0.12579399406360023;0.770123469634467
72.736929;1.0937656585225783;0.8331599185355629;0.76175807020911;0.12351840389575915;0.11290965317454912;1.0972354706368883;9.99930871060987;0.8334146843475236;1.0969934171976923;1.0971479185000612;0.7598150071547292;-0.12579399446401798;0.7701258156710622
72.746929;1.0937617840569236;0.8331631788668334;0.7617573263886478;0.12351797667748919;0.11290993723789698;1.0972365685476964;9.999307842736327;0.8334155083186999;1.0969951942946599;1.0971488919621486;0.7598139960001017;-0.12579399485894358;0.7701281665820585
72.756929;1.0937578501699312;0.8331665181506726;0.7617566235306058;0.12351755774265696;0.11291021328389947;1.0972376654697096;9.999306344816524;0.833416460631953;1.0969969633750005;1.0971497495750313;0.7598130477236886;-0.1257939952509766;0.770130524161223
72.766929;1.093753862816057;0.8331699317977391;0.761755962041291;0.12351714781122984;0.112910481250157;1.0972387605345848;9.999304235072254;0.8334175446974924;1.0969987350484445;1.0971504822548732;0.7598121565704441;-0.12579399564294597;0.7701328920895189
72.776929;1.0937498290955177;0.8331734138207268;0.7617553404383834;0.12351674738135761;0.11291074098292453;1.0972398540443793;9.99930154416451;0.8334187621425619;1.0970005200772865;1.0971510826771227;0.7598113161994172;-0.12579399603763813;0.770135275692057
72.786929;1.0937457576179181;0.8331769568453681;0.7617547561619423;0.12351635679454025;0.11291099222175853;1.097240947952101;9.999298321053411;0.8334201123591743;1.0970023293908595;1.097151545067027;0.7598105195403034;-0.1257939964377359;0.7701376816526196
72.796929;1.0937416587671942;0.8331805522412953;0.7617542064695233;0.12351597635722576;0.11291123475165814;1.0972420449443254;9.99929464413316;0.8334215932587882;1.0970041735049696;1.097151864973838;0.7598097591931637;-0.12579399684591952;0.7701401164789664
72.806929;1.0937375438081198;0.8331841904907065;0.7617536881035692;0.12351560637031578;0.11291146861678905;1.0972431470577428;9.99929062722436;0.833423202925676;1.097006061899506;1.0971520388067162;0.7598090278091827;-0.12579399726503776;0.770142584565502
72.816929;1.0937334240748433;0.8331878611333471;0.7617531971322156;0.12351524703511521;0.11291169428249026;1.097244254440508;9.999286401564339;0.8334249400887456;1.0970080025219167;1.0971520631390368;0.7598083177880887;-0.12579399769815816;0.7701450874951569
72.826929;1.0937293119904399;0.8331915527081901;0.761752729732548;0.12351489846495406;0.11291191254149881;1.097245364539673;9.99928208106259;0.8334268035630082;1.0970099995812816;1.0971519339885663;0.7598076213094406;-0.1257939981481594;0.7701476243724318
72.836929;1.0937252227703576;0.8331952536622126;0.7617522829075026;0.12351456095318875;0.11291212415160469;1.0972464728835203;9.999277739129562;0.8334287913776071;1.0970120512384043;1.097151647031063;0.7598069314205693;-0.1257939986170828;0.7701501930871334
72.846929;1.0937211735170962;0.8331989539806631;0.761751854932077;0.12351423524316608;0.11291232957042797;1.0972475752972397;9.999273402593733;0.8334308993592962;1.0970141506803095;1.0971511988429254;0.7598062431811289;-0.12579399910596356;0.7701527921705222
72.856929;1.093717179410232;0.8332026464597914;0.7617514457096962;0.12351392242379654;0.1129125290451979;1.0972486695325934;9.99926906200193;0.8334331200281488;1.0970162891010447;1.0971505868276912;0.7598055543714439;-0.12579399961531593;0.7701554216995437
72.866929;1.0937132510805994;0.8332063266292015;0.7617510562484078;0.12351362355802499;0.11291272284641024;1.097249755424131;9.999264699070936;0.833435442667443;1.0970184576297166;1.0971498078019142;0.7598048654795032;-0.12579400014566416;0.7701580825688044
72.876929;1.0937093956583437;0.8332099914756973;0.7617506876136366;0.12351333942601164;0.11291291132824714;1.0972508340630716;9.99926030813987;0.8334378544731331;1.0970206491154602;1.0971488584296198;0.7598041780650805;-0.12579400069766594;0.7701607748743001
72.886929;1.0937056194149073;0.8332136382201811;0.7617503401318265;0.1235130704660283;0.11291309489306789;1.0972519068145823;9.99925590148395;0.833440342186082;1.0970228594526497;1.0971477369718485;0.7598034927615125;-0.12579400127192228;0.770163496679865
72.896929;1.0937019290657097;0.8332172634822432;0.7617500126419005;0.12351281686940178;0.11291327406662498;1.0972529748256843;9.999251511353226;0.8334428931345526;1.0970250862839133;1.097146443175684;0.759802809224371;-0.1257940018686841;0.7701662440269107
72.906929;1.093698331596828;0.8332208626117616;0.7617497020855237;0.12351257875166954;0.11291344956757685;1.097254038528798;9.999247185826135;0.8334454952724969;1.0970273266986197;1.0971449774105981;0.7598021274783621;-0.12579400248774503;0.7701690119794282
72.916929;1.0936948345033166;0.8332244296793352;0.7617494036551781;0.12351235626969012;0.11291362218133373;1.097255096473543;9.99924297166177;0.833448136941167;1.0970295765839473;1.097143340445515;0.7598014484687986;-0.12579400312877384;0.7701717955480246
72.926929;1.0936914467483474;0.833227958004479;0.7617491117212959;0.12351214971621614;0.1129137925772127;1.0972561438406145;9.999238893298479;0.833450807180806;1.09703183157499;1.0971415328267953;0.7598007734385278;-0.12579400379159483;0.7701745893711922
72.936929;1.093688179029473;0.8332314401093295;0.7617488214552004;0.12351195951573846;0.11291396131698742;1.0972571715413806;9.999234943137068;0.8334534964751156;1.0970340884200604;1.0971395552137757;0.7598001035279831;-0.1257940044760128;0.7701773863146036
72.946929;1.0936850425689315;0.833234867334451;0.761748529835915;0.12351178600508236;0.11291412900418588;1.09725816683417;9.99923109111429;0.8334561975892586;1.0970363455027665;1.097137410151624;0.759799439974916;-0.12579400518147268;0.7701801764713372
72.956929;1.0936820468123214;0.8332382308195784;0.7617482356405403;0.12351162919866583;0.1129142963578374;1.0972591157034617;9.999227309738538;0.833458906137355;1.0970386019545841;1.0971351034925017;0.7597987839634534;-0.12579400590665174;0.7701829480531662
72.966929;1.0936791974232425;0.8332415229457579;0.7617479390201152;0.12351148869387621;0.11291446412376972;1.0972600057539925;9.999223598291652;0.8334616199244527;1.0970408559922222;1.0971326448806007;0.7597981357648135;-0.1257940066491232;0.7701856890023628
72.976929;1.0936764961116108;0.8332447370971202;0.7617476410711654;0.12351136370852318;0.11291463287742295;1.0972608270098574;9.99921998610295;0.8334643376222339;1.097043103538842;1.0971300463357347;0.7597974932879475;-0.12579400740565433;0.7701883872929159
72.986929;1.0936739427151965;0.8332478670977115;0.7617473436894509;0.1235112532169714;0.11291480282956866;1.0972615704418691;9.99921651296125;0.8334670582831453;1.0970453382034604;1.0971273195016988;0.7597968511810183;-0.12579400817296088;0.7701910311385823
72.996929;1.0936715379975521;0.8332509075650356;0.7617470497303634;0.12351115609093162;0.11291497382216592;1.097262227372029;9.999213202960505;0.8334697811840325;1.0970475524067573;1.0971244744953585;0.7597962017953868;-0.12579400894802772;0.7701936100760123
73.006929;1.093669284859003;0.8332538540450262;0.761746763403336;0.1235110712406407;0.1129151455784227;1.0972627909270063;9.999210047999005;0.8334725049709871;1.0970497382789601;1.0971215206127016;0.7597955365875448;-0.12579400972794397;0.7701961153766833
73.016929;1.0936671873727712;0.8332567028134763;0.7617464898172668;0.12351099776499634;0.11291531786356582;1.0972632582366657;9.999207005851025;0.8334752268508775;1.0970518886403526;1.0971184672013403;0.7597948468551072;-0.12579401050970174;0.7701985395279612
73.026929;1.0936652488323855;0.8332594504021423;0.7617462330429431;0.12351093502834701;0.11291549032717958;1.0972636314674493;9.999204008076095;0.8334779430341299;1.0970539983648562;1.0971153243675242;0.7597941249910274;-0.12579401128995032;0.7702008752846952
73.036929;1.093663470414021;0.8332620930849707;0.7617459947446827;0.12351088263274503;0.11291566238768468;1.0972639165102802;9.999200972329769;0.8334806497909562;1.0970560645104985;1.0971121034359528;0.7597933658147844;-0.1257940120650754;0.7702031145233359
73.046929;1.0936618513964176;0.8332646276817687;0.7617457748105236;0.12351084028113284;0.11291583348308987;1.0972641212979721;9.999197813524725;0.8334833434689327;1.0970580851502827;1.0971088168911007;0.7597925663162547;-0.12579401283190877;0.7702052490756608
73.056929;1.0936603900586586;0.8332670532580783;0.7617455726313167;0.12351080753795866;0.11291600336121604;1.0972642552573746;9.999194449966254;0.833486019375265;1.0970600585295998;1.0971054774094648;0.759791724374256;-0.1257940135882363;0.7702072735653406
73.066929;1.0936590834075384;0.8332693724855263;0.7617453872126021;0.12351078369585616;0.11291617194169692;1.097264328633379;9.99919080348873;0.8334886709411681;1.097061982766436;1.0971020952750652;0.7597908380949303;-0.12579401433239026;0.7702091863140654
73.076929;1.093657926173672;0.833271591961178;0.7617452158655934;0.12351076800357998;0.11291633900216903;1.097264351433282;9.999186795439229;0.833491290065792;1.097063855157752;1.0970986759028276;0.7597899057227343;-0.12579401506240484;0.7702109881925143
73.086929;1.0936569111057202;0.833273720746439;0.7617450534123656;0.12351076002923526;0.11291650415674014;1.097264332322502;9.999182347704599;0.8334938679294496;1.097065671005401;1.0970952210073777;0.7597889258095141;-0.12579401577554425;0.7702126818457474
73.096929;1.0936560302815712;0.8332757687838532;0.7617448935410994;0.12351075974705229;0.11291666700631948;1.0972642773914634;9.999177386123788;0.8334963956027911;1.0970674225998422;1.097091733188509;0.7597878981853932;-0.12579401646845334;0.7702142706444001
73.106929;1.093655275935286;0.8332777465245866;0.7617447308062879;0.12351076740386355;0.11291682725016056;1.0972641893177644;9.9991718310265;0.8334988649388688;1.0970690989519596;1.0970882195851739;0.759786824665635;-0.12579401713763164;0.7702157577077405
73.116929;1.0936546408025856;0.8332796642647715;0.7617445610103414;0.123510783359012;0.11291698475537036;1.0972640672087488;9.999165591322448;0.8335012693078948;1.0970706867432811;1.0970846914782966;0.7597857079563191;-0.12579401777986426;0.7702171463634487
73.126929;1.0936541183817352;0.8332815311776915;0.7617443806030926;0.12351080791931385;0.1129171395679306;1.0972639072297505;9.999158585655485;0.8335036033776986;1.0970721723175596;1.097081161401001;0.7597845506058087;-0.12579401839245227;0.7702184407997277
73.136929;1.0936537032638247;0.8332833551176485;0.7617441868882662;0.12351084128569775;0.11291729186226433;1.0972637034436694;9.999150761847936;0.8335058623476777;1.0970735438829644;1.0970776414035455;0.7597833560025213;-0.1257940189733981;0.7702196460341431
73.146929;1.09365339182516;0.8332851430368128;0.7617439784214941;0.1235108837171014;0.11291744181068605;1.0972634478942573;9.999142081648634;0.8335080408766304;1.0970747926778464;1.0970741430325144;0.7597821289909702;-0.12579401952170222;0.7702207679566858
73.156929;1.093653182660978;0.8332869010059952;0.7617437547868361;0.12351093567222232;0.11291758939246764;1.0972631304875584;9.999132497580916;0.8335101325193546;1.0970759129538914;1.0970706773882417;0.7597808741622272;-0.12579402003735923;0.7702218131625567
73.166929;1.093653076037056;0.8332886331591499;0.7617435170873289;0.12351099771195684;0.1129177342219321;1.0972627397845638;9.999121955948512;0.8335121304346275;1.0970769021128528;1.097067255039884;0.7597795939295772;-0.12579402052082836;0.7702227879221678
73.176929;1.0936530728210736;0.8332903410431739;0.7617432690072291;0.12351107039554896;0.11291787552223158;1.0972622651673822;9.999110412906944;0.8335140281159564;1.0970777613406748;1.0970638860411392;0.7597782881777909;-0.12579402097258863;0.7702236973152309
73.186929;1.0936531731220749;0.8332920240105425;0.7617430162054148;0.12351115429898396;0.11291801233749227;1.0972616996119258;9.999097844782822;0.8335158192873005;1.0970784961456956;1.097060579521923;0.7597769554290641;-0.1257940213930761;0.7702245451359747
73.196929;1.0936533743214052;0.8332936793471215;0.7617427639666874;0.12351124992997976;0.11291814375525643;1.0972610403136134;9.999084247396144;0.8335174978010458;1.0970791160191287;1.097057342810771;0.759775595051617;-0.125794021782587;0.7702253335701486
73.206929;1.093653670134603;0.8332953028955621;0.7617425155350218;0.12351135753082657;0.11291826893926321;1.0972602863234922;9.999069622756325;0.8335190582971188;1.0970796323441596;1.0970541809920604;0.7597742086863164;-0.12579402214113836;0.7702260629484731
73.216929;1.0936540527100853;0.8332968906522947;0.761742272478624;0.1235114769837391;0.11291838709586716;1.0972594368820094;9.999053968839267;0.8335204970458369;1.0970800558494003;1.097051097446924;0.7597727994655826;-0.1257940224685293;0.7702267323758846
73.226929;1.0936545147694638;0.8332984395468853;0.7617420357246322;0.12351160792270591;0.11291849742447285;1.097258492258627;9.999037282567567;0.8335218118727332;1.097080396075003;1.0970480943096366;0.759771371201312;-0.12579402276443763;0.7702273403162166
73.236929;1.0936550486173187;0.8332999473519712;0.7617418053972839;0.12351175001844465;0.112918599070502;1.0972574547846619;9.999019570472976;0.8335230012021442;1.097080662321288;1.0970451715562308;0.7597699287248674;-0.12579402302873127;0.7702278847471333
73.246929;1.093655645303256;0.8333014126347823;0.7617415797941552;0.12351190322593003;0.11291869114115939;1.0972563292948188;9.999000867626847;0.8335240633174632;1.09708086418733;1.0970423259960833;0.7597684769640418;-0.12579402326197975;0.7702283635791921
73.256929;1.0936562961413787;0.8333028342233039;0.7617413552557015;0.12351206776263499;0.11291877271662562;1.0972551233389207;9.998981259037773;0.8335249963483207;1.0970810117132448;1.0970395516909852;0.7597670189778398;-0.12579402346532914;0.7702287751783763
73.266929;1.0936569937685405;0.8333042101314542;0.7617411274119052;0.12351224388988277;0.1129188428266227;1.0972538467761337;9.998960888176066;0.8335257979834293;1.0970811150421025;1.0970368412780223;0.7597655554306318;-0.1257940236400327;0.7702291183244417
73.276929;1.093657731347853;0.8333055373142163;0.7617408925580667;0.12351243177609782;0.11291890050355051;1.0972525113520806;9.998939948180626;0.8335264644054059;1.0970811831519007;1.0970341882443844;0.7597640861548411;-0.12579402378776505;0.7702293917297649
73.286929;1.0936585013211408;0.8333068126853845;0.7617406482594573;0.123512631513262;0.11291894494373658;1.097251130611556;9.998918663103575;0.8335269898581766;1.097081222869741;1.097031589110766;0.7597626130756698;-0.1257940239111303;0.7702295940236763
73.296929;1.0936592959126892;0.833308033788766;0.7617403937262112;0.12351284309671025;0.11291897557932971;1.097249719396867;9.998897265255513;0.8335273678476163;1.0970812393853924;1.097029042760864;0.7597611416614498;-0.12579402401339856;0.7702297243432871
73.306929;1.0936601096209864;0.8333091987682656;0.7617401300413238;0.12351306629595762;0.11291899195749115;1.0972482926187315;9.998875974291959;0.8335275927949003;1.0970812376129964;1.0970265483904627;0.7597596792405322;-0.12579402409818646;0.7702297824768104
73.316929;1.0936609407463127;0.8333103070066032;0.7617398589905584;0.12351330063858414;0.11291899359908346;1.0972468638074426;9.99885499042807;0.8335276607080945;1.097081223305972;1.0970241058610481;0.759758232687881;-0.12579402416949037;0.7702297677514522
73.326929;1.0936617907122743;0.8333113599803161;0.7617395810574262;0.12351354565840902;0.1129189799610207;1.0972454440900155;9.998834501932476;0.8335275689763961;1.0970812033423873;1.097021717182003;0.7597568071789077;-0.12579402423141717;0.7702296773722765
73.336929;1.0936626628462043;0.8333123611336266;0.7617392951578024;0.12351380113206975;0.11291895045297533;1.0972440415842557;9.998814686031531;0.8335273157168039;1.0970811845656392;1.0970193859950734;0.7597554060124105;-0.12579402428775496;0.7702295061849098
73.346929;1.0936635615863135;0.8333133152690508;0.761739000087805;0.12351406701794022;0.11291890442003955;1.0972426611674053;9.998795692401126;0.8335268987008496;1.0970811720280087;1.0970171155650001;0.7597540318221699;-0.12579402434193102;0.7702292482165237
73.356929;1.0936644919985792;0.8333142280290579;0.7617386951811953;0.12351434325839492;0.11291884106174485;1.0972413051226622;9.998777621211524;0.8335263144293211;1.0970811685134647;1.0970149070917397;0.759752687664808;-0.1257940243971029;0.7702288984389111
73.366929;1.0936654590811248;0.8333151051303919;0.7617383795875795;0.12351462964365417;0.11291875936256016;1.0972399741721681;9.998760516893604;0.83352555823186;1.0970811756773453;1.0970127594667702;0.759751376072611;-0.125794024455961;0.7702284537607522
73.376929;1.093666466630449;0.8333159511138527;0.7617380519222403;0.12351492568617627;0.11291865816689672;1.0972386678980548;9.998744388388097;0.8335246251965984;1.0970811964011544;1.0970106704656777;0.7597500976488069;-0.1257940245202999;0.7702279125908486
73.386929;1.0936675171911505;0.8333167682213044;0.7617377110910606;0.12351523052068199;0.1129185364083308;1.0972373849881953;9.998729234759065;0.8335235110543856;1.0970812364181959;1.0970086381593096;0.7597488517560564;-0.12579402459078043;0.7702272735134461
73.396929;1.0936686139137264;0.8333175563520024;0.7617373568070575;0.12351554297782893;0.11291839331810151;1.0972361236166446;9.998715053913948;0.8335222127890028;1.0970813025231678;1.0970066616962943;0.7597476382998074;-0.12579402466727488;0.7702265349470987
73.406929;1.0936697618806313;0.8333183140116939;0.7617369889870612;0.12351586185785347;0.1129182285084835;1.0972348815185746;9.998701842597526;0.8335207287840449;1.097081399313233;1.0970047414677617;0.7597464580791855;-0.12579402474946197;0.7702256958151497
73.416929;1.0936709670803484;0.8333190395163302;0.7617366076291613;0.12351618612912292;0.11291804195368457;1.0972336558902926;9.998689599685767;0.8335190583757421;1.0970815281702238;1.0970028797133828;0.7597453117976551;-0.12579402483705174;0.770224755761057
73.426929;1.0936722347548833;0.8333197319119043;0.7617362140240393;0.12351651479624526;0.1129178339219114;1.0972324433997205;9.998678334207641;0.8335172015008884;1.097081688018552;1.09700108190587;0.7597441992332844;-0.12579402492982356;0.7702237146901482
73.436929;1.0936735687655328;0.833320391412581;0.7617358116405479;0.12351684666284113;0.11291760502463635;1.0972312406929023;9.99866807169626;0.8335151589881925;1.097081876271288;1.096999356535805;0.7597431187951453;-0.1257940250276338;0.7702225723988838
73.446929;1.0936749705551967;0.8333210194385521;0.7617354055792946;0.12351718029697109;0.11291735636675444;1.097230044818756;9.998658848604302;0.8335129335230994;1.0970820895727784;1.0969977124556953;0.7597420674503356;-0.1257940251303612;0.7702213285133547
73.456929;1.0936764368837455;0.8333216180317209;0.7617350019623738;0.12351751416327449;0.11291708948937097;1.0972288521208238;9.998650696891076;0.8335105304577616;1.097082323427603;1.0969961566914042;0.7597410413580631;-0.12579402523807007;0.7702199831557389
73.466929;1.0936779586015821;0.8333221889895966;0.7617346080210566;0.12351784677479927;0.1129168061057597;1.097227656454502;9.998643633596709;0.8335079571985365;1.0970825709553278;1.0969946938075459;0.759740036512452;-0.12579402535107434;0.7702185385050326
73.476929;1.093679522245728;0.833322733374477;0.7617342319396517;0.12351817679301073;0.11291650791174876;1.0972264490851305;9.998637663849395;0.8335052219363442;1.097082822882692;1.0969933254438458;0.7597390485618396;-0.12579402546969123;0.7702169992221887
73.486929;1.0936811138545635;0.8333232513228;0.7617338822689188;0.12351850307821995;0.11291619652376732;1.097225220855848;9.998632793406005;0.8335023334334306;1.0970830697755198;1.096992050596143;0.759738072652318;-0.12579402559420466;0.7702153710108058
73.496929;1.0936827230704735;0.8333237423542079;0.761733567047643;0.12351882463277242;0.11291587351330934;1.0972239646319857;9.998629032074408;0.8334993018197969;1.0970833042916215;1.096990867151257;0.7597371045717058;-0.1257940257249002;0.7702136600922689
73.506929;1.0936843450543066;0.8333242060435915;0.7617332928514081;0.12351914044429449;0.11291554053615442;1.097222675694431;9.998626372542086;0.8334961393526004;1.0970835209049419;1.0969897732163203;0.7597361422152399;-0.1257940258616094;0.7702118745368172
73.516929;1.093685979126228;0.8333246423930061;0.7617330647023758;0.12351944942587532;0.11291519940473359;1.0972213506926043;9.998624765409216;0.8334928598276911;1.0970837146550037;1.0969887675269467;0.7597351854925727;-0.12579402600322717;0.770210025043928
73.526929;1.0936876263443644;0.8333250515850807;0.761732886736598;0.12351975046647326;0.11291485200949039;1.0972199873532922;9.998624121141084;0.8334894762691675;1.097083881140254;1.0969878491386096;0.7597342351425274;-0.12579402614799723;0.7702081238631888
73.536929;1.093689288679579;0.8333254329377531;0.7617327622719915;0.12352004248875223;0.1129145002139075;1.0972185854952645;9.998624342366567;0.8334859989746518;1.097084017168497;1.0969870169194493;0.7597332921657137;-0.1257940262941371;0.770206182927377
73.546929;1.0936909692890477;0.8333257840805338;0.7617326931193357;0.12352032448287607;0.11291414582981668;1.097217148137727;9.998625355274287;0.8334824359570874;1.0970841216425387;1.0969862697444375;0.7597323583926497;-0.1257940264399726;0.7702042129256006
73.556929;1.0936926722413707;0.833326101126443;0.7617326792439504;0.12352059546601765;0.11291379059647286;1.097215681794745;9.99862710479446;0.833478795330753;1.0970841964962506;1.0969856077161426;0.7597314372675675;-0.1257940265837393;0.770202224208723
73.566929;1.0936944016949626;0.8333263787543183;0.7617327188040953;0.12352085447001347;0.11291343603074837;1.0972141957591872;9.998629529567193;0.8334750873630798;1.0970842468686264;1.0969850331827553;0.759730533899049;-0.1257940267233832;0.7702002280457569
73.576929;1.0936961616855911;0.8333266104004858;0.7617328081114526;0.12352110055348635;0.11291308323844113;1.0972126997910052;9.998632556457185;0.8334713244755918;1.0970842804522898;1.096984549315046;0.7597296544948966;-0.1257940268563085;0.7701982362507749
73.586929;1.0936979567124256;0.833326789044915;0.7617329426033687;0.1235213326396614;0.11291273287587386;1.097211201622143;9.99863611994445;0.8334675197762181;1.0970843060259556;1.0969841569054377;0.7597288055891805;-0.12579402697930187;0.7701962602575918
73.596929;1.0936997917135245;0.8333269070887025;0.7617331191127151;0.12352154930492416;0.1129123852457313;1.0972097070963815;9.998640178576972;0.8334636854230839;1.0970843309953136;1.0969838530471276;0.759727993026676;-0.12579402708883414;0.7701943108612679
73.606929;1.0937016709794372;0.8333269559954061;0.7617333366898092;0.12352174886501001;0.11291204041886724;1.0972082221412203;9.998644704312913;0.8334598317157641;1.0970843595671762;1.0969836329153302;0.7597272208080911;-0.1257940271815545;0.7701923978377784
73.616929;1.0937035969856013;0.83332692758349;0.7617335951324214;0.1235219297368548;0.11291169830459805;1.0972067536643748;9.998649659715792;0.8334559674497574;1.0970843938711035;1.0969834928200926;0.7597264905012945;-0.12579402725487554;0.7701905298795612
73.626929;1.0937055699618643;0.8333268155969644;0.7617338939702457;0.1235220906621689;0.11291135870677163;1.097205308540878;9.998654988662876;0.8334521009705772;1.0970844364955719;1.096983432372035;0.759725801274226;-0.125794027307328;0.7701887154397566
73.636929;1.0937075888598136;0.8333266160423305;0.7617342324285319;0.12352223069100639;0.11291102146243993;1.0972038915714475;9.998660612856407;0.8334482408687381;1.097084490841957;1.0969834545271757;0.7597251502130011;-0.12579402733829492;0.7701869634534194
73.646929;1.0937096529312573;0.8333263265970337;0.7617346091683842;0.1235223491785641;0.11291068652188106;1.0972025046689318;9.998666429041867;0.8334443957946276;1.0970845596016092;1.0969835637789478;0.7597245329710615;-0.12579402734755457;0.7701852832900229
73.656929;1.0937117622221366;0.8333259453188593;0.7617350221763173;0.12352244577761694;0.11291035383937907;1.0972011493226925;9.998672325449265;0.8334405739711277;1.0970846439244895;1.0969837641264977;0.7597239439726381;-0.12579402733498585;0.7701836840693804
73.666929;1.0937139171632633;0.8333254696328978;0.7617354687545018;0.12352252035757531;0.1129100232176751;1.0971998293809977;9.998678209154434;0.8334367835444089;1.097084744179248;1.096984058198729;0.7597233760243717;-0.12579402730021091;0.7701821737924315
73.676929;1.093716117807037;0.8333248968898167;0.7617359451613543;0.1235225730424011;0.11290969424937759;1.0971985499164425;9.998684015646317;0.8334330331097946;1.0970848616212796;1.0969844474545358;0.7597228205925839;-0.12579402724253477;0.7701807592611984
73.686929;1.093718362861121;0.8333242254265254;0.76173644678671;0.12352260437793508;0.1129093664312827;1.0971973151737777;9.998689704003226;0.8334293310895524;1.0970849993867473;1.0969849330672603;0.7597222688943007;-0.12579402716133598;0.7701794471414904
73.696929;1.0937206497225131;0.833323454125658;0.7617369694170397;0.12352261537421187;0.11290903943394319;1.097196129739062;9.998695257548997;0.8334256851974955;1.0970851619850146;1.0969855166281213;0.7597217124659092;-0.1257940270561824;0.7701782448190151
73.706929;1.0937229751613609;0.8333225813514776;0.7617375104612225;0.1235226073446664;0.11290871333770382;1.0971949999553627;9.998700685254216;0.8334221030113625;1.0970853538850935;1.0969862008953106;0.7597211426470664;-0.12579402692644995;0.7701771597117758
73.716929;1.093725335459451;0.8333216053584533;0.7617380692247143;0.1235225816519397;0.11290838859418877;1.0971939325242994;9.998706010145689;0.8334185922513611;1.0970855780976976;1.0969869916585728;0.7597205506727179;-0.12579402677086707;0.7701761979301407
73.726929;1.093727727257471;0.8333205255635392;0.7617386468070506;0.12352253950935921;0.11290806570665868;1.0971929325532954;9.998711255480652;0.8334151602239589;1.097085835783921;1.0969878983569739;0.7597199294152672;-0.12579402658746258;0.7701753638059683
73.736929;1.0937301495628005;0.8333193429501752;0.7617392461122137;0.12352248203068349;0.11290774495195635;1.0971920038056193;9.998716444187592;0.833411813018035;1.097086127362495;1.0969889316230024;0.7597192747774326;-0.12579402637418277;0.7701746599035252
73.746929;1.0937326052575553;0.8333180598989246;0.7617398716771949;0.12352241048253322;0.11290742633908331;1.0971911506539607;9.99872160276428;0.833408555186006;1.097086453837506;1.0969901002196003;0.759718585401669;-0.12579402612958876;0.7701740866995327
73.756929;1.09373510125119;0.8333166804884974;0.7617405294183213;0.1235223264253812;0.11290710972214461;1.0971903791472706;9.998726757526388;0.8334053907648785;1.0970868162399061;1.0969914102789862;0.7597178617789531;-0.1257940258528098;0.7701736426139637
73.766929;1.0937376472658389;0.8333152107119008;0.761741226281718;0.12352223165924044;0.11290679494771219;1.0971896962112866;9.998731928223073;0.8334023243449813;1.0970872138742407;1.0969928671467266;0.7597171057419198;-0.12579402554305158;0.770173324946851
73.776929;1.0937402535384981;0.8333136577516643;0.7617419691803403;0.123522128116348;0.11290648192641435;1.0971891080799225;9.998737129899773;0.8333993607448924;1.097087644365293;1.096994476764375;0.7597163203337539;-0.12579402519944838;0.7701731307364031
73.786929;1.093742928633652;0.8333120291820254;0.7617427638275833;0.12352201767867857;0.11290617065890744;1.0971886187412805;9.998742383856381;0.8333965042411026;1.097088105349709;1.0969962440625418;0.7597155092112053;-0.12579402482130322;0.7701730567526982
73.796929;1.0937456789846316;0.8333103331848888;0.7617436144104753;0.12352190192915231;0.11290586128379312;1.0971882292441355;9.998747723021049;0.8333937584403507;1.097088595266018;1.096998170812809;0.7597146756171919;-0.1257940244084747;0.7701730992969845
73.806929;1.093748509925348;0.8333085788770405;0.7617445234667163;0.12352178203997496;0.11290555407338201;1.0971879380980556;9.998753180384707;0.8333911271972714;1.0970891130177767;1.0970002564336063;0.7597138224399601;-0.1257940239618026;0.7701732544669538
73.816929;1.093751425980438;0.8333067754790339;0.7617454916073104;0.12352165884632922;0.11290524939063533;1.0971877414248705;9.998758773629492;0.8333886151911861;1.09708965765844;1.097002500382774;0.7597129531607809;-0.12579402348307073;0.770173518528997
73.826929;1.0937544297530741;0.8333049308089396;0.7617465177289315;0.1235215329456029;0.11290494765785393;1.0971876334438229;9.998764504935313;0.8333862265508736;1.097090227794467;1.097004902451583;0.7597120719050804;-0.1257940229743307;0.7701738882306479
73.836929;1.0937575206881878;0.8333030506602335;0.7617476001897588;0.12352140471160376;0.11290464920152934;1.0971876084236658;9.998770371717058;0.8333839636923421;1.097090820322306;1.0970074612162786;0.7597111828702449;-0.1257940224373694;0.7701743612800771
73.846929;1.0937606947685532;0.8333011401424686;0.7617487384297799;0.12352127424936556;0.11290435396230608;1.097187661932972;9.998776375097831;0.8333818282766611;1.0970914296049652;1.0970101736961295;0.7597102905841439;-0.12579402187371438;0.7701749363612476
73.856929;1.0937639457450625;0.8332992054671684;0.761749933416459;0.12352114134900685;0.11290406140886862;1.0971877904909655;9.998782523769695;0.8333798222155057;1.0970920476371935;1.0970130360685748;0.7597094000151481;-0.12579402128470324;0.7701756123415054
73.866929;1.0937672674377281;0.8332972539497207;0.761751186793594;0.12352100546448955;0.11290377085137172;1.0971879905324753;9.998788831007547;0.8333779468963997;1.0970926646409815;1.0970160432374396;0.7597085155529566;-0.12579402067150058;0.7701763877500615
73.876929;1.0937706558432616;0.8332952932309536;0.7617525000924137;0.12352086579483099;0.11290348188263019;1.0971882566901723;9.998795307840329;0.833376201567697;1.0970932706262122;1.0970191878621052;0.759707640694617;-0.1257940200352723;0.7701772610554275
73.886929;1.0937741095771152;0.8332933309194795;0.7617538739880267;0.12352072148651562;0.11290319458607329;1.097188581667716;9.998801964799135;0.8333745826632102;1.0970938580831455;1.0970224607751893;0.759706779105772;-0.12579401937737944;0.770178230337305
73.896929;1.0937776281607987;0.8332913740843985;0.7617553072622119;0.12352057179977488;0.11290290936214135;1.0971889581822203;9.998808818860404;0.8333730844099522;1.097094424088659;1.097025852585363;0.7597059352470327;-0.1257940186993222;0.7701792913935718
73.906929;1.0937812104692468;0.833289429336815;0.761756795827306;0.12352041611896405;0.11290262651850051;1.0971893790749907;9.9988158911958;0.8333716997630531;1.0970949707093112;1.0970293548422212;0.7597051136493832;-0.12579401800247078;0.7701804362166585
73.916929;1.0937848548453302;0.8332875038986776;0.761758332400847;0.12352025386513786;0.1129023460220599;1.0971898357510361;9.998823198435204;0.8333704213454685;1.097095503451867;1.0970329601931204;0.7597043179045727;-0.12579401728791254;0.7701816538076108
73.926929;1.093788559019235;0.8332856060821497;0.761759907881448;0.12352008446344326;0.1129020676137314;1.0971903181847664;9.99883075072684;0.8333692424848057;1.0970960288268508;1.0970366614145288;0.7597035505288575;-0.12579401655640454;0.7701829322390488
73.936929;1.0937923193075583;0.8332837450456253;0.7617615140828474;0.12351990743833484;0.1129017910661031;1.0971908159931567;9.99883855713932;0.8333681580097748;1.0970965534976158;1.0970404502060862;0.7597028133027334;-0.1257940158081027;0.7701842599313172
73.946929;1.0937961308521984;0.833281931130618;0.7617631455087353;0.12351972249263024;0.11290151631897269;1.0971913193974772;9.998846623283528;0.8333671646951283;1.0970970851522637;1.0970443185706273;0.7597021073001471;-0.12579401504228463;0.7701856258360424
73.956929;1.0937999891733448;0.8332801763148086;0.7617647989358869;0.12351952941664154;0.11290124341935893;1.0971918200088298;9.998854940176068;0.8333662610090821;1.0970976336758456;1.0970482616739161;0.7597014327297799;-0.12579401425754855;0.7701870196661522
73.966929;1.0938038917936193;0.8332784936110847;0.7617664721259876;0.12351932802242165;0.11290097239206509;1.0971923101359577;9.998863484664653;0.8333654456991515;1.0970982119354906;1.0970522774037643;0.7597007889714577;-0.1257940134524386;0.770188432383883
73.976929;1.0938078386637882;0.833276896401254;0.7617681636752328;0.12351911832439967;0.11290070324837283;1.0971927812556068;9.998872225198;0.8333647163851121;1.0970988347430022;1.0970563627601808;0.7597001746113565;-0.12579401262605092;0.7701898558832121
73.986929;1.0938118313128966;0.8332753986746616;0.7617698739161882;0.12351890066368143;0.11290043611746418;1.097193224445743;9.998881113903021;0.8333640699934262;1.0970995159474024;1.097060511518664;0.7596995871244386;-0.12579401177815897;0.770191282081089
73.996929;1.0938158714971973;0.8332740146771805;0.7617716049460888;0.12351867552601495;0.11290017134010621;1.0971936323899238;9.998890083021939;0.833363504363838;1.0971002664122722;1.0970647152327424;0.7596990227284789;-0.12579401090890857;0.7701927026435371
74.006929;1.0938199600506655;0.8332727576707855;0.7617733592061692;0.12351844332434112;0.11289990950495332;1.0971939999636395;9.998899056196224;0.8333630185613486;1.0971010940342736;1.0970689655847818;0.7596984765854964;-0.1257940100187285;0.7701941091435762
74.016929;1.0938240970528055;0.8332716390875521;0.7617751377907154;0.12351820431137955;0.11289965144202818;1.097194322803301;9.998907955367219;0.83336261178713;1.0971020049208335;1.097073255898006;0.7596979427057599;-0.1257940091086717;0.7701954926981904
74.026929;1.0938282828962962;0.8332706676663367;0.7617769398270782;0.1235179586555792;0.11289939807119628;1.0971945963476988;9.998916705086081;0.8333622827337654;1.0971030052142188;1.0970775820132177;0.7596974141368511;-0.12579400818053965;0.7701968433412989
74.036929;1.0938325191381948;0.8332698487588437;0.7617787632578329;0.12351770671155551;0.11289915008669474;1.0971948168209569;9.998925242975155;0.8333620295599307;1.0971041019597851;1.0970819417013027;0.7596968838270267;-0.12579400723624987;0.7701981500941542
74.046929;1.0938368092643265;0.8332691851242091;0.7617806063022109;0.12351744919365885;0.11289890770215238;1.0971949821573124;9.998933520991452;0.8333618497081952;1.0971053017782346;1.0970863324987552;0.7596963446813889;-0.12579400627719672;0.7701994018147635
74.056929;1.0938411582537146;0.8332686787418551;0.7617824688197831;0.12351718708785613;0.11289867068137506;1.0971950904670524;9.998941490236067;0.8333617399493188;1.0971066096714392;1.0970907509989967;0.7596957887682603;-0.12579400530462598;0.7702005880886827
74.066929;1.0938455704017345;0.8332683320532763;0.7617843523749978;0.1235169215463272;0.1128984386735373;1.0971951379337244;9.998949086761105;0.8333616970098161;1.0971080302537404;1.0970951929727106;0.759695207650771;-0.12579400432029422;0.7702016997765211
74.076929;1.0938500477483641;0.8332681479019138;0.7617862588946239;0.1235166538847906;0.11289821167663508;1.0971951197145964;9.998956234579898;0.8333617184482002;1.0971095695456716;1.0970996522604073;0.7596945936600948;-0.12579400332615553;0.7702027290945453
74.086929;1.093854590557997;0.8332681288599252;0.7617881895875885;0.12351638552010533;0.11289799028972819;1.0971950323903699;9.998962860625138;0.8333618034851715;1.0971112343626144;1.097104120874411;0.7596939404268456;-0.12579400232341867;0.7702036689660401
74.096929;1.0938591987171724;0.8332682766849373;0.7617901444865505;0.12351611775452029;0.1128977755692036;1.097194873984611;9.99896890343739;0.8333619531249696;1.0971130301313503;1.0971085912687082;0.7596932428340397;-0.12579400131233384;0.7702045120595253
74.106929;1.0938638730829784;0.8332685918396194;0.7617921222326625;0.12351585154160481;0.11289756877656988;1.0971946423478924;9.998974313111525;0.8333621692462228;1.0971149598323107;1.0971130581018804;0.7596924969606382;-0.12579400029302554;0.7702052508510545
74.116929;1.0938686162220095;0.833269073231101;0.7617941205901714;0.123515587414238;0.11289737126813884;1.0971943355470648;9.998979054938285;0.8333624537793751;1.0971170242314667;1.09711751784789;0.7596916998799996;-0.12579399926606064;0.7702058791443434
74.126929;1.093873431197611;0.8332697185147888;0.7617961375748161;0.12351532553078531;0.11289718429193195;1.0971939533815944;9.998983115879753;0.8333628091294751;1.0971192226062811;1.0971219676440256;0.7596908495770978;-0.1257939982321449;0.7702063936401924
74.136929;1.0938783193413215;0.8332705250071859;0.7617981723381138;0.12351506566771561;0.11289700862658673;1.097193497188495;9.998986508819208;0.8333632386084292;1.0971215534004901;1.0971264056931145;0.7596899449691293;-0.12579399719173476;0.7702067943440702
74.146929;1.0938832799517821;0.833271490937273;0.7618002251656789;0.12351480724410986;0.11289684450161812;1.097192969022598;9.998989276201522;0.8333637450974929;1.097124014418218;1.097130832084447;0.7596889856354432;-0.12579399614500061;0.7702070837703261
74.156929;1.0938883111582158;0.8332726161847481;0.761802296615829;0.12351454949146407;0.11289669196531794;1.0971923719243553;9.998991484874635;0.8333643297442216;1.097126602891991;1.0971352479991758;0.7596879715416687;-0.12579399509223657;0.7702072656009397
74.166929;1.0938934097174509;0.8332739021000448;0.7618043863759949;0.12351429161804725;0.11289655119991071;1.0971917107513425;9.998993208822233;0.8333649925945092;1.0971293147919254;1.097139654258506;0.7596869033204596;-0.1257939940346288;0.7702073438631026
74.176929;1.0938985715608804;0.833275351049637;0.7618064927518113;0.12351403295200565;0.11289642244090922;1.0971909922326517;9.99899451809849;0.8333657335559479;1.0971321439994448;1.0971440496260407;0.7596857832101868;-0.1257939929745674;0.7702073226870728
74.186929;1.0939037936789526;0.8332769657204445;0.7618086132881234;0.12351377312970163;0.11289630576692873;1.0971902240867666;9.998995484590688;0.8333665524934811;1.097135083171264;1.0971484295167762;0.7596846156695126;-0.12579399191523127;0.7702072056358688
74.196929;1.0939090737204227;0.8332787478830329;0.7618107455894036;0.12351351211467913;0.11289620091111265;1.0971894147943813;9.998996190745286;0.8333674488587474;1.0971381250269319;1.09715278700581;0.7596834065512349;-0.1257939908600001;0.7702069948133854
74.206929;1.093914407342416;0.833280697629074;0.7618128873407048;0.12351325001076953;0.11289610707959055;1.0971885738357472;9.998996731969832;0.8333684211528696;1.0971412624777979;1.0971571143906445;0.7596821619330708;-0.1257939898119014;0.7702066914380349
74.216929;1.0939197875757158;0.8332828137464574;0.7618150354296329;0.12351298699240898;0.11289602298045288;1.0971877105065542;9.998997212035153;0.8333694666793905;1.0971444882953576;1.0971614029894474;0.759680887970216;-0.12579398877323275;0.7702062981061082
74.226929;1.0939252072184493;0.8332850941815125;0.7618171849091384;0.12351272338761438;0.11289594709204219;1.0971868321483687;9.998997727564293;0.8333705820877298;1.0971477957902451;1.0971656426577758;0.75967959111108;-0.12579398774575393;0.7702058206111602
74.236929;1.0939306611281763;0.8332875360045798;0.7618193291639341;0.12351245967075988;0.11289587789847813;1.0971859437622513;9.99899835554508;0.8333717643483737;1.0971511806310608;1.0971698221041721;0.7596782786239943;-0.12579398673120007;0.770205268038311
74.246929;1.0939361456423182;0.8332901350043309;0.761821461346848;0.12351219632340127;0.11289581388130644;1.0971850484464913;9.998999156072127;0.8333730113382847;1.0971546411200102;1.0971739297862237;0.7596769597187503;-0.12579398573141878;0.7702046521120082
74.256929;1.093941656234059;0.8332928856306713;0.7618235754814193;0.12351193373043706;0.1128957533761879;1.0971841475264439;9.999000179661122;0.8333743216140395;1.0971581762438742;1.0971779558889057;0.7596756453908781;-0.12579398474808398;0.7702039867081717
74.266929;1.0939471866760704;0.8332957824178857;0.7618256662263658;0.12351167225405811;0.11289569456914747;1.0971832406811044;9.99900147543276;0.8333756928269006;1.0971617841880972;1.097181893702714;0.7596743463456419;-0.12579398378247544;0.7702032873448077
74.276929;1.09395272982862;0.8332988210734958;0.7618277283049502;0.1235114123253644;0.11289563565282826;1.0971823261947256;9.999003097163241;0.8333771195205564;1.0971654618681317;1.097185737691688;0.7596730716811757;-0.1257939828354523;0.7702025704866862
74.286929;1.0939582780153838;0.8333019976095343;0.7618297563419977;0.12351115431412923;0.11289557495248884;1.0971814006900666;9.999005096009167;0.8333785927774893;1.0971692045588617;1.0971894798801807;0.7596718296747541;-0.12579398190745972;0.7702018527831371
74.296929;1.0939638232571989;0.8333053072854835;0.761831744423414;0.12351089830557943;0.1128955109366793;1.0971804589227636;9.999007504518717;0.8333801021177845;1.0971730053376403;1.097193107906967;0.75967062887718;-0.12579398099856073;0.7702011499122771
74.306929;1.0939693580773706;0.8333087441352234;0.7618336857181528;0.12351064408022056;0.11289544217958186;1.097179494876456;9.999010330160194;0.8333816375670101;1.0971768546432068;1.0971966053658702;0.7596694779892925;-0.12579398010854598;0.7702004749062673
74.316929;1.0939748757113934;0.8333123010738688;0.7618355726949759;0.12351039134805768;0.11289536736551829;1.0971785030230912;9.999013562970125;0.8333831907663578;1.097180741142461;1.0971999536771273;0.7596683848202576;-0.12579397923717817;0.7701998366514676
74.326929;1.0939803692484227;0.8333159710573842;0.7618373971123612;0.12351013991850317;0.11289528535596816;1.0971774785527768;9.999017185431498;0.8333847560683246;1.0971846530757132;1.0972031340791382;0.759667355114434;-0.12579397838456166;0.7701992392815519
74.336929;1.093985830558497;0.8333197480092733;0.7618391497576729;0.12350988951952126;0.1128951953118676;1.0971764177513474;9.999021180203055;0.8333863322517179;1.0971885791246505;1.0972061285139894;0.7596663915716793;-0.12579397755143143;0.7701986832276964
74.346929;1.0939912497834714;0.8333236263080605;0.7618408209532779;0.12350963951222341;0.11289509685075765;1.0971753186773296;9.999025535944996;0.833387922883207;1.097192509819007;1.097208920017496;0.7596654935409667;-0.1257939767391175;0.7701981676724488
74.356929;1.0939966159314995;0.8333275999814409;0.7618424020805822;0.12350938894167163;0.11289499013269047;1.0971741812956488;9.999030247019464;0.8333895336056214;1.0971964378328387;1.0972114930056371;0.7596646579420444;-0.12579397594913966;0.7701976926725604
74.366929;1.0940019174877078;0.833331662831378;0.7618438869612957;0.12350913686448724;0.1128948757543613;1.0971730071044936;9.999035311673927;0.8333911691869011;1.0972003565300805;1.097213833186819;0.7596638808761031;-0.1257939751826197;0.7701972601650192
74.376929;1.0940071422877578;0.8333358091421095;0.7618452713719785;0.1235088825648402;0.11289475446811378;1.0971717984576677;9.999040731071684;0.8333928338987945;1.0972042598966174;1.097215927791709;0.7596631586183051;-0.1257939744399576;0.7701968740379967
74.386929;1.0940122782750457;0.8333400340419621;0.7618465515640228;0.12350862561273386;0.11289462691581566;1.097170558256073;9.999046497563153;0.8333945331608176;1.0972081435694145;1.097217766199556;0.7596624876185879;-0.1257939737211843;0.7701965392060082
74.396929;1.0940173149904637;0.833344333307468;0.7618477244977411;0.1235083658985732;0.1128944935371995;1.097169289833526;9.99905257733858;0.8333962731836679;1.097212004488763;1.0972193403592654;0.7596618644295317;-0.125793973026685;0.7701962602301462
74.406929;1.0940222443702972;0.8333487032488426;0.7618487890569883;0.1235081035665288;0.11289435459127227;1.0971679966082875;9.999058911950733;0.8333980604094162;1.0972158396843725;1.0972206455943017;0.7596612855970749;-0.12579397235769657;0.7701960403170696
74.416929;1.0940270607863238;0.8333531408372046;0.7618497460336143;0.12350783882726393;0.1128942102282196;1.0971666825037187;9.999065433584564;0.8333999024184452;1.0972196453403327;1.0972216819368068;0.7596607466935779;-0.12579397171642157;0.7701958811320799
74.426929;1.0940317597973535;0.8333576438957636;0.7618505974909587;0.12350757181278779;0.11289406068355556;1.0971653523437803;9.99907207002709;0.8334018080488976;1.0972234160817802;1.0972224539597923;0.7596602416977353;-0.12579397110574805;0.7701957834155112
74.436929;1.094036336562707;0.8333622111042993;0.7618513457813929;0.12350730255869571;0.11289390651926358;1.0971640106029221;9.999078745751524;0.8334037860106087;1.097227144763148;1.0972229683201544;0.759659764075068;-0.12579397052874614;0.7701957475723379
74.446929;1.0940407858439074;0.8333668414558405;0.7618519918341646;0.12350703105593593;0.11289374869961025;1.0971626596531694;9.999085386045929;0.8334058437555797;1.097230823425821;1.0972232319987103;0.7596593076660573;-0.1257939699882517;0.7701957738277251
74.456929;1.094045102057368;0.833371533990893;0.7618525346722159;0.12350675732692692;0.11289358844136602;1.0971612990908353;9.999091910743374;0.8334079867266169;1.097234444666412;1.0972232529710062;0.7596588659621473;-0.12579396948665472;0.770195862314193
74.466929;1.0940492788170249;0.8333762882958898;0.7618529729161003;0.12350648149356533;0.11289342695960143;1.097159926385966;9.999098225595898;0.8334102175844389;1.0972380017901031;1.0972230409779988;0.7596584320089007;-0.1257939690259647;0.7701960129276705
74.476929;1.09405331012529;0.8333811047322561;0.7618533063448648;0.12350620376146107;0.11289326527876377;1.097158538698475;9.99910422978033;0.8334125363237062;1.0972414876634662;1.0972226073286877;0.7596579999797102;-0.1257939686080604;0.770196224578964
74.486929;1.0940571922456863;0.8333859835526273;0.761853536633143;0.12350592434387628;0.11289310416243932;1.0971571350385299;9.999109836642372;0.8334149411088219;1.0972448934416907;1.0972219651200497;0.7596575662477163;-0.125793968234952;0.7701964943631796
74.496929;1.0940609240165113;0.8333909232192354;0.7618536669458196;0.12350564337040906;0.11289294412839318;1.0971557174125404;9.999114993780138;0.8334174285387592;1.0972482077888008;1.0972211295156185;0.7596571291370612;-0.12579396790890557;0.77019681763097
74.506929;1.0940645056518512;0.8333959195216681;0.7618537001320697;0.1235053607664505;0.11289278555024537;1.0971542902209042;9.999119684883558;0.8334199932557207;1.0972514169277143;1.0972201167735558;0.7596566883824571;-0.12579396763222989;0.7701971889749549
74.516929;1.0940679375331384;0.8334009659693207;0.7618536374986846;0.12350507625415917;0.11289262876672809;1.0971528587026107;9.999123911961313;0.8334226275996919;1.0972545055500351;1.0972189427627512;0.7596562448413348;-0.12579396740699392;0.7701976034694098
74.526929;1.0940712201074165;0.8334060541611639;0.7618534800035865;0.12350478953246856;0.11289247408935706;1.0971514280682417;9.999127681903156;0.8334253217175305;1.097257457881058;1.0972176222874817;0.759655800456857;-0.12579396723495037;0.7701980572053181
74.536929;1.0940743539114695;0.8334111742511149;0.7618532302240825;0.12350450041974792;0.11289232181166826;1.0971500031590753;9.999131006250082;0.8334280643424694;1.0972602591362453;1.0972161687828412;0.7596553579389989;-0.12579396711743282;0.7701985463070306
74.546929;1.094077339265506;0.8334163163542639;0.7618528926318553;0.12350420889089826;0.11289217230341403;1.097148587816967;9.999133905053794;0.833430844474507;1.0972628963347995;1.0972145940835794;0.7596549200581243;-0.12579396705538065;0.7701990654829363
74.556929;1.0940801767979271;0.8334214719764962;0.7618524722476039;0.12350391506710605;0.1128920260251402;1.0971471845334504;9.999136411896984;0.8334336527790971;1.0972653557499952;1.0972129092016119;0.7596544892727056;-0.12579396704978277;0.7701996073477023
74.566929;1.0940828674814007;0.8334266341075736;0.7618519730604845;0.12350361920381657;0.1128918834418237;1.097145794358617;9.999138575542817;0.8334364809855838;1.097267619777853;1.097211125665441;0.7596540680134571;-0.125793967102214;0.7702001622072228
74.576929;1.094085410636071;0.8334317962656385;0.7618513973608289;0.12350332174469675;0.1128917449959371;1.097144417223225;9.999140457866023;0.8334393210436608;1.09726966814801;1.0972092559974918;0.7596536592595202;-0.1257939672151204;0.7702007186238704
74.586929;1.0940878025449612;0.8334369518170706;0.7618507464764742;0.12350302331085748;0.11289161116204026;1.097143053540236;9.999142131193809;0.8334421662342705;1.0972714808276587;1.0972073128966724;0.759653266643945;-0.1257939673916333;0.7702012649338518
74.596929;1.0940900377000191;0.833442093776707;0.761850021908699;0.12350272453095877;0.1128914825890895;1.0971417061115425;9.999143669895744;0.8334450124426261;1.0972730386743834;1.0972053077375035;0.7596528940678092;-0.12579396763466752;0.7702017904587474
74.606929;1.094092111227031;0.8334472146158696;0.7618492257572155;0.1235024259489258;0.11289136026306389;1.0971403805464703;9.999145137727588;0.8334478576624684;1.0972743234784523;1.0972032498220856;0.7596525455916436;-0.12579396794579129;0.7702022860817935
74.616929;1.0940940206820857;0.8334523064019836;0.7618483606107496;0.12350212810437217;0.11289124547505691;1.0971390843400701;9.999146580221158;0.8334507007614957;1.0972753192827256;1.0972011472362275;0.7596522257022119;-0.12579396832468506;0.7702027444489041
74.626929;1.094095766378406;0.8334573610142085;0.7618474293160444;0.12350183154071576;0.11289113961570418;1.0971378253871242;9.999148023504125;0.8334535410338806;1.0972760149158973;1.0971990086090722;0.7596519397131802;-0.12579396876924304;0.7702031596922809
74.636929;1.0940973505329863;0.8334623697992427;0.7618464347583234;0.1235015366433129;0.11289104401535927;1.0971366104044002;9.999149474323506;0.8334563783535075;1.0972764058508084;1.097196843832949;0.7596516940791223;-0.1257939692760993;0.7702035274745859
74.646929;1.0940987761955758;0.8334673234432367;0.7618453795163613;0.12350124352641605;0.1128909599057843;1.0971354447708463;9.999150923814902;0.8334592128870131;1.0972764930065602;1.0971946620134998;0.7596514961705061;-0.12579396984127986;0.770203845610431
74.656929;1.0941000464636095;0.8334722128184993;0.761844265520539;0.1235009520793929;0.11289088841529099;1.0971343333539065;9.999152362691278;0.833462044301178;1.0972762802074179;1.0971924684215189;0.7596513532640065;-0.12579397046033752;0.7702041146249762
74.666929;1.0941011636879014;0.8334770299096801;0.7618430945857969;0.1235006619940263;0.112890830486538;1.0971332800154083;9.999153795597616;0.8334648713300733;1.0972757727690852;1.0971902641611047;0.7596512712722364;-0.12579397112814628;0.7702043378263623
74.676929;1.0941021286830135;0.8334817676418801;0.7618418698812932;0.12350037271726262;0.11289078676844277;1.097132286136483;9.999155236748456;0.8334676917705122;1.0972749765765606;1.097188048198057;0.7596512545310432;-0.12579397183927063;0.7702045200915018
74.686929;1.094102940365448;0.8334864189304447;0.7618405968587991;0.12350008351818924;0.11289075759612602;1.0971313500367879;9.99915669607733;0.8334705025360291;1.0972738976794307;1.0971858187806671;0.759651306718713;-0.12579397258877814;0.7702046660725693
74.696929;1.0941035956608547;0.8334909757181409;0.761839282878598;0.12349979369310056;0.1128907430412163;1.0971304682989127;9.999158175139579;0.8334733002918927;1.0972725422955785;1.0971835734658528;0.7596514315381084;-0.12579397337258444;0.7702047794491229
74.706929;1.0941040895223872;0.8334954285510556;0.7618379365192575;0.12349950276311052;0.11289074303052471;1.097129637557004;9.9991596732587;0.8334760826620997;1.0972709159864165;1.0971813081637627;0.7596516331431592;-0.12579397418722738;0.770204862877601
74.716929;1.0941044151900492;0.8334997674704349;0.7618365673370825;0.12349921055155538;0.11289075750357543;1.0971288540646087;9.99916118494098;0.8334788484866865;1.0972690230501214;1.0971790161742778;0.7596519167674081;-0.12579397502966974;0.7702049179039008
74.726929;1.0941045646909802;0.8335039832293909;0.7618351861485051;0.12349891701978273;0.11289078639435216;1.0971281122884562;9.999162689861718;0.8334815969000883;1.097266867009625;1.0971766889010803;0.7596522889865626;-0.1257939758972443;0.7702049448843044
74.736929;1.0941045296971539;0.8335080675528155;0.7618338056592711;0.12349862198270296;0.11289082940505905;1.0971274055961804;9.999164159930338;0.8334843273058357;1.0972644512078713;1.0971743180366484;0.7596527572891222;-0.12579397678751306;0.7702049434246558
74.746929;1.0941043028923527;0.8335120133185385;0.7618324400732175;0.12349832505749166;0.11289088589615738;1.0971267279880177;9.999165568327818;0.8334870400165812;1.0972617792735047;1.0971718972810802;0.7596533288280111;-0.12579397769811024;0.7702049139589011
74.756929;1.0941038793752789;0.8335158146032953;0.761831102877112;0.12349802590365346;0.11289095499794305;1.097126074268399;9.999166875711156;0.8334897350068284;1.0972588554528893;1.0971694232546674;0.7596540087944255;-0.12579397862667593;0.770204859510173
74.766929;1.0941032575105663;0.8335194661732643;0.7618298047438538;0.12349772446769114;0.11289103576217807;1.0971254395520371;9.99916801619301;0.8334924092350152;1.0972556846087411;1.097166896006419;0.7596548001538614;-0.12579397957096433;0.7702047860074165
74.776929;1.0941024389604648;0.8335229637897836;0.7618285532243874;0.12349742103450642;0.11289112733076806;1.0971248198308796;9.999168902098658;0.8334950551408542;1.0972522725066143;1.0971643179459625;0.7596557052190236;-0.12579398052926144;0.7702047013292675
74.786929;1.0941014275072611;0.8335263051417917;0.761827353216228;0.12349711610717982;0.11289122898216862;1.0971242123289633;9.999169435524939;0.8334976616414945;1.0972486268981627;1.0971616915176665;0.7596567267317758;-0.1257939815008076;0.7702046138306101
74.796929;1.0941002275904081;0.8335294898551107;0.7618262074043862;0.12349681019196124;0.11289133989785578;1.0971236144828618;9.999169521085161;0.8335002172808551;1.0972447585048557;1.0971590183449802;0.759657867076944;-0.1257939824854934;0.7702045310358729
74.806929;1.094098843909141;0.8335325188588012;0.7618251176563733;0.12349650361939622;0.11289145899850071;1.0971230227247541;9.999169079885839;0.8335027136403299;1.0972406805885149;1.097156300339349;0.7596591270425406;-0.1257939834828182;0.7702044591802087
74.816929;1.0940972817754337;0.8335353937323907;0.7618240870509868;0.12349619651110386;0.11289158508211694;1.0971224325875004;9.999168051755548;0.8335051469513012;1.0972364073729117;1.0971535406213044;0.7596605052015845;-0.12579398449122242;0.7702044021555805
74.826929;1.0940955476385283;0.8335381160923726;0.7618231201597018;0.12349588885858621;0.11289171702556336;1.0971218404731364;9.999166381571328;0.8335075175080041;1.0972319528366614;1.097150743727187;0.7596619979801432;-0.12579398550838297;0.7702043594259554
74.836929;1.0940936494280231;0.8335406877116498;0.7618222211043584;0.12349558060406529;0.11289185393242222;1.0971212453129027;9.999164000860233;0.8335098278360886;1.0972273304699482;1.0971479165245006;0.7596636006582391;-0.12579398653168994;0.7702043258600304
74.846929;1.094091596978428;0.8335431113053797;0.7618213917036196;0.1234952716389291;0.11289199522655716;1.0971206487537222;9.999160817789477;0.833512081052125;1.0972225537120743;1.0971450694659086;0.7596653088393055;-0.1257939875582754;0.7702042939704121
74.856929;1.0940894030515353;0.8335453907348837;0.7618206313197711;0.12349496181746561;0.11289214063696287;1.0971200558132799;9.999156729467115;0.8335142801756437;1.0972176372027167;1.0971422158470365;0.7596671191764196;-0.12579398858513394;0.7702042558660478
74.866929;1.0940870837295598;0.833547530592239;0.7618199379911889;0.12349465113291311;0.1128922900891202;1.0971194766063948;9.999151653500885;0.8335164278686255;1.097212598003059;1.0971393689988016;0.7596690288793901;-0.12579398960961213;0.7702042043317419
74.876929;1.0940846569977316;0.8335495364993297;0.7618193098277691;0.12349433990925403;0.11289244351450502;1.0971189256590956;9.999145558337316;0.8335185267440685;1.0972074546273116;1.0971365404618327;0.7596710344153956;-0.12579399062961197;0.7702041338166424
74.886929;1.0940821407992463;0.8335514158529579;0.7618187455828904;0.12349402877182893;0.1128926006214998;1.097118418141091;9.999138471872138;0.8335205805467487;1.0972022243809618;1.0971337404728865;0.7596731303455962;-0.12579399164341756;0.7702040406001764
74.896929;1.094079552364091;0.8335531773595998;0.7618182438877537;0.12349371845726481;0.11289276076197921;1.0971179667287216;9.999130455702598;0.833522594696088;1.0971969223092672;1.0971309789818253;0.7596753093023816;-0.1257939926495646;0.7702039221503115
74.906929;1.0940769084828679;0.8335548298119098;0.7618178025505264;0.12349340975581402;0.11289292295777295;1.097117580170412;9.999121559446506;0.8335245753107439;1.0971915622171313;1.097128266107093;0.7596775631135197;-0.1257939936466691;0.7702037770992167
74.916929;1.0940742251750468;0.8335563813418153;0.7618174192969952;0.12349310369720923;0.11289308606674024;1.0971172621187213;9.99911179635648;0.8335265276090862;1.0971861575380435;1.0971256119068795;0.7596798842225329;-0.1257939946333835;0.7702036054547196
74.926929;1.0940715164683172;0.8335578388782845;0.7618170931722602;0.12349280166155437;0.11289324901745974;1.0971170111626083;9.999101159958633;0.8335284542467225;1.0971807219844927;1.0971230251914144;0.7596822661306264;-0.1257939956086863;0.7702034080352317
74.936929;1.094068793457264;0.8335592073940628;0.7618168251022434;0.1234925051630123;0.1128934109905887;1.097116823106539;9.999089647351726;0.833530354441717;1.0971752705744005;1.0971205128008357;0.7596847028631631;-0.12579399657202164;0.7702031857393653
74.946929;1.0940660645487608;0.8335604892826768;0.7618166168687119;0.12349221552693912;0.11289357154449838;1.0971166931916745;9.999077252279076;0.8335322254385183;1.0971698199786355;1.0971180809331544;0.7596871890539761;-0.12579399752304996;0.770202939003407
74.956929;1.0940633362125565;0.8335616849639931;0.7618164694494027;0.12349193372886079;0.11289373070540545;1.097116616613177;9.999063943813574;0.8335340649229663;1.0971643876150945;1.0971157366992215;0.7596897201622576;-0.12579399846133474;0.7702026673304116
74.966929;1.0940606129948858;0.8335627946128927;0.7618163823461086;0.12349166040200925;0.11289388887532788;1.097116589140803;9.999049661127973;0.8335358711201685;1.0971589902535563;1.0971134878320385;0.7596922919530056;-0.12579399938626248;0.7702023693518217
74.976929;1.0940578969783363;0.8335638193103484;0.7618163535395412;0.12349139587832474;0.11289404658704356;1.0971166087948472;9.999034322791804;0.8335376411619911;1.09715364379572;1.0971113418643457;0.7596949005382173;-0.12579400029726245;0.770202043081871
74.986929;1.0940551874311266;0.8335647610882797;0.7618163789432574;0.12349114015888807;0.1128942043989574;1.097116677145125;9.999017842103425;0.83353937011455;1.0971483638507793;1.0971093056600552;0.7596975429654357;-0.12579400119409453;0.7702016854340338
74.996929;1.0940524811537997;0.8335656219282;0.7618164524667936;0.12349089300201777;0.1128943629492096;1.0971167992297617;9.999000150718837;0.8335410508658236;1.0971431647616197;1.097107384067477;0.7597002173822418;-0.12579400207669966;0.7702012918371813
75.006929;1.0940497741172266;0.8335664022730117;0.7618165680783338;0.12349065429868473;0.11289452293807149;1.097116982599905;9.998981215633247;0.833542675017175;1.0971380586678665;1.0971055782218295;0.759702922542633;-0.12579400294459234;0.7702008570875155
75.016929;1.0940470631283672;0.8335671009646499;0.7618167216460552;0.12349042429421936;0.112894685043728;1.0971172363672541;9.998961034250092;0.8335442346406563;1.0971330570181448;1.0971038851988155;0.7597056565917834;-0.125794003796781;0.7702003763922899
75.026929;1.0940443460827862;0.8335677162976419;0.7618169100519662;0.12349020331601418;0.11289484988609154;1.097117569975368;9.998939627562667;0.8335457229610779;1.0971281720981818;1.0971022989006494;0.7597084163076084;-0.12579400463247328;0.77019984567327
75.036929;1.094041621814261;0.833568246098391;0.761817129816262;0.12348999143878286;0.11289501803734951;1.0971179916790308;9.998917044517048;0.8335471336897537;1.0971234161423895;1.097100811087403;0.7597111977751372;-0.12579400545155084;0.7701992613204137
75.046929;1.0940388895362696;0.8335686871402089;0.761817377627282;0.12348978846946612;0.11289519004160502;1.097118507732563;9.998893359735188;0.8335484610561379;1.097118799288579;1.0970994123323128;0.7597139970983744;-0.12579400625439918;0.7701986196802015
75.056929;1.0940361477582337;0.8335690355242844;0.7618176510328382;0.12348959416012531;0.11289536639693809;1.0971191220462493;9.998868658376075;0.8335497009799772;1.0971143289262548;1.0970980935298285;0.7597168100027846;-0.12579400704141624;0.7701979170528543
75.066929;1.0940333948892762;0.8335692881464178;0.7618179476602829;0.12348940840459233;0.11289554754262858;1.0971198355199128;9.998843017429657;0.8335508518590727;1.0971100118556814;1.097096847121263;0.7597196314864602;-0.125794007812693;0.770197150069553
75.076929;1.0940306315670452;0.8335694438359966;0.7618182639844637;0.12348923118823688;0.11289573391940531;1.0971206451233582;9.998816494469041;0.8335519135611066;1.0971058570543215;1.0970956667136602;0.7597224560226105;-0.12579400856836456;0.7701963158375879
75.086929;1.0940278617248935;0.8335695036276098;0.761818594899606;0.12348906237475843;0.11289592602659586;1.0971215438758481;9.998789134018544;0.8335528851944265;1.0971018757227495;1.0970945464245634;0.7597252773012297;-0.12579400930916115;0.7701954121620012
75.096929;1.0940250909688187;0.8335694705527353;0.7618189342750935;0.12348890163809241;0.11289612439473173;1.0971225226759482;9.998760984347312;0.8335537643092863;1.0970980794259535;1.0970934813113018;0.7597280879269255;-0.12579401003633747;0.7701944374048235
75.106929;1.0940223240564633;0.8335693484723714;0.7618192759275948;0.12348874853085816;0.11289632947916076;1.0971235720613817;9.998732112549888;0.8335545484320713;1.0970944781928385;1.0970924682592778;0.7597308798348968;-0.12579401075118504;0.7701933897763832
75.116929;1.0940195639505694;0.8335691410200299;0.7618196136235503;0.12348860247856673;0.11289654149932143;1.097124682299831;9.998702615567725;0.833555236817132;1.0970910791245407;1.0970915062974655;0.7597336444448658;-0.12579401145470426;0.7701922670206053
75.126929;1.0940168124195273;0.833568852302668;0.7618199402265741;0.12348846278545414;0.11289676032789646;1.0971258430942068;9.998672621857729;0.8335558310577664;1.097087886926976;1.0970905956558907;0.7597363726490005;-0.12579401214763322;0.7701910667708763
75.136929;1.0940140700739154;0.8335684873515875;0.7618202480134771;0.12348832876588758;0.1128969855680007;1.0971270440105876;9.99864227876852;0.8335563347596054;1.0970849056995218;1.097089736036336;0.7597390561296924;-0.12579401283062464;0.7701897873855442
75.146929;1.0940113356740482;0.8335680510903182;0.7618205293297416;0.12348819978439421;0.11289721674989076;1.0971282756506229;9.998611732508628;0.8335567525058155;1.0970821389481316;1.0970889253201381;0.7597416890020735;-0.12579401350407632;0.7701884286851811
75.156929;1.0940086063854497;0.833567547943827;0.7618207755587124;0.12348807513536857;0.11289745346844494;1.0971295300830033;9.998581117205156;0.8335570891762715;1.0970795877001809;1.097088159714649;0.7597442673291604;-0.12579401416778999;0.7701869918226645
75.166929;1.0940058787683142;0.8335669824678835;0.7618209763139344;0.1234879539632372;0.11289769542984564;1.0971307993791743;9.998550558338945;0.8335573501703886;1.0970772495822687;1.097087435520741;0.759746786897777;-0.1257940148211017;0.7701854786521579
75.176929;1.0940031494003024;0.8335663597669396;0.7618211208753863;0.12348783529357422;0.11289794242549755;1.0971320746317954;9.998520174192077;0.8335575413750281;1.0970751201507478;1.0970867506742639;0.7597492419830637;-0.12579401546317467;0.7701838911994097
75.186929;1.094000415060888;0.8335656850869952;0.7618211997402221;0.12348771810281163;0.11289819426733745;1.0971333476792078;9.998490061820219;0.8335576685616584;1.097073194168786;1.0970861036658612;0.7597516261129273;-0.12579401609285895;0.7701822313539913
75.196929;1.0939976733494072;0.8335649627768574;0.7618212041305076;0.12348760131219;0.11289845077325865;1.0971346141000444;9.998460280526418;0.8335577364483687;1.0970714650405247;1.0970854911161576;0.7597539332731004;-0.1257940167084241;0.7701805011276763
75.206929;1.093994923648103;0.8335641961933851;0.7618211246826707;0.12348748373976742;0.11289871175460708;1.097135874868219;9.99843085797966;0.8335577477836392;1.0970699242156554;1.0970849072522244;0.759756158154842;-0.12579401730778828;0.7701787032227766
75.216929;1.0939921670341242;0.8335633887844681;0.7618209510313169;0.12348736414537276;0.11289897689407213;1.097137135558897;9.998401813335505;0.8335577039248414;1.0970685619301324;1.0970843448873695;0.7597582957750094;-0.12579401788916703;0.7701768410458666
75.226929;1.0939894066966338;0.8335625443953274;0.7618206724945177;0.12348724135393617;0.11289924559037126;1.0971384042538;9.998373172463067;0.8335576064375346;1.0970673683093768;1.0970837964341336;0.7597603414171924;-0.12579401845122198;0.7701749186343436
75.236929;1.0939866503210653;0.8335616664444984;0.7618202792757146;0.12348711440636907;0.11289951694654939;1.097139690072246;9.9983449742797;0.8335574571671333;1.0970663335701698;1.097083255575649;0.7597622909104746;-0.12579401899253256;0.7701729411359325
75.246929;1.0939839111745706;0.8335607574315989;0.7618197630446162;0.1234869827024357;0.11289978998887193;1.097141002445336;9.99831726855633;0.833557256541277;1.0970654472847647;1.0970827184516716;0.7597641409124342;-0.12579401951140853;0.7701709153956309
75.256929;1.0939812055929232;0.8335598194706326;0.7618191167352395;0.12348684611211279;0.11290006395970267;1.0971423502242705;9.998290094397724;0.8335570027786149;1.097064698195778;1.0970821826437123;0.7597658890115255;-0.12579402000606268;0.7701688502415971
75.266929;1.0939785485933577;0.8335588554382918;0.7618183349582012;0.12348670504744036;0.11290033840229075;1.0971437400419985;9.99826345390779;0.8335566935641326;1.0970640750249554;1.0970816455580574;0.7597675335401809;-0.12579402047457386;0.7701667558284094
75.276929;1.0939759502665727;0.8335578697172356;0.761817414889545;0.12348656041716295;0.11290061306318812;1.0971451742879939;9.998237310923848;0.8335563277786201;1.097063567597038;1.0970811041440753;0.759769073610696;-0.1257940209151263;0.7701646422945406
75.286929;1.093973415221993;0.8335568679703481;0.7618163561176929;0.12348641342373072;0.11290088777270879;1.0971466515122321;9.998211613672746;0.8335559053636608;1.0970631682560597;1.0970805558555452;0.7597705093778147;-0.12579402132668183;0.7701625191753744
75.296929;1.0939709454186692;0.8335558566303851;0.7618151600956528;0.12348626534815745;0.1129011622443729;1.0971481697566061;9.998186314430251;0.8335554271484061;1.0970628727456369;1.0970799992765874;0.7597718420110848;-0.1257940217094924;0.7701603956335089
75.306929;1.0939685436870896;0.8335548427412266;0.7618138299809107;0.12348611746203308;0.11290143584462675;1.097149728282682;9.998161374503924;0.8335548953424127;1.097062679529929;1.0970794332714564;0.7597730735048621;-0.12579402206525564;0.7701582807698972
75.316929;1.0939662154378107;0.8335538339839684;0.7618123698935125;0.12348597095576669;0.11290170754413781;1.0971513263000914;9.998136765078572;0.8335543133798458;1.0970625880544955;1.0970788562614764;0.7597742062146032;-0.12579402239694307;0.7701561840045544
75.326929;1.0939639689677123;0.8335528387192938;0.761810783885174;0.12348582682688962;0.1129019760122401;1.0971529616798636;9.99811247074163;0.8335536854308168;1.0970625971408803;1.0970782666287102;0.7597752423248868;-0.1257940227082384;0.7701541151570303
75.336929;1.0939618155309037;0.833551866288749;0.7618090754913501;0.12348568588234549;0.1129022397301762;1.0971546307074396;9.99808849098098;0.8335530164780386;1.0970627045001993;1.0970776634019739;0.7597761839828598;-0.1257940230028975;0.7701520840228245
75.346929;1.09395976838758;0.8335509270831852;0.7618072479221581;0.12348554882883386;0.11290249723495403;1.0971563284306622;9.998064843059542;0.8335523123411372;1.0970629073417382;1.097077047619864;0.7597770337565448;-0.12579402328459816;0.7701501002282934
75.356929;1.093957840063281;0.8335500312258076;0.7618053052493267;0.12348541626611881;0.11290274745451627;1.0971580491666701;9.998041568231534;0.833551579022603;1.0970632029021683;1.09707642299832;0.7597777950299776;-0.12579402355726993;0.7701481732073012
75.366929;1.0939560393989392;0.8335491866948106;0.761803254112559;0.12348528858277413;0.11290298978216;1.0971597868851923;9.998018724778248;0.8335508219656584;1.0970635883652302;1.0970757931336017;0.7597784726009092;-0.12579402382527366;0.7701463121369864
75.376929;1.0939543703710755;0.8335483991703638;0.761801104725148;0.12348516590859523;0.11290322383227701;1.0971615360430196;9.997996366647543;0.8335500453748662;1.0970640615652316;1.0970751580603546;0.7597790729231153;-0.125794024093038;0.770144526697954
75.386929;1.0939528329266865;0.8335476732569027;0.76179887051955;0.123485048217955;0.11290344920859699;1.0971632924796442;9.997974534937091;0.8335492519082492;1.097064622707075;1.097074514802296;0.7597796033645817;-0.12579402436450818;0.7701428274032429
75.396929;1.0939514245289277;0.8335470129843099;0.7617965667665142;0.12348493553971124;0.11290366547387128;1.0971650532422794;9.997953270498076;0.8335484437255141;1.0970652747713672;1.0970738602105967;0.7597800709175719;-0.12579402464290512;0.7701412241226752
75.406929;1.0939501413456512;0.8335464219508933;0.7617942095840889;0.12348482809888542;0.11290387221150448;1.0971668154714789;9.997932622249275;0.8335476235002979;1.0970660221693782;1.0970731916920782;0.7597804810086141;-0.12579402493072364;0.7701397246260641
75.416929;1.0939489791908883;0.8335459040115286;0.761791815533468;0.12348472626075278;0.1129040690200621;1.0971685751413334;9.997912641866652;0.8335467937006474;1.0970668693991554;1.097072505624003;0.7597808374339526;-0.12579402522991223;0.7701383343555719
75.426929;1.0939479347417154;0.8335454637173172;0.7617894008990549;0.12348463045462157;0.11290425546611087;1.0971703262569785;9.997893379953462;0.8335459558690406;1.0970678202348432;1.0970717963985563;0.7597811436445775;-0.1257940255421847;0.7701370563241697
75.436929;1.0939470062625711;0.8335451060784885;0.7617869804633047;0.12348454127700476;0.11290443112798328;1.097172060975745;9.997874878868899;0.8335451116244279;1.0970688775617665;1.0970710569031874;0.7597814036495923;-0.12579402586888;0.7701358902159671
75.446929;1.0939461920635398;0.8335448358371484;0.7617845655041691;0.12348445953750734;0.11290459569003111;1.097173771018087;9.997857157165802;0.833544263487117;1.097070044424888;1.0970702794969212;0.7597816215597976;-0.12579402621041655;0.770134831580553
75.456929;1.093945488090759;0.8335446566941341;0.7617821619952061;0.12348438604613571;0.11290474889895191;1.097175450201253;9.997840203014361;0.8335434133034746;1.0970713253612792;1.097069457428011;0.7597818007824652;-0.12579402656612432;0.7701338728973918
75.466929;1.0939448877643752;0.8335445710940097;0.7617797713361686;0.123484321427783;0.11290489044346773;1.0971770960662148;9.997823975662385;0.8335425604555197;1.0970727259843158;1.0970685857656837;0.7597819441311804;-0.12579402693452116;0.7701330060503244
75.476929;1.0939443837682945;0.8335445801905497;0.7617773932649253;0.12348426612797905;0.11290502003663802;1.097178708619231;9.997808409498784;0.8335417025293703;1.0970742514827352;1.0970676611719636;0.7597820543620389;-0.12579402731379807;0.7701322242881119
75.486929;1.0939439693569775;0.8335446834232934;0.761775028323535;0.1234842204556603;0.11290513766097605;1.0971802882677482;9.997793432602068;0.8335408364248356;1.0970759060316304;1.0970666818368235;0.7597821338630009;-0.12579402770244608;0.7701315228833111
75.496929;1.0939436382376924;0.8335448786949142;0.7617726788199883;0.12348418457945219;0.11290524369235097;1.0971818354092375;9.997778988682445;0.8335399580572895;1.0970776923495995;1.0970656484014543;0.7597821842788349;-0.12579402809959772;0.7701308984220387
75.506929;1.0939433845259914;0.8335451640391682;0.7617703488291662;0.12348415847699057;0.11290533886901996;1.0971833502971482;9.997765040551872;0.8335390620527361;1.097079610736227;1.0970645645955188;0.7597822072955455;-0.1257940285048702;0.7701303473172735
75.516929;1.0939432035545547;0.8335455391497543;0.7617680435416063;0.12348414199627569;0.11290542421936237;1.0971848326388467;9.99775156723237;0.833538142236012;1.0970816584817489;1.0970634359351235;0.7597822057527776;-0.12579402891797034;0.7701298646722883
75.526929;1.0939430921802824;0.8335460050092536;0.7617657679513019;0.12348413503699242;0.1129055009376752;1.0971862822491751;9.99773857134294;0.8335371920602254;1.097083829949786;1.0970622681168594;0.7597821837715569;-0.1257940293382558;0.7701294437942977
75.536929;1.093943047785527;0.8335465626833144;0.7617635259489799;0.12348413756051141;0.11290557021307804;1.097187699463091;9.997726075081454;0.8335362047697153;1.0970861171731798;1.0970610676396706;0.7597821459632847;-0.12579402976455406;0.7701290762454504
75.546929;1.0939430664551855;0.8335472126251924;0.7617613205545902;0.12348414951419018;0.11290563302706577;1.0971890841447811;9.99771409045485;0.8335351745460889;1.0970885098226997;1.0970598426733333;0.7597820968792496;-0.12579403019536764;0.7701287524728821
75.556929;1.093943141769851;0.8335479540767611;0.761759154092279;0.12348417093058793;0.11290568990908931;1.0971904351043407;9.997702599751655;0.8335340982097333;1.097090993881667;1.0970586018908481;0.7597820412904672;-0.12579403062884864;0.7701284625500396
75.566929;1.093943264821749;0.8335487843777503;0.7617570282547403;0.1234842020646967;0.11290574080639197;1.0971917502287074;9.997691568577991;0.8335329753315427;1.0970935510142017;1.0970573529939103;0.7597819842736402;-0.12579403106248563;0.7701281964415712
75.576929;1.0939434244924;0.8335496985285799;0.7617549447028849;0.12348424338765057;0.11290578518731659;1.0971930262600054;9.997680960823926;0.8335318069942073;1.0970961605697198;1.0970561026336316;0.7597819304973297;-0.125794031493304;0.7701279437844024
75.586929;1.0939436085797465;0.8335506894884284;0.7617529052123831;0.12348429550214578;0.112905822251937;1.097194259157024;9.997670737666144;0.8335305944096715;1.0970988027384894;1.097054857252538;0.7597818835539654;-0.12579403191846086;0.7701276939206381
75.596929;1.0939438063385565;0.8335517493191421;0.7617509109763184;0.12348435903342068;0.11290585110938577;1.0971954452310764;9.997660866142152;0.8335293378986116;1.097101459889823;1.0970536240190496;0.759781845810556;-0.12579403233524453;0.7701274363745743
75.606929;1.0939440102567177;0.8335528700220292;0.7617489621532876;0.12348443447154941;0.11290587097183653;1.0971965819504685;9.99765134164901;0.8335280373394365;1.0971041157851396;1.0970524116095766;0.759781818636567;-0.12579403274060777;0.7701271609953902
75.616929;1.0939442153616827;0.8335540433247524;0.7617470586530537;0.12348452203198382;0.1129058813934572;1.0971976691618215;9.997642188094776;0.8335266938116578;1.0971067545273334;1.097051229831776;0.7597818025317211;-0.12579403313129606;0.7701268581256608
75.626929;1.0939444168272303;0.8335552600508106;0.7617452015566472;0.12348462159760534;0.11290588229885459;1.0971987109132433;9.997633429384143;0.8335253103811754;1.0971093605655118;1.097050087617714;0.7597817970615219;-0.12579403350452373;0.770126519080165
75.636929;1.093944608327012;0.8335565102751427;0.7617433932735623;0.12348473276558876;0.11290587373821148;1.0971997158636932;9.997625067041266;0.833523891640309;1.097111919611749;1.097048992393642;0.7597818012430982;-0.12579403385816842;0.7701261357652668
75.646929;1.0939447826607578;0.833557784639972;0.761741636074426;0.12348485496685588;0.11290585570246416;1.0972006955739666;9.997617079710947;0.8335224431985261;1.0971144197237974;1.0970479513711409;0.7597818139007115;-0.1257940341903347;0.7701256999628411
75.656929;1.0939449328354856;0.8335590753324055;0.7617399312076802;0.12348498753332435;0.11290582813711594;1.097201662443285;9.997609430666795;0.8335209714320421;1.0971168522362358;1.0970469712882935;0.7597818333090831;-0.12579403449904702;0.7701252038238352
75.666929;1.093945051925738;0.833560375570657;0.7617382798566592;0.12348512975985694;0.11290579102782691;1.097202629022705;9.997602078204949;0.8335194835497912;1.0971192116502075;1.097046057340748;0.7597818574498978;-0.1257940347824815;0.7701246408920044
75.676929;1.0939451330581427;0.8335616786426352;0.7617366839174136;0.12348528098608436;0.11290574447090658;1.0972036082801733;9.997594996962716;0.8335179873687929;1.0971214931762798;1.0970452129786517;0.7597818857549035;-0.12579403503941497;0.7701240065381207
75.686929;1.0939451702884313;0.8335629776225493;0.7617351453322102;0.12348544053809453;0.11290568875148255;1.0972046134164934;9.997588200475667;0.8335164897672973;1.0971236888839853;1.097044439175711;0.7597819200082362;-0.12579403526924474;0.770123297533151
75.696929;1.0939451584524995;0.8335642652487252;0.761733665394535;0.12348560763143895;0.11290562446083083;1.0972056568943689;9.997581748148175;0.833514995527179;1.0971257859498331;1.097043734172007;0.7597819626431905;-0.12579403547168422;0.7701225110585581
75.706929;1.0939450915485478;0.8335655333790148;0.7617322446359485;0.12348578136991988;0.11290555256172224;1.0972067491377444;9.9975757371165;0.8335135082337919;1.0971277691959502;1.0970430950087513;0.7597820147865599;-0.1257940356467579;0.7701216444118035
75.716929;1.0939449624239563;0.8335667724929083;0.7617308831727807;0.123485960753192;0.11290547428468675;1.0972078971077552;9.99757028019129;0.8335120316540798;1.0971296254289278;1.0970425189748019;0.7597820761551407;-0.12579403579495532;0.7701206953500124
75.726929;1.0939447643304876;0.8335679718684489;0.7617295814017655;0.123486144672498;0.11290539086910659;1.0972091032895288;9.997565476332847;0.8335105703579613;1.0971313447647253;1.0970420030215213;0.7597821458982468;-0.1257940359171415;0.7701196619590208
75.736929;1.0939444922391441;0.8335691207565277;0.7617283396036351;0.12348633191654788;0.11290530336039742;1.0972103661533925;9.997561403072083;0.8335091297484695;1.0971329185597074;1.0970415416804342;0.7597822233177357;-0.1257940360142119;0.7701185424716354
75.746929;1.0939441439210589;0.8335702101493204;0.7617271565878331;0.12348652120852657;0.11290521265516779;1.0972116817559563;9.99755813757923;0.8335077152357578;1.0971343386401815;1.0970411263352637;0.759782308376588;-0.12579403608679532;0.7701173353203217
75.756929;1.093943720701893;0.8335712339085882;0.7617260297688724;0.12348671123389866;0.11290511963336522;1.0972130453574467;9.997555766998113;0.8335063312149382;1.097135599664281;1.0970407469036674;0.7597824022678463;-0.12579403613539394;0.7701160391126622
75.766929;1.09394322649328;0.8335721885794737;0.7617249570363769;0.12348690063639801;0.11290502516320637;1.0972144528954222;9.99755437273843;0.8335049807743173;1.0971367008301367;1.0970403935744348;0.7597825074864968;-0.12579403616062926;0.7701146526825016
75.776929;1.0939426663710963;0.8335730724045369;0.7617239389899971;0.12348708810419477;0.11290493008061023;1.0972159019956944;9.997554020002758;0.8335036655790762;1.0971376444226342;1.0970400571998251;0.7597826268082545;-0.1257940361631296;0.7701131748297724
75.786929;1.0939420458085831;0.8335738843414456;0.7617229795803542;0.12348727253257781;0.11290483522347726;1.0972173918527943;9.997554763168703;0.8335023861607084;1.0971384334514611;1.0970397290783038;0.7597827623282856;-0.1257940361435375;0.7701116040417416
75.796929;1.093941369424875;0.833574623244603;0.7617220837073345;0.12348745304721963;0.11290474141230142;1.0972189225402318;9.997556643950533;0.8335011425906278;1.0971390702141188;1.09703940094881;0.759782915354305;-0.12579403610286374;0.7701099391126398
75.806929;1.0939406401774334;0.8335752868658466;0.7617212543812691;0.12348762881666435;0.11290464938893693;1.097220495175184;9.997559680929397;0.833499933945794;1.0971395555943217;1.0970390655123297;0.7597830866236627;-0.12579403604268566;0.7701081801273756
75.816929;1.0939398602395467;0.8335758709648246;0.7617204926985777;0.1234877989221399;0.11290455980015492;1.0972221126895443;9.997563871877253;0.8334987570313795;1.0971398895882578;1.0970387169134752;0.7597832764614667;-0.12579403596498212;0.7701063291988627
75.826929;1.0939390320515314;0.8335763693680861;0.7617197992613535;0.12348796245296687;0.11290447318435698;1.0972237791961101;9.997569206911649;0.8334976060935062;1.0971400726570186;1.0970383504295946;0.7597834846509677;-0.12579403587183763;0.7701043907632098
75.836929;1.093938158271806;0.8335767751811387;0.7617191749357586;0.12348811859102196;0.1129043899290098;1.0972254973677524;9.997575673761633;0.8334964739586672;1.0971401067856696;1.097037962018094;0.7597837103331404;-0.12579403576534312;0.7701023705494386
75.846929;1.093937241814342;0.8335770821858319;0.7617186213080992;0.12348826651984461;0.1129043102778959;1.0972272653859136;9.997583253742022;0.833495354157901;1.0971399961526591;1.097037548875911;0.759783952699704;-0.1257940356476646;0.7701002736112107
75.856929;1.0939362872930452;0.8335772855960658;0.7617181407990361;0.12348840526545556;0.11290423448932795;1.097229075301387;9.997591918856669;0.8334942425193214;1.0971397471708262;1.0970371103541667;0.7597842119867236;-0.12579403552078414;0.7700981037797454
75.866929;1.0939353019895297;0.833577382583237;0.761717735828725;0.12348853356201109;0.11290416305627488;1.0972309144023713;9.99760163146372;0.833493137214068;1.0971393680143935;1.0970366474729356;0.7597844897607134;-0.12579403538583458;0.7700958650043002
75.876929;1.0939342944283819;0.8335773721001333;0.7617174076222213;0.1234886498161442;0.112904096661227;1.0972327691662809;9.997612343036314;0.8334920381713131;1.0971388682027001;1.0970361616493076;0.7597847887615572;-0.12579403524287877;0.7700935622714682
75.886929;1.0939332724794681;0.833577253478557;0.7617171555547404;0.12348875228041059;0.11290403586577705;1.0972346283137946;9.997623992165085;0.8334909468630064;1.0971382580073918;1.0970356546503213;0.7597851127989609;-0.12579403509153353;0.7700912011711428
75.896929;1.093932242852217;0.8335770253207545;0.7617169774512592;0.12348883934187255;0.11290398097157756;1.097236482871295;9.99763650403199;0.8334898658225743;1.0971375478188135;1.0970351294517298;0.7597854666482708;-0.12579403493153485;0.7700887874474291
75.906929;1.0939312117239857;0.8335766850269788;0.7617168709016373;0.12348890971319092;0.11290393214999034;1.0972383247692818;9.997649798761907;0.8334887966319896;1.0971367483908592;1.0970345908278962;0.7597858554727603;-0.12579403476273845;0.7700863270614581
75.916929;1.0939301860692003;0.8335762283320344;0.7617168351909464;0.12348896249911696;0.11290388955476632;1.097240145997515;9.997663805284848;0.8334877378499442;1.0971358720667566;1.0970340450521447;0.7597862832274644;-0.12579403458503735;0.7700838261961902
75.926929;1.0939291747825206;0.8335756498609224;0.7617168726104033;0.12348899712360617;0.11290385334435687;1.097241938116231;9.997678457482857;0.8334866859183859;1.0971349341192804;1.0970334980720717;0.759786751202697;-0.12579403439851877;0.7700812912692568
75.936929;1.093928188594547;0.8335749446764618;0.7617169882629998;0.12348901318312576;0.11290382374797481;1.0972436909789378;9.997693674445573;0.8334856379560855;1.0971339527272836;1.097032953742941;0.7597872586441297;-0.12579403420363197;0.7700787290575922
75.946929;1.0939272388656205;0.8335741089981437;0.7617171891108089;0.12348901049982373;0.11290380116275829;1.097245391789932;9.997709354559728;0.8334845931353344;1.0971329462909727;1.0970324145596795;0.7597878044651187;-0.12579403400104253;0.7700761467548917
75.956929;1.0939263363367109;0.8335731395875573;0.7617174830184315;0.123488989272473;0.11290378617486489;1.0972470259427156;9.99772538446855;0.8334835524360349;1.0971319294269328;1.0970318839098436;0.7597883877808044;-0.1257940337915405;0.7700735518014931
75.966929;1.0939254910344276;0.8335720330119414;0.7617178776203177;0.12348894999697912;0.11290377951545243;1.097248578846558;9.997741647122263;0.8334825180028458;1.0971309109305538;1.09703136735059;0.7597890078580066;-0.12579403357642882;0.7700709513011892
75.976929;1.0939247126309983;0.8335707856409016;0.7617183791959484;0.12348889334819212;0.11290378199797406;1.0972500371295335;9.997758029794948;0.8334814924242946;1.0971298949996242;1.097030871760325;0.7597896646959413;-0.12579403335778144;0.7700683515924964
75.986929;1.0939240094004976;0.8335693944897611;0.7617189919157483;0.12348882024791083;0.11290379449122367;1.0972513882890524;9.997774432529859;0.8334804781385542;1.0971288841691083;1.0970304030371223;0.7597903594631716;-0.12579403313799173;0.770065758189239
75.996929;1.0939233862593787;0.833567858987108;0.761719717225429;0.12348873188878251;0.11290381789040525;1.0972526200626398;9.997790769378547;0.8334794774256586;1.0971278811639902;1.0970299646526294;0.7597910943224665;-0.1257940329188516;0.770063175553844
76.006929;1.0939228440142992;0.8335661825232271;0.7617205539119881;0.12348862950681519;0.11290385300072325;1.097253721682373;9.997806962076194;0.8334784927255765;1.0971268883627014;1.0970295578545481;0.7597918722676614;-0.12579403270085251;0.7700606068529534
76.016929;1.0939223803907623;0.8335643717622633;0.7617214994466265;0.123488514055526;0.11290390045542849;1.0972546859258239;9.997822938114323;0.8334775263361138;1.0971259064073986;1.0970291822132128;0.7597926968720017;-0.12579403248315882;0.7700580539785337
76.026929;1.0939219914153446;0.8335624344677243;0.761722551100252;0.12348838615205895;0.11290396075376817;1.0972555089079636;9.997838636092018;0.8334765796203588;1.0971249336315911;1.0970288361715403;0.7597935715158703;-0.12579403226407185;0.7700555177033861
76.036929;1.0939216716873987;0.8335603783840604;0.7617237057314729;0.1234882462601849;0.11290403437231733;1.0972561881642182;9.997854005856443;0.8334756529967918;1.0971239663808847;1.0970285183874944;0.7597944984512064;-0.12579403204168355;0.7700529976497661
76.046929;1.0939214138429194;0.8335582112975479;0.7617249597680962;0.12348809468424912;0.11290412186824257;1.0972567220800602;9.997869005806754;0.833474747345016;1.097122999388682;1.0970282295195508;0.7597954786063573;-0.12579403181444865;0.7700504919751904
76.056929;1.0939212085856678;0.833555940918312;0.7617263102275522;0.12348793144629881;0.11290422387070989;1.0972571107344282;9.997883611386099;0.83347386568244;1.0971220260821153;1.0970279731750914;0.7597965127450138;-0.12579403158152183;0.7700479971982778
76.066929;1.0939210465535232;0.8335535741427103;0.7617277549337579;0.12348775636991628;0.11290434102047896;1.0972573561076302;9.997897823209835;0.8334730132106807;1.0971210393135393;1.0970277555513845;0.7597976023715483;-0.12579403134301426;0.77004550861251
76.076929;1.0939209211744616;0.8335511163066187;0.7617292913350756;0.12348756919173669;0.1129044738955156;1.0972574615273782;9.997911653910217;0.8334721957408018;1.0971200317290974;1.097027583471099;0.7597987487284773;-0.12579403109993226;0.7700430214212739
76.086929;1.0939208289762452;0.8335485714236442;0.7617309158308454;0.12348736954198883;0.11290462287764923;1.097257430886121;9.997925103904914;0.8334714184309034;1.0971189952975582;1.0970274615937474;0.7597999512205226;-0.1257940308534883;0.77004053239775
76.096929;1.0939207668901056;0.8335459436936244;0.7617326241040397;0.12348715705582189;0.1129047880840479;1.0972572674178962;9.997938150216106;0.8334706858551404;1.0971179214915097;1.0970273917940518;0.7598012066366537;-0.12579403060441585;0.7700380412062378
76.106929;1.0939207308972174;0.8335432389656743;0.7617344114407681;0.12348693162167458;0.1129049694647847;1.0972569735842561;9.997950753608754;0.8334700025519203;1.0971168028202678;1.0970273758993385;0.7598025090908307;-0.12579403035292938;0.7700355498344784
76.116929;1.0939207175762136;0.8335404642517721;0.7617362728777378;0.12348669342619238;0.11290516698961935;1.0972565533067422;9.997962876512043;0.8334693724556617;1.0971156342171624;1.0970274187616902;0.7598038504656691;-0.12579403009902282;0.7700330608659175
76.126929;1.0939207251191367;0.8335376256669178;0.7617382035425003;0.12348644278488691;0.11290538081937722;1.097256014000103;9.997974502365917;0.8334687968556808;1.0971144135602142;1.097027528479103;0.7598052212144544;-0.12579402984258387;0.7700305774454486
76.136929;1.0939207521350687;0.8335347269355555;0.7617401990563869;0.12348618002509952;0.11290561129583437;1.0972553657713269;9.997985637496827;0.833468272726478;1.0971131417066307;1.097027714107051;0.7598066109191831;-0.12579402958328528;0.7700281045600954
76.146929;1.093920796237748;0.8335317692867055;0.7617422556717641;0.12348590545901751;0.11290585865278413;1.097254619232573;9.997996286895868;0.833467793148623;1.0971118214414088;1.097027983306995;0.7598080086807294;-0.12579402932049258;0.7700256489934799
76.156929;1.0939208531737963;0.8335287522523099;0.7617443703851516;0.12348561929611271;0.11290612274141545;1.0972537846050932;9.998006431553353;0.8334673495288235;1.0971104554670483;1.0970283414032649;0.7598094044442442;-0.12579402905351084;0.7700232176443964
76.166929;1.0939209154556275;0.833525674909234;0.7617465409501638;0.12348532152572493;0.11290640303908628;1.0972528717578238;9.998016030011728;0.8334669337508607;1.0971090447471985;1.0970287911318337;0.7598107903173615;-0.1257940287821096;0.7700208166543553
76.176929;1.093920971246157;0.8335225370264863;0.7617487651008659;0.1234850119976312;0.11290669881387136;1.0972518900793506;9.998025028591831;0.833466538598363;1.0971075884555528;1.097029332546071;0.7598121608253924;-0.12579402850651383;0.7700184530366619
76.186929;1.0939210053915012;0.8335193393175628;0.7617510394254781;0.12348469062773798;0.11290700928762921;1.0972508487474413;9.998033358992595;0.8334661570003313;1.0971060856690198;1.0970299640050105;0.7598135129393206;-0.12579402822643979;0.7700161360861649
76.196929;1.09392100287522;0.8335160828143438;0.7617533591212106;0.12348435740847176;0.11290733370709168;1.0972497572639144;9.998040928320092;0.8334657811276869;1.097104536194227;1.0970306835456969;0.7598148452367732;-0.12579402794036385;0.7700138760818821
76.206929;1.0939209522622555;0.8335127682968508;0.7617557187600157;0.12348401232156975;0.11290767134767775;1.0972486255538534;9.998047624567748;0.8334654016009088;1.0971029393533513;1.0970314889212702;0.7598161557482407;-0.1257940276460377;0.7700116825794935
76.216929;1.0939208460516825;0.8335093960296762;0.761758113074944;0.12348365538829467;0.11290802159013855;1.0972474638711835;9.998053341901379;0.8334650080776325;1.0971012929739512;1.0970323770685455;0.7598174406657514;-0.12579402734155976;0.7700095644255971
76.226929;1.093920678915572;0.8335059657073746;0.7617605372875061;0.12348328672212783;0.1129083838943626;1.0972462819658115;9.998058005862106;0.8334645910106872;1.0970995934989456;1.0970333450756986;0.759818695359258;-0.12579402702601272;0.770007530590438
76.236929;1.09392044725635;0.8335024769166919;0.7617629872160205;0.12348290653035408;0.11290875750631565;1.0972450870810688;9.998061580662435;0.833464141817708;1.0970978363761696;1.0970343920411576;0.7598199164306959;-0.12579402669949574;0.7700055905625288
76.246929;1.0939201501320135;0.8334989298441898;0.7617654590817976;0.12348251517064925;0.11290914130312531;1.0972438832476898;9.998064061936837;0.8334636513841699;1.0970960159447118;1.0970355190250254;0.7598211027133563;-0.12579402636276998;0.7700037541425943
76.256929;1.0939197893533341;0.8334953258987036;0.7617679488725609;0.12348211315776758;0.11290953399672775;1.0972426733190568;9.998065467480867;0.8334631095898398;1.0970941252882693;1.0970367269728472;0.7598222544495072;-0.12579402601703174;0.7700020312732525
76.266929;1.0939193683413402;0.8334916681351441;0.761770451939442;0.12348170108756718;0.11290993429068032;1.097241460884821;9.998065824208304;0.8334625062880919;1.0970921574343888;1.0970380151595285;0.7598233717644451;-0.1257940256641473;0.7700004322949657
76.276929;1.0939188911438749;0.8334879609631743;0.7617729637818008;0.1234812796102593;0.11291034081446472;1.097240250078656;9.998065155442095;0.8334618321801032;1.0970901074113775;1.097039381164597;0.7598244537464995;-0.125794025306858;0.769998967739679
76.286929;1.0939183624700914;0.8334842098222393;0.7617754810122969;0.12348084946052354;0.11291075203183945;1.097239044556492;9.99806348393175;0.8334610797307963;1.0970879734966679;1.097040821027944;0.7598254979999466;-0.12579402494846867;0.7699976467565957
76.296929;1.09391778789848;0.8334804218994488;0.7617780008136866;0.12348041148282807;0.11291116619192997;1.0972378461591517;9.998060846992201;0.8334602450251798;1.0970857569771812;1.0970423289411841;0.7598265003213194;-0.12579402459240535;0.7699964752234371
76.306929;1.0939171736412294;0.8334766067059367;0.7617805194336681;0.12347996656327093;0.11291158136691946;1.09723665294757;9.998057301309872;0.8334593289879054;1.0970834615151925;1.0970438977131993;0.7598274546168478;-0.12579402424201522;0.7699954550129637
76.316929;1.093916526473202;0.8334727755518553;0.7617830312449073;0.12347951547303135;0.11291199560820081;1.0972354584088746;9.998052910180872;0.8334583363029194;1.097081094059666;1.0970455203097496;0.7598283534424644;-0.12579402390034447;0.769994584542837
76.326929;1.0939158540867706;0.83346894078743;0.7617855290260962;0.12347905878882014;0.11291240708819411;1.097234253956458;9.998047733917078;0.8334572735355599;1.0970786657791523;1.0970471912310087;0.7598291894899809;-0.1257940235698562;0.7699938601272319
76.336929;1.0939151652066734;0.8334651148676766;0.7617880048853372;0.12347859694070229;0.11291281412992565;1.0972330332111626;9.998041832514335;0.8334561479498853;1.0970761896774728;1.0970489069341793;0.7598299567998786;-0.12579402325243702;0.7699932772170621
76.346929;1.093914468294327;0.8334613092091766;0.7617904511514861;0.12347813035648797;0.11291321518678608;1.0972317940777014;9.99803526721562;0.8334549663742045;1.0970736767930742;1.0970506653825018;0.7598306505419272;-0.12579402294965303;0.7699928308604032
76.356929;1.0939137697833954;0.8334575337259761;0.7617928610764372;0.12347765967905987;0.11291360883903459;1.097230537073215;9.998028098054144;0.8334537340859356;1.0970711355375082;1.0970524649814346;0.7598312661990099;-0.12579402266294273;0.7699925157633888
76.366929;1.0939130751378445;0.8334537972214984;0.7617952288916274;0.12347718590456692;0.11291399376403174;1.0972292624527946;9.998020384415677;0.8334524547314962;1.0970685739775716;1.0970543038180793;0.7598317991577258;-0.12579402239386325;0.7699923265335924
76.376929;1.093912391896558;0.833450108058109;0.7617975492432854;0.12347671031299053;0.11291436866116925;1.0972279692663545;9.998012188573371;0.8334511313699267;1.0970660010345417;1.0970561807215247;0.7598322446947586;-0.1257940221445696;0.7699922580996504
76.386929;1.0939117302044237;0.8334464745811496;0.7617998168754061;0.12347623429710662;0.11291473223683342;1.097226656762348;9.998003575779553;0.8334497670706787;1.0970634253944291;1.0970580970109625;0.7598325985551683;-0.1257940219180116;0.7699923058357464
76.396929;1.0939111005692042;0.8334429053152413;0.7618020268187846;0.123475759274373;0.11291508327495461;1.097225326669212;9.99799460780296;0.8334483637403859;1.097060854988279;1.097060056350658;0.7598328582838393;-0.12579402171740642;0.7699924649300044
76.406929;1.0939105121217456;0.8334394091023365;0.7618041746455659;0.12347528664656357;0.1129154206746257;1.0972239841827822;9.997985334842365;0.833446920810559;1.0970582980601227;1.097062063364874;0.7598330238306704;-0.12579402154558497;0.7699927293618946
76.416929;1.0939099723986927;0.833435995291263;0.7618062567169775;0.12347481772452;0.11291574338276064;1.0972226368420486;9.997975794592822;0.8334454356619654;1.0970557639277514;1.0970641224499145;0.759833096605511;-0.12579402140503199;0.7699930918899219
76.426929;1.0939094874973299;0.8334326741826165;0.7618082705459539;0.12347435372938502;0.11291605023556897;1.097221292993096;9.997966022388951;0.8334439048093889;1.0970532625782332;1.0970662371541218;0.759833078472473;-0.12579402129840905;0.7699935447697814
76.436929;1.09390906214146;0.8334294572071201;0.7618102147244925;0.12347389584187794;0.112916339816973;1.0972199606500495;9.997956064503715;0.8334423249766741;1.0970508031698403;1.0970684105405308;0.7598329716776675;-0.12579402122859357;0.7699940793125715
76.446929;1.0939086996651601;0.833426355952819;0.761812087547942;0.12347344518956288;0.11291661055223023;1.097218646306745;9.997945983439022;0.8334406944547483;1.097048392375472;1.09707064525313;0.7598327792548852;-0.12579402119818306;0.7699946852670864
76.456929;1.0939084020801035;0.8334233805970234;0.7618138854781566;0.12347300293686808;0.11291686109842597;1.0972173541859667;9.997935854511589;0.833439014043331;1.0970460345456596;1.09707294224918;0.7598325052938063;-0.12579402120921748;0.7699953519074828
76.466929;1.0939081707594076;0.8334205391931175;0.7618156040246248;0.12347257043141885;0.11291709075209982;1.097216086710377;9.99792576271791;0.8334372864938813;1.0970437337877923;1.0970752995200648;0.7598321549004929;-0.12579402126316366;0.7699960694288202
76.476929;1.0939080067740476;0.833417837741803;0.7618172401466919;0.12347214909720511;0.11291729960111908;1.0972148457258952;9.997915798676015;0.8334355156065562;1.0970414962747603;1.0970777123075108;0.7598317337456661;-0.12579402136083123;0.7699968290447643
76.486929;1.0939079093803576;0.8334152804199217;0.7618187927804294;0.12347174023570492;0.11291748841630385;1.0972136325658501;9.997906044263724;0.833433706541045;1.0970393306211734;1.097080174753518;0.7598312468432856;-0.1257940215024359;0.7699976223013193
76.496929;1.0939078744297979;0.8334128699830311;0.7618202614750152;0.12347134503051613;0.11291765834492923;1.0972124466626687;9.997896560923541;0.8334318658279531;1.097037245462594;1.0970826814459362;0.7598306974806881;-0.1257940216880471;0.7699984401897413
76.506929;1.093907895890713;0.8334106077262586;0.7618216456222199;0.12347096459567422;0.11291781049564477;1.0972112850247075;9.997887391175835;0.8334299999575555;1.0970352477797392;1.0970852279148113;0.7598300880709109;-0.12579402191805697;0.7699992723009734
76.516929;1.0939079695401495;0.8334084932323673;0.7618229448783729;0.12347059990876885;0.11291794564222721;1.0972101430161798;9.997878560451811;0.8334281146091254;1.097033344710363;1.0970878105126671;0.7598294218553207;-0.12579402219311578;0.7700001066497714
76.526929;1.0939080951116513;0.8334065251047961;0.7618241596323615;0.12347025177549684;0.1129180642131526;1.0972090146157092;9.997870082262091;0.8334262151818452;1.0970315453694948;1.0970904262104428;0.7598287030761695;-0.1257940225136018;0.7700009306093298
76.536929;1.0939082754016691;0.8334047019282276;0.7618252909203925;0.12346992092303335;0.11291816645873771;1.0972078921749682;9.99786197262953;0.8334243072301161;1.09702985951337;1.0970930721478225;0.7598279364029726;-0.1257940228791828;0.7700017326568346
76.546929;1.0939085137539977;0.8334030224413643;0.761826340196651;0.12346960810483962;0.11291825257722557;1.097206766775271;9.997854257073769;0.833422396733537;1.0970282951700976;1.0970957447779432;0.7598271268925612;-0.1257940232888472;0.7700025038362285
76.556929;1.0939088128390864;0.8334014858252513;0.7618273093182985;0.12346931407082283;0.11291832275836303;1.0972056286739067;9.99784696235655;0.8334204907365422;1.0970268583669367;1.09709843950563;0.7598262797665416;-0.12579402374133608;0.7700032381608014
76.566929;1.0939091758407722;0.8334000924066446;0.7618282001871264;0.12346903940154834;0.1129183772338675;1.0972044672927084;9.997840104845157;0.8334185980107034;1.0970255554249027;1.0971011511160365;0.7598254002768351;-0.12579402423556393;0.7700039320428272
76.576929;1.0939096074699135;0.8333988435370266;0.7618290136659296;0.12346878435231633;0.11291841632075185;1.0972032720251923;9.99783368616565;0.833416728913344;1.097024395546418;1.0971038738536456;0.75982449420416;-0.12579402477061313;0.7700045826057563
76.586929;1.0939101124033945;0.8333977405263645;0.7618297486339167;0.12346854891463713;0.11291844038098375;1.097202034310956;9.99782769366594;0.833414894844036;1.0970233910346423;1.0971066008775094;0.7598235678952405;-0.12579402534531578;0.7700051859281127
76.596929;1.0939106920238835;0.8333967841281658;0.7618304018975658;0.12346833315421674;0.11291844970010766;1.097200749063562;9.997822104447932;0.8334131088078087;1.0970225552935706;1.0971093237954752;0.7598226274254796;-0.12579402595799835;0.7700057372055091
76.606929;1.0939113429496634;0.8333959746668984;0.7618309692256828;0.12346813747190177;0.11291844435629825;1.097199414384105;9.997816901958972;0.8334113860159317;1.0970219002083705;1.097112033198138;0.7598216774555272;-0.12579402660683542;0.7700062319445923
76.616929;1.09391205963202;0.8333953112455212;0.7618314474131676;0.12346796247040867;0.1129184242225911;1.0971980305696771;9.997812096327904;0.8334097423136044;1.0970214341771478;1.0971147209844194;0.7598207203612083;-0.12579402729038014;0.7700066664267338
76.626929;1.0939128381182215;0.8333947905685594;0.7618318356037038;0.12346780867511876;0.1129183891164378;1.0971965995707966;9.997807729092948;0.833408192134429;1.0970211622426331;1.0971173830682468;0.7598197568097844;-0.12579402800757944;0.770007038199887
76.636929;1.0939136770628293;0.8333944073187584;0.7618321346543888;0.12346767645937266;0.11291833887842952;1.097195124801525;9.99780386773443;0.8334067483063184;1.0970210877374273;1.0971200203306817;0.7598187875771074;-0.12579402875741214;0.7700073472478723
76.646929;1.093914576154344;0.8333941552076689;0.7618323461199373;0.12346756609567604;0.11291827335610424;1.0971936100363264;9.997800600219563;0.833405422227213;1.0970212129001198;1.0971226377408616;0.7598178147084912;-0.12579402953882873;0.7700075963798535
76.656929;1.0939155347440022;0.8333940272261702;0.7618324724044235;0.12346747763701062;0.11291819249548422;1.0971920572512062;9.9977980202119;0.8334042233494726;1.0970215381093287;1.0971252423181905;0.7598168413547429;-0.12579403035099793;0.7700077897057482
76.666929;1.0939165529315482;0.8333940157404897;0.7618325176505735;0.12346741074186339;0.11291809647843423;1.0971904660759235;9.99779619734522;0.8334031592341214;1.0970220614302941;1.0971278411133067;0.7598158707825946;-0.12579403119341698;0.770007930895552
76.676929;1.0939176331358076;0.83339411271241;0.7618324877261154;0.1234673648076063;0.11291798566752283;1.0971888361859765;9.997795153657888;0.8334022357155666;1.0970227785671591;1.0971304403989208;0.7598149054696061;-0.12579403206587295;0.7700080229581195
76.686929;1.0939187789032054;0.8333943098010996;0.7618323889024499;0.12346733922017532;0.11291786041772356;1.097187169619623;9.997794868975635;0.8334014561308456;1.0970236828481514;1.097133045813779;0.7598139474560193;-0.12579403296844013;0.7700080683746472
76.696929;1.0939199924514937;0.8333945981601117;0.7618322277070135;0.123467333377703;0.11291772098849812;1.0971854704783048;9.9977953028573;0.8334008207277851;1.0970247663685075;1.0971356631666767;0.7598129998665177;-0.1257940339013286;0.7700080686799375
76.706929;1.0939212732959254;0.8333949678614105;0.7618320125590345;0.12346734667834237;0.11291756760420683;1.0971837429809115;9.997796410096129;0.8334003271188564;1.0970260220437758;1.09713829919832;0.7598120676541045;-0.12579403486432872;0.77000802460968
76.716929;1.0939226176975814;0.8333954076826324;0.7618317541733501;0.12346737865407004;0.11291740054443028;1.0971819907819462;9.997798151388862;0.8333999714179737;1.0970274442400187;1.0971409612007357;0.7598111563270746;-0.1257940358563321;0.7700079370445055
76.726929;1.093924018566101;0.833395905628105;0.7618314642934014;0.12346742906860171;0.11291722008510059;1.0971802187101383;9.997800501617075;0.833399749289242;1.0970290267548548;1.097143655966081;0.7598102702551349;-0.12579403687535548;0.7700078074422969
76.736929;1.093925466098632;0.833396450236129;0.761831155068558;0.12346749782295553;0.11291702628185685;1.0971784339684916;9.997803449113619;0.8333996561632965;1.0970307608733285;1.0971463887108575;0.7598094117914905;-0.12579403791850213;0.7700076379711596
76.746929;1.0939269491606967;0.8333970319476961;0.7618308392439314;0.12346758474304313;0.11291681885853132;1.0971766450349698;9.997806992868885;0.833399687272287;1.0970326369497896;1.0971491622624578;0.7598085808040131;-0.12579403898177657;0.770007432164222
76.756929;1.093928456510889;0.8333976425195533;0.7618305296088449;0.12346768942943005;0.1129165973539187;1.0971748603971785;9.997811142428969;0.8333998379886501;1.0970346469589647;1.0971519772381835;0.7598077752014254;-0.12579404006049927;0.7700071953735514
76.766929;1.0939299783475664;0.8333982728113353;0.7618302375340881;0.12346781136010535;0.11291636142378518;1.0971730882023747;9.99781591420906;0.8334001035795334;1.0970367837242623;1.097154833166209;0.7598069923514766;-0.12579404115015602;0.77000693504617
76.776929;1.0939315086955748;0.8333989115924996;0.7618299723403847;0.12346795021922204;0.1129161110892968;1.0971713360480364;9.997821326979265;0.8334004783586871;1.0970390386739384;1.097157729640855;0.7598062296814053;-0.1257940422469058;0.770006660934796
76.786929;1.0939330454627851;0.8333995458834165;0.7618297421463115;0.12346810605403935;0.1129158467159101;1.0971696108206055;9.997827398707757;0.833400955208488;1.097041401332828;1.0971606663453455;0.7598054843305495;-0.12579404334761482;0.7700063843733563
76.796929;1.0939345871869846;0.8334001616623982;0.7618295546898756;0.1234682790806331;0.11291556879351652;1.0971679191354657;9.997834143271087;0.8334015264021971;1.0970438599342165;1.0971636415761763;0.7598047531233776;-0.12579404444980455;0.7700061169814415
76.806929;1.0939361301846755;0.8334007446724656;0.7618294179050366;0.12346846944089888;0.11291527777876692;1.0971662686271308;9.997841574536636;0.8334021851492821;1.0970464018048753;1.0971666517319951;0.7598040325799054;-0.1257940455516488;0.7700058698874465
76.816929;1.0939376678476747;0.8334012813755018;0.7618293409139089;0.12346867711003333;0.11291497398673815;1.0971646687724197;9.997849714126758;0.8334029256741964;1.097049013098622;1.0971696937557975;0.7598033185825106;-0.12579404665185515;0.7700056537714652
76.826929;1.0939391911295981;0.8334017598656145;0.7618293340688403;0.12346890189782939;0.11291465750142722;1.097163129954114;9.997858586114523;0.8334037420299177;1.0970516791014768;1.0971727685214354;0.7598026074342898;-0.12579404774941047;0.7700054791703127
76.836929;1.0939406898260065;0.8334021706058787;0.761829407400129;0.12346914353031561;0.11291432826691855;1.097161662183237;9.997868205366727;0.8334046278170164;1.097054386416368;1.0971758820391508;0.7598018984649716;-0.12579404884322629;0.7700053566604438
76.846929;1.093942154144837;0.8334025064634791;0.7618295695107653;0.12346940174634592;0.1129139862914606;1.0971602751232996;9.997878575795285;0.8334055772013856;1.0970571250296395;1.0971790429195887;0.7598011955761076;-0.12579404993185644;0.7700052973800923
76.856929;1.0939435756565912;0.8334027617668459;0.7618298279109711;0.12346967617771411;0.11291363175694688;1.0971589791515086;9.997889693307162;0.8334065859733149;1.097059888417249;1.0971822582235347;0.7598005066355761;-0.12579405101341468;0.7700053132294983
76.866929;1.0939449479753;0.833402931007755;0.7618301891308402;0.12346996612457539;0.11291326504261091;1.0971577859394046;9.99790155090331;0.833407651345224;1.0970626721940342;1.097185531458939;0.7597998421090757;-0.12579405208559735;0.7700054155175735
76.876929;1.0939462666846833;0.833403007822401;0.7618306574419291;0.12347027059278176;0.11291288675547559;1.0971567070624615;9.9979141429827;0.8334087709088092;1.0970654723616111;1.0971888628567494;0.7597992139074797;-0.12579405314600994;0.7700056133854077
76.886929;1.093947527566454;0.8334029847011287;0.7618312336756493;0.12347058847640914;0.11291249772058304;1.0971557523122077;9.997927452792487;0.8334099420032826;1.0970682848724334;1.097192249964004;0.7597986342731624;-0.12579405419256748;0.7700059140026118
76.896929;1.0939487252712783;0.8334028540205022;0.7618319162872199;0.12347091862257278;0.11291209883370099;1.0971549301834786;9.997941434761339;0.8334111618526905;1.09707110643384;1.0971956877354214;0.7597981150556344;-0.1257940552232503;0.7700063239246743
76.906929;1.093949853477317;0.8334026098398283;0.7618327037022634;0.12347125982729934;0.11291169088825359;1.0971542485705337;9.997956017695959;0.8334124279264538;1.097073934882281;1.0971991683752198;0.7597976674777935;-0.1257940562356295;0.7700068499300255
76.916929;1.0939509049594482;0.8334022484339342;0.7618335950092464;0.12347161084722241;0.11291127454400367;1.097153713486336;9.997971122888458;0.833413737165312;1.0970767693262045;1.0972026815686184;0.7597973014037637;-0.12579405722691014;0.770007498750857
76.926929;1.0939518720481007;0.8334017671971546;0.761834589198048;0.123471970433928;0.11291085039482913;1.0971533278836079;9.997986680358538;0.8334150844414824;1.0970796105772829;1.0972062158529106;0.7597970244654931;-0.12579405819417222;0.7700082757172872
76.936929;1.093952747996214;0.8334011638114006;0.7618356849512956;0.12347233732840063;0.11291041903011619;1.097153092663445;9.998002641038736;0.8334164624358682;1.0970824609673622;1.0972097610882725;0.7597968426627922;-0.12579405913456507;0.770009182864049
76.946929;1.0939535286125899;0.8334004363034108;0.7618368807610969;0.12347271020693393;0.11290998104664748;1.0971530085528056;9.998018984910823;0.8334178632876388;1.0970853228187487;1.0972133097456427;0.7597967617727512;-0.12579406004561747;0.7700102178943918
76.956929;1.0939542139805958;0.8333995830999367;0.7618381745732148;0.12347308770705086;0.11290953709419957;1.0971530764489166;9.998035712195701;0.8334192803752675;1.09708819657171;1.0972168552222232;0.7597967878813778;-0.1257940609254387;0.7700113748375907
76.966929;1.0939548080751877;0.8333986029405226;0.7618395632302563;0.12347346852226632;0.1129090880720647;1.097153296161476;9.998052820142668;0.8334207086523735;1.0970910803248795;1.0972203901210866;0.7597969272489422;-0.12579406177255117;0.7700126461151251
76.976929;1.0939553154292083;0.8333974951459174;0.7618410418080713;0.12347385143007482;0.11290863530282934;1.0971536649880391;9.998070294775262;0.8334221435684096;1.0970939707992025;1.0972239074248131;0.7597971855555599;-0.1257940625856647;0.7700140250288688
76.986929;1.0939557386185035;0.8333962603750981;0.7618426029678979;0.12347423529695918;0.1129081804289723;1.0971541768062227;9.998088120300407;0.8334235801070675;1.0970968641775392;1.0972274020414012;0.759797566716993;-0.12579406336380025;0.7700155068687178
76.996929;1.093956078543516;0.8333949011253823;0.7618442376100338;0.12347461907973761;0.11290772514176568;1.097154822040723;9.998106288932576;0.833425012755824;1.0970997565239429;1.0972308706455494;0.7597980727236333;-0.1257940641065673;0.7700170879703379
77.006929;1.0939563361123152;0.8333934212112206;0.7618459368025978;0.12347500174869479;0.11290727098493637;1.0971555879394395;9.998124804585816;0.8334264360115935;1.0971026440697054;1.09723431057468;0.7597987040576415;-0.12579406481411223;0.7700187642952999
77.016929;1.0939565140354697;0.8333918248379755;0.7618476926087736;0.12347538229048381;0.112906819236532;1.0971564582232356;9.998143670361284;0.8334278448300776;1.0971055224352453;1.0972377175558008;0.7597994591183218;-0.12579406548680466;0.7700205304424524
77.026929;1.093956616918864;0.8333901159164173;0.7618494973210164;0.12347575986314041;0.11290637079457165;1.0971574135277857;9.99816286969744;0.8334292343960512;1.097108385505297;1.0972410833973072;0.7598003332473835;-0.12579406612495564;0.770022378987138
77.036929;1.0939566491879495;0.8333882974900872;0.7618513428263409;0.12347613390025144;0.1129059261626125;1.0971584343751166;9.998182372336656;0.833430599548549;1.0971112257494156;1.0972443958323994;0.7598013186009883;-0.12579406672860946;0.7700243006263836
77.046929;1.093956613572875;0.8333863717402861;0.761853220828683;0.12347650408173702;0.11290548555498942;1.0971595049018847;9.998202163718428;0.8334319349707312;1.0971140357930285;1.0972476397863895;0.7598024048488363;-0.12579406729756085;0.7700262848437859
77.056929;1.093956511460073;0.8333843406647079;0.761855123214226;0.12347687022329655;0.1129050489742903;1.0971606145059216;9.998222258011594;0.8334332358499341;1.0971168103182836;1.0972507991482217;0.7598035802345378;-0.12579406783153688;0.770028320412673
77.066929;1.0939563437152606;0.8333822065824803;0.761857041655753;0.1234772320927247;0.11290461628970713;1.097161757263086;9.998242675754433;0.8334344978494695;1.097119546597332;1.0972538592672858;0.7598048325559418;-0.12579406832996312;0.7700303961436128
77.076929;1.0939561114880345;0.8333799721466723;0.7618589667236291;0.12347758917276866;0.11290418734388599;1.0971629301590404;9.998263414978029;0.8334357165713971;1.0971222427817109;1.097256807995551;0.7598061501639578;-0.12579406879148966;0.7700325022517044
77.086929;1.093955817335311;0.8333776400144748;0.7618608873287966;0.12347794058559267;0.1129037619982847;1.0971641306704436;9.998284447055028;0.8334368876732096;1.0971248965036484;1.0972596339936787;0.7598075236147332;-0.12579406921407463;0.7700346317093427
77.096929;1.0939554661934678;0.8333752128063638;0.7618627905752583;0.12347828534528173;0.11290334013531546;1.0971653549598328;9.998305733288124;0.8334380079361302;1.0971275047817937;1.0972623259634418;0.7598089472364732;-0.12579406959533432;0.7700367806706476
77.106929;1.0939550651514658;0.8333726942751014;0.7618646619151838;0.12347862266029772;0.11290292161700334;1.0971665982268195;9.998327236439435;0.8334390761201219;1.0971300633944963;1.097264874872051;0.7598104191316892;-0.12579406993257164;0.7700389479644207
77.116929;1.0939546215505331;0.8333700907993973;0.7618664859058932;0.12347895193941123;0.11290250626753971;1.097167856076941;9.998348917836017;0.833440092126672;1.097132567071929;1.097267275561277;0.759811939836852;-0.1257940702228206;0.7700411338752927
77.126929;1.0939541407450453;0.8333674111310734;0.761868247790484;0.1234792725962533;0.11290209399495865;1.097169124666224;9.99837073246293;0.8334410552395298;1.0971350116538499;1.0972695258854692;0.75981351103402;-0.12579407046309915;0.7700433385653009
77.136929;1.0939536255309141;0.833364664555523;0.7618699346219047;0.12347958394056283;0.11290168490757109;1.0971704000316846;9.998392632759545;0.8334419642696407;1.097137394830086;1.097271625644025;0.7598151350855118;-0.12579407065068104;0.7700455614409545
77.146929;1.0939530772320378;0.8333618594890853;0.7618715345355733;0.1234798851954518;0.1129012792493559;1.097171677513992;9.99841458187413;0.8334428195716903;1.0971397146360546;1.0972735756440537;0.7598168147883088;-0.12579407078342852;0.770047801300032
77.156929;1.0939524972155668;0.8333590031274105;0.7618730359725715;0.12348017553685345;0.11290087725818142;1.0971729510513688;9.998436563614238;0.8334436238176828;1.0971419687621289;1.0972753768781944;0.7598185526628136;-0.1257940708598831;0.7700500558599077
77.166929;1.0939518881860693;0.8333561009129513;0.7618744287847035;0.12348045416182771;0.11290047914824251;1.0971742132088833;9.998458579832963;0.8334443803910281;1.0971441554933337;1.0972770308758921;0.7598203504394436;-0.1257940708788245;0.7700523212360794
77.176929;1.093951254288873;0.8333531550455161;0.7618757058028613;0.12348072045942021;0.11290008525004876;1.0971754565837124;9.998480640435124;0.833445091088082;1.097146274683711;1.0972785396519877;0.7598222088207977;-0.1257940708389106;0.7700545924092546
77.186929;1.093950599709266;0.8333501633584884;0.7618768628514331;0.12348097422698075;0.11289969618037629;1.0971766748962972;9.998502752860215;0.8334457553044434;1.097148327667317;1.0972799048519928;0.7598241265264591;-0.12579407073890686;0.7700568638686287
77.196929;1.093949927686663;0.8333471207912881;0.7618778970980739;0.12348121577734344;0.1128993128578629;1.0971778625141162;9.998524921258229;0.8334463711802487;1.0971503164724197;1.097281127319781;0.759826099461795;-0.12579407057790842;0.770059129269001
77.206929;1.0939492412662695;0.8333440227741997;0.7618788057058813;0.12348144586513321;0.1128989363613193;1.0971790131213655;9.998547164206892;0.8334469370994427;1.0971522433042562;1.0972822059610612;0.7598281213210806;-0.12579407035506676;0.770061380627287
77.216929;1.09394854481237;0.8333408669393195;0.7618795863470448;0.1234816654379889;0.11289856785261088;1.0971801185472063;9.99856953635896;0.8334474522918965;1.0971541106894716;1.0972831366083589;0.7598301845310165;-0.12579407006945348;0.770063608587323
77.226929;1.0939478451059672;0.8333376522921438;0.7618802383125897;0.12348187543157564;0.11289820861161512;1.097181168932973;9.998592119189954;0.8334479163322381;1.0971559214813462;1.0972839130846717;0.7598322804520532;-0.12579406972059656;0.770065803637355
77.236929;1.0939471507528777;0.8333343782192426;0.7618807627481969;0.12348207675635452;0.11289786002538765;1.097182154134892;9.998614982024513;0.8334483277583798;1.0971576779383996;1.0972845293653593;0.7598343995888639;-0.12579406930895243;0.770067956392636
77.246929;1.0939464697322094;0.8333310443304527;0.7618811623673285;0.12348227022108454;0.11289752347761214;1.0971830644158167;9.998638163513364;0.8334486829477654;1.0971593803277273;1.0972849810671617;0.759836532665023;-0.1257940688356521;0.7700700569312201
77.256929;1.0939458072882837;0.8333276503541688;0.7618814409405464;0.12348245640235382;0.1128972002250305;1.0971838906092672;9.998661688565795;0.8334489763922682;1.0971610258455637;1.0972852657258254;0.7598386719056041;-0.12579406830207598;0.7700720950609715
77.266929;1.0939451652907166;0.8333241958910105;0.7618816024744495;0.12348263571783544;0.11289689134597784;1.0971846254681445;9.998685579376218;0.8334492020507365;1.0971626091818765;1.0972853818897743;0.7598408110525668;-0.12579406770977425;0.7700740617026083
77.276929;1.0939445426067365;0.8333206809506477;0.7618816508154979;0.12348280853871332;0.11289659772340581;1.0971852649561538;9.998709844223379;0.8334493545195026;1.0971641251817124;1.097285328535708;0.7598429445532358;-0.12579406706071983;0.7700759501324136
77.286929;1.0939439356270433;0.8333171073140897;0.761881590229665;0.12348297512602367;0.11289631999943711;1.0971858070636415;9.998734472055784;0.8334494294062698;1.097165570797451;1.0972851059005275;0.7598450674138205;-0.125794066357699;0.7700777563603458
77.296929;1.0939433382415313;0.83331347896093;0.7618814258717012;0.1234831355415912;0.11289605862138684;1.0971862492777151;9.998759446622223;0.8334494229232896;1.0971669446796082;1.0972847168476696;0.7598471756038497;-0.1257940656042958;0.7700794790588429
77.306929;1.09394274226368;0.8333098008861297;0.7618811631064203;0.12348328969819143;0.11289581404591405;1.097186588184411;9.998784761616728;0.8334493312093;1.0971682470465993;1.0972841676458158;0.759849266344138;-0.12579406480446945;0.7700811195976445
77.316929;1.0939421385733932;0.8333060778248667;0.7618808066463251;0.12348343745326755;0.1128955868547166;1.0971868215092033;9.998810423814762;0.8334491505999456;1.09716948074963;1.0972834674329406;0.7598513378331949;-0.12579406396227769;0.7700826815878457
77.326929;1.0939415178069871;0.8333023139364483;0.7618803604562602;0.12348357871700452;0.11289537771205357;1.097186949751787;9.998836451745001;0.8334488785145032;1.0971706510294585;1.0972826262272573;0.7598533880617575;-0.1257940630817357;0.7700841697361991
77.336929;1.0939408707897074;0.8332985131417676;0.7618798274581655;0.12348371374540036;0.11289518741833303;1.0971869762504882;9.998862875124155;0.8334485135370124;1.0971717636219793;1.0972816524405533;0.7598554134655698;-0.12579406216665853;0.7700855893954858
77.346929;1.0939401894517848;0.833294679354844;0.7618792087255024;0.1234838434351873;0.11289501696694393;1.0971869065649291;9.998889735769543;0.8334480553600719;1.0971728239046188;1.097280551548348;0.7598574084544315;-0.12579406122066034;0.7700869472062366
77.356929;1.09393946723862;0.8332908160793403;0.7618785034242355;0.12348396913726876;0.11289486734985493;1.0971867479470507;9.99891708698854;0.8334475052884665;1.0971738380694729;1.0972793266546146;0.7598593656063048;-0.12579406024724696;0.7700882513995282
77.366929;1.0939386983106287;0.8332869260125978;0.7618777092300802;0.12348409213533723;0.11289473929426705;1.0971865089944266;9.9989449801633;0.8334468665849866;1.0971748132375705;1.0972779795787977;0.7598612759262041;-0.12579405924976234;0.770089511519524
77.376929;1.0939378773328123;0.833283011491653;0.7618768224873272;0.12348421347254573;0.11289463319416707;1.0971861990061025;9.998973447541848;0.8334461441386279;1.0971757553557708;1.097276510917177;0.7598631292200854;-0.12579405823122336;0.7700907382352761
77.386929;1.0939369998466546;0.8332790753366389;0.7618758390708765;0.12348433412850027;0.11289454921633985;1.0971858269137338;9.999002506944388;0.8334453430363391;1.0971766679052353;1.097274919322303;0.7598649151570585;-0.1257940571942773;0.7700919426956566
77.396929;1.0939360614351945;0.8332751214132531;0.7618747560676571;0.12348445501568309;0.11289448737255423;1.0971854002063475;9.999032180457423;0.8334444675733118;1.0971775513549131;1.097273201036941;0.7598666248022352;-0.1257940561412347;0.770093135613514
77.406929;1.0939350573917963;0.8332711550119408;0.7618735729855698;0.1234845768392119;0.11289444747330186;1.0971849242821763;9.999062494147545;0.8334435223106517;1.097178401529279;1.0972713499313826;0.7598682509402961;-0.12579405507391667;0.7700943270962052
77.416929;1.093933984255886;0.8332671826997459;0.7618722920419976;0.1234847001326129;0.11289442912829425;1.0971844020549262;9.999093460639909;0.8334425125958135;1.0971792092004506;1.0972693579233062;0.7598697868207701;-0.125794053993629;0.7700955265637021
77.426929;1.0939328407555904;0.8332632107760936;0.7618709178490659;0.12348482536262397;0.11289443179258594;1.09718383386354;9.999125073939624;0.8334414429917869;1.0971799630321488;1.0972672159355021;0.7598712252454727;-0.1257940529014572;0.7700967419998859
77.436929;1.09393162722705;0.8332592437622385;0.7618694562706196;0.12348495286185977;0.11289445474215903;1.0971832189459778;9.99915731799671;0.833440316200537;1.0971806533065969;1.0972649154249028;0.7598725592356566;-0.12579405179833716;0.7700979792834849
77.446929;1.0939303453308307;0.8332552850697221;0.7618679125792749;0.12348508264579147;0.11289449710911535;1.09718255752433;9.999190172269666;0.8334391337316909;1.0971812735220081;1.0972624499379744;0.7598737835417436;-0.1257940506848402;0.7700992423714448
77.456929;1.0939289978748155;0.8332513384635823;0.7618662904943337;0.12348521445133046;0.11289455802105015;1.0971818516759817;9.99922361434122;0.8334378974982731;1.0971818205065529;1.0972598159095208;0.7598748954117934;-0.12579404956124843;0.7701005341740917
77.466929;1.0939275872608494;0.833247408336342;0.7618645926758469;0.1234853480595859;0.11289463671180365;1.0971811057018035;9.999257625422812;0.8334366114810761;1.0971822937360296;1.097257013096677;0.7598758941125928;-0.12579404842792558;0.7701018572481917
77.476929;1.0939261140655423;0.8332434996218485;0.761862821177115;0.12348548351147212;0.11289473263775607;1.0971803253211738;9.999292196608225;0.8334352819223368;1.097182693163689;1.0972540452500534;0.7598767801085884;-0.1257940472853581;0.7701032140392623
77.486929;1.0939245773778392;0.8332396177766273;0.7618609773777164;0.12348562111638044;0.11289484556364632;1.0971795157329074;9.999327327626894;0.8334339157661824;1.0971830171215313;1.097250920024767;0.7598775544427648;-0.1257940461337019;0.7701046075034367
77.496929;1.0939229752200177;0.8332357677196269;0.761859062336673;0.12348576141525348;0.11289497542628005;1.0971786808655084;9.999363014254687;0.833432519645591;1.0971832632628964;1.0972476472040824;0.759878218667347;-0.12579404497255778;0.770106041763026
77.506929;1.0939213047315441;0.8332319526444447;0.7618570776295465;0.12348590505714366;0.112895122094208;1.0971778231141134;9.999399239463227;0.833431100327381;1.097183431742948;1.0972442367897812;0.7598787755280307;-0.12579404380142437;0.7701075213337503
77.516929;1.0939195641556771;0.8332281749422884;0.7618550257404267;0.12348605273919376;0.11289528524560156;1.0971769431820884;9.99943597588786;0.8334296643338674;1.0971835267201024;1.0972406990771253;0.759879229238018;-0.12579404262017807;0.7701090495416999
77.526929;1.093917755145249;0.8332244387195548;0.7618529095103929;0.12348620539207533;0.11289546428359026;1.0971760411900264;9.999473180479873;0.8334282162205521;1.0971835558920877;1.097237045748183;0.7598795847389712;-0.125794041429047;0.7701106276682076
77.536929;1.0939158819792734;0.8332207510279557;0.76185073102903;0.12348636435189517;0.11289565830484947;1.0971751171440693;9.999510785134945;0.8334267578915489;1.0971835298564643;1.0972332897827983;0.7598798467797858;-0.1257940402284269;0.7701122544660561
77.546929;1.0939139483851545;0.8332171206849286;0.7618484906725669;0.12348653122663887;0.11289586631266778;1.0971741698089634;9.999548710495272;0.8334252893306838;1.097183460557235;1.0972294444399784;0.7598800192616934;-0.12579403901882247;0.7701139258172377
77.556929;1.09391195540288;0.8332135562748815;0.7618461872586707;0.12348670760315408;0.1128960875053201;1.097173196216231;9.999586881754885;0.8334238097579733;1.0971833591455575;1.0972255224788627;0.7598801055830074;-0.12579403780089027;0.7701156357902365
77.566929;1.0939099021036203;0.8332100644491977;0.7618438192927234;0.1234868949152619;0.11289632129407083;1.0971721924596105;9.99962521076987;0.8334223191101932;1.0971832353139204;1.0972215349392491;0.7598801103376561;-0.12579403657547172;0.7701173789021543
77.576929;1.0939077877516061;0.8332066488799589;0.7618413856955794;0.1234870944287885;0.11289656710972476;1.0971711546137455;9.99966357593019;0.8334208190090496;1.0971830983502324;1.0972174898483946;0.75988004070564;-0.1257940353434862;0.7701191513545071
77.586929;1.093905613059545;0.8332033104202597;0.7618388855303513;0.12348730715084118;0.11289682426298142;1.0971700795446553;9.999701834427114;0.8334193124255158;1.0971829577817143;1.0972133932989456;0.7598799062115424;-0.12579403410586495;0.7701209504398816
77.596929;1.0939033799708955;0.8332000481614792;0.761836317991658;0.123487533698515;0.11289709192961891;1.0971689661769926;9.999739844689136;0.8334178029989966;1.0971828222997366;1.0972092515178165;0.7598797169724372;-0.12579403286355217;0.7701227735491815
77.606929;1.0939010910752818;0.8331968607401653;0.7618336831612608;0.12348777425115375;0.11289736925851034;1.0971678164237297;9.999777476539375;0.8334162951568634;1.0971826986580708;1.0972050706175618;0.7598794815645641;-0.12579403161743638;0.7701246176138947
77.616929;1.093898749539178;0.8331937472074556;0.761830982754246;0.12348802874237028;0.1128976556437667;1.0971666340537694;9.99981460391899;0.8334147942300569;1.0971825915532423;1.097200855659444;0.7598792066224844;-0.12579403036841222;0.7701264785620905
77.626929;1.0938963584577597;0.83319070700709;0.7618282203300293;0.12348829716081447;0.11289795104070467;1.0971654223736216;9.99985108951998;0.8334133051740638;1.0971825037115286;1.097196611380367;0.759878897900955;-0.12579402911760154;0.7701283509780165
77.636929;1.0938939196604056;0.8331877397242244;0.7618254007280115;0.12348857955236608;0.11289825597154012;1.0971641832201289;9.999886790267176;0.8334118306430297;1.0971824362836906;1.0971923431446533;0.7598785603609172;-0.1257940278665476;0.7701302284486496
77.646929;1.0938914344622022;0.8331848447262665;0.7618225287667191;0.1234888757761486;0.11289857111424319;1.0971629172311155;9.999921587498477;0.8334103703036696;1.0971823892770292;1.097188056785662;0.7598781976514721;-0.12579402661727895;0.7701321044556828
77.656929;1.0938889065336768;0.8331820201214805;0.7618196080760887;0.12348918535736055;0.11289889696349562;1.097161624459956;9.99995541181882;0.8334089217681011;1.0971823614977987;1.0971837576287629;0.7598778126021596;-0.1257940253720964;0.7701339736921503
77.666929;1.0938863438461683;0.8331792622016164;0.761816640459679;0.12348950751222978;0.11289923394935475;1.097160305962011;9.99998823657279;0.8334074822913348;1.097182351284527;1.097179449796012;0.7598774077852314;-0.12579402413324695;0.7701358329077949
77.676929;1.0938837575509237;0.8331765665834141;0.7618136259765933;0.12348984128270121;0.1128995826517385;1.097158965032776;10.000020048282002;0.833406050135521;1.0971823582468834;1.0971751366108602;0.759876985042626;-0.12579402290293068;0.7701376800810452
77.686929;1.0938811592307145;0.8331739292995962;0.7618105644973638;0.12349018567408612;0.11289994374723725;1.0971576056695822;10.000050832990132;0.8334046245163736;1.0971823837402443;1.097170820636178;0.7598765449608977;-0.12579402168353532;0.7701395130437916
77.696929;1.0938785588308355;0.8331713460298857;0.761807457795101;0.1234905397408382;0.11290031785315169;1.0971562303237674;10.000080590847757;0.8334032048553003;1.0971824294501384;1.0971665030990891;0.7598760869996853;-0.12579402047750998;0.7701413294581698
77.706929;1.0938759631477792;0.833168810654432;0.7618043096998055;0.12349090275083828;0.1129007053931063;1.097154840231306;10.000109351850694;0.8334017909841616;1.0971824958963865;1.0971621846173802;0.7598756096489846;-0.12579401928684397;0.7701431276859243
77.716929;1.0938733744359463;0.8331663149534455;0.7618011238618049;0.12349127442055445;0.11290110653014135;1.0971534372001837;10.000137174016555;0.8334003835172171;1.0971825818592216;1.0971578663103698;0.7598751106898747;-0.1257940181128501;0.7701449069989768
77.726929;1.0938707905359293;0.8331638500516815;0.7617979017059187;0.12349165492436626;0.1129015212489334;1.097152024115189;10.00016412756313;0.8333989830659171;1.09718268454547;1.0971535503029102;0.759874587854795;-0.12579401695638992;0.7701466668018471
77.736929;1.0938682072302777;0.8331614085645179;0.761794642742072;0.12349204457133336;0.11290194938677071;1.0971506041669752;10.000190280244828;0.8333975891097996;1.0971827996738976;1.0971492408191919;0.759874039041579;-0.12579401581789404;0.7701484061536351
77.746929;1.09386562056933;0.8331589853609866;0.7617913462882204;0.1234924434166426;0.1129023904426825;1.0971491806382008;10.000215701073246;0.8333961991320435;1.0971829213435016;1.0971449443291037;0.7598734620354816;-0.125794014697253;0.7701501246797106
77.756929;1.0938630273690093;0.8331565773069421;0.7617880127226565;0.12349285108034089;0.11290284347014753;1.0971477573908206;10.00024048016486;0.8333948081137565;1.0971830435910803;1.0971406675460331;0.7598728548175008;-0.12579401359398784;0.7701518237740945
77.766929;1.0938604249380588;0.8331541836543187;0.7617846437607608;0.12349326683168076;0.11290330730761075;1.0971463385184965;10.000264737420894;0.8333934095247534;1.0971831627699886;1.0971364161076003;0.7598722164033977;-0.12579401250740166;0.7701535066955392
77.776929;1.0938578114464723;0.8331518061936386;0.7617812424339411;0.12349368974801622;0.11290378079578038;1.0971449270696054;10.000288609080242;0.8333919977966538;1.0971832773183496;1.0971321944896493;0.759871547507541;-0.12579401143655908;0.7701551776281278
77.786929;1.0938551869268278;0.8331494480372144;0.7617778134035521;0.12349411872284456;0.11290426272337052;1.0971435240443592;10.00031223502816;0.8333905702527973;1.0971833859745694;1.0971280049777288;0.7598708506400563;-0.12579401038050364;0.7701568404514025
77.796929;1.09385255312278;0.8331471124157851;0.7617743630404059;0.12349455247648031;0.112904751749342;1.0971421281668312;10.00033575579448;0.8333891267928587;1.0971834870410648;1.0971238465813153;0.7598701294202415;-0.12579400933871437;0.7701584978897682
77.806929;1.09384991142339;0.8331448029798961;0.7617708985132563;0.12349498978539354;0.11290524641111276;1.0971407365410544;10.000359307743459;0.8333876677888437;1.097183578411254;1.097119716218922;0.7598693878959601;-0.12579400831112764;0.7701601509127454
77.816929;1.0938472612361878;0.8331425242693066;0.7617674265950481;0.12349542970876204;0.11290574519643902;1.0971393457082759;10.000383017702916;0.8333861922734136;1.0971836576923075;1.0971156112977913;0.7598686307804744;-0.12579400729762572;0.7701617981465735
77.826929;1.0938446004214402;0.8331402808560036;0.7617639530603268;0.12349587165046867;0.1129062466727451;1.097137952275767;10.000406997588652;0.8333846977234372;1.097183721789373;1.0971115306551433;0.759867864366127;-0.12579400629756302;0.770163435999017
77.836929;1.093841926918401;0.8331380761371289;0.7617604826231879;0.12349631536417575;0.11290674951070864;1.0971365531650217;10.000431335770456;0.833383181682807;1.0971837663114576;1.0971074737172222;0.7598670972773067;-0.12579400530962492;0.7701650599892623
77.846929;1.0938392401481698;0.8331359116554035;0.761757019727559;0.12349676085478317;0.11290725240505133;1.0971351454131315;10.000456096738537;0.8333816445950666;1.0971837861491296;1.0971034406360334;0.7598663396002436;-0.12579400433197618;0.7701666660499049
77.856929;1.0938365412477533;0.8331337873450542;0.7617535695995511;0.12349720816847655;0.11290775408106357;1.0971337252259912;10.000481334311434;0.83338009147922;1.0971837765089547;1.0970994337416817;0.7598656000168345;-0.12579400336253366;0.7701682504682978
77.866929;1.0938338320719714;0.8331317027318591;0.7617501379706529;0.12349765722928613;0.11290825336833772;1.0971322873993887;10.000507101737915;0.8333785306867181;1.0971837333464831;1.0970954582679857;0.7598648836536762;-0.12579400239931587;0.7701698094543913
77.876929;1.0938311139154;0.8331296578424106;0.7617467300075003;0.12349810780196334;0.1129087491444506;1.097130826736362;10.000533445097544;0.8333769714657315;1.097183653501781;1.0970915219239363;0.7598641928077836;-0.12579400144096067;0.770171339264291
77.886929;1.0938283874441563;0.8331276538713752;0.7617433499483187;0.12349855952406505;0.11290924021295802;1.097129340471785;10.000560388965459;0.8333754224752771;1.0971835343813345;1.097087634025718;0.7598635290959848;-0.125794000487053;0.7701728355765125
77.896929;1.0938256538515396;0.833125693817009;0.7617400012762665;0.12349901190530897;0.11290972545235256;1.0971278286744868;10.000587929286521;0.8333738905865387;1.0971833726175062;1.0970838043391127;0.7598628950743443;-0.12579399953788523;0.7701742923709707
77.906929;1.0938229149970882;0.8331237818598626;0.7617366869517576;0.12349946434973773;0.11291020410670059;1.0971262925481187;10.00061603704863;0.8333723799954935;1.0971831624637498;1.0970800425111802;0.7598622951743316;-0.12579399859418725;0.770175702464154
77.916929;1.0938201716791722;0.8331219223656767;0.7617334100112225;0.1234999162149161;0.11291067578446863;1.0971247332685978;10.000644669397587;0.8333708929637427;1.0971828962589694;1.0970763590082746;0.7598617365796302;-0.1257939976570969;0.7701770589811863
77.926929;1.0938174227540236;0.8331201196303589;0.7617301737116692;0.12350036666003796;0.1129111403144505;1.0971231516804112;10.00067377680261;0.8333694313420971;1.0971825669589823;1.0970727657014787;0.7598612297815591;-0.12579399672785077;0.7701783561196524
77.936929;1.09381466655698;0.8331183775551979;0.7617269804382043;0.12350081433423378;0.11291159770736321;1.0971215483481034;10.000703304944869;0.8333679974638025;1.0971821691433892;1.0970692742530659;0.759860787337984;-0.12579399580740963;0.7701795898446068
77.946929;1.0938119023373338;0.8331166994675582;0.7617238311869674;0.12350125737752993;0.11291204809875255;1.0971199239522729;10.000733206603574;0.8333665943997403;1.0971816977670816;1.0970658940169753;0.7598604212838174;-0.12579399489639526;0.7701807581460652
77.956929;1.0938091299782955;0.833115088100335;0.7617207266820979;0.12350169376953558;0.11291249168104048;1.097118278333238;10.00076345626784;0.8333652258664547;1.0971811480341163;1.0970626312583385;0.759860141769157;-0.12579399399514296;0.7701818598399475
77.966929;1.0938063482820646;0.8331135450387336;0.7617176687448245;0.1235021216075664;0.11291292865838021;1.097116609151708;10.000794052473877;0.8333638956802788;1.0971805170280526;1.0970594891552299;0.7598599576288781;-0.125793993103886;0.7701828934254428
77.976929;1.0938035537477329;0.833112070893224;0.7617146611521459;0.1235025392039783;0.11291335923691297;1.0971149132930422;10.000825019071684;0.8333626068837704;1.097179804791433;1.0970564683860904;0.7598598776612355;-0.12579399222301962;0.7701838570713572
77.986929;1.0938007419474851;0.8331106670954745;0.7617117099093919;0.12350294513740678;0.1129137837755535;1.097113189739709;10.000856411202534;0.8333613616006436;1.097179013827359;1.0970535684389875;0.7598599111425439;-0.1257939913532222;0.770184748526624
77.996929;1.0937979092231451;0.833109337376952;0.7617088221168673;0.12350333821822189;0.11291420291204694;1.0971114414139662;10.000888313880072;0.8333601622921356;1.0971781473385245;1.0970507881914051;0.7598600669025504;-0.12579399049532228;0.7701855648038926
78.006929;1.0937950517538968;0.8331080874039744;0.7617060036755666;0.12350371735665037;0.11291461743346375;1.0971096756113483;10.000920828923059;0.8333590132013199;1.0971772081754403;1.0970481256461506;0.7598603526649564;-0.1257939896499198;0.7701863027811089
78.016929;1.0937921645653852;0.833106923427171;0.7617032583870512;0.12350408157733617;0.11291502809015454;1.097107902895758;10.000954055729231;0.8333579205092199;1.09717619946525;1.0970455786111966;0.7598607762491887;-0.12579398881698892;0.7701869601734804
78.026929;1.093789243040712;0.8331058506258319;0.7617005898196647;0.12350443020864631;0.11291543555659433;1.0971061353310967;10.000988066021609;0.8333568915817225;1.0971751248179797;1.0970431457146013;0.7598613468774931;-0.12579398799562344;0.7701875353131382
78.036929;1.0937862851964362;0.8331048716842927;0.7616980034595396;0.12350476288510369;0.11291584045583121;1.097104385408837;10.001022874158643;0.8333559342663497;1.097173988251453;1.097040826449966;0.7598620741106344;-0.12579398718412652;0.7701880259449607
78.046929;1.0937832927387792;0.8331039871699001;0.761695506345098;0.12350507927187619;0.11291624330799895;1.0971026656457494;10.0010584252956;0.8333550565889771;1.097172795365519;1.0970386205983444;0.7598629655343319;-0.12579398638065725;0.7701884284694418
78.056929;1.0937802707620508;0.8331031971640679;0.7616931053843101;0.12350537883649383;0.11291664441756724;1.0971009884182366;10.001094617458678;0.8333542669453253;1.0971715534539561;1.0970365274728493;0.7598640266076567;-0.12579398558379737;0.7701887385261881
78.066929;1.093777226731855;0.8331025018106851;0.7616908066898206;0.12350566084130049;0.11291704388840748;1.0970993661893813;10.001131334383537;0.8333535742276735;1.0971702692157907;1.0970345461654787;0.7598652619674018;-0.12579398479242299;0.7701889524219807
78.076929;1.0937741689943803;0.8331019007218781;0.761688615457408;0.1235059244556038;0.11291744186345011;1.0970978113970316;10.001168462737036;0.8333529872356783;1.0971689474919621;1.0970326766687928;0.7598666747261088;-0.1257939840055715;0.7701890678112266
78.086929;1.0937711053511416;0.833101392496811;0.7616865356032939;0.12350616888707143;0.11291783877078745;1.0970963351809118;10.001205892279328;0.8333525135313148;1.0971675925417892;1.097030919534402;0.7598682646704834;-0.12579398322294527;0.7701890830184639
78.096929;1.0937680429154581;0.8331009746136695;0.7616845696966374;0.12350639346869498;0.11291823532402072;1.0970949465074775;10.001243500354565;0.8333521580999841;1.0971662093976617;1.0970292741189136;0.7598700279032803;-0.1257939824454531;0.7701889955550639
78.106929;1.0937649886096765;0.833100643333992;0.761682719049948;0.1235065976376014;0.11291863226480028;1.0970936526908455;10.001281132696315;0.8333519222135393;1.0971648039673898;1.0970277378578168;0.7598719578848565;-0.12579398167511535;0.7701888003391518
78.116929;1.0937619487496841;0.8331003936118566;0.7616809833481935;0.12350678090372101;0.11291903004480425;1.0970924598860667;10.001318605431775;0.8333518034371219;1.0971633827059104;1.0970263078871918;0.7598740466430518;-0.12579398091441757;0.7701884891192493
78.126929;1.0937589287379827;0.8331002193003648;0.7616793604976483;0.1235069429388744;0.11291942877129646;1.0970913732583736;10.001355725922076;0.8333517970949679;1.0971619526233398;1.0970249834119608;0.7598762848830597;-0.12579398016565718;0.7701880522713043
78.136929;1.0937559342838887;0.8331001134993096;0.7616778472940191;0.12350708364033598;0.11291982843117104;1.097090397649254;10.001392311642162;0.833351897990498;1.097160521248075;1.0970237659883946;0.7598786616328497;-0.1257939794306143;0.7701874810269065
78.146929;1.0937529732631812;0.8331000686535844;0.7616764400791046;0.12350720305739245;0.11292022904784435;1.0970895380317258;10.001428199567997;0.8333521014370509;1.0971590964825844;1.097022658328084;0.7598811650208974;-0.1257939787104309;0.7701867681429373
78.156929;1.0937500570555954;0.8331000767333464;0.7616751348981865;0.1235073013699798;0.11292063068671701;1.097088799248524;10.001463243855909;0.8333524038146699;1.0971576866176755;1.0970216642174193;0.7598837834529205;-0.12579397800567563;0.7701859078315149
78.166929;1.093747200556302;0.8331001305199724;0.7616739273710625;0.1235073790480643;0.11292103338760998;1.097088185919806;10.001497304649677;0.8333528029736988;1.0971562999045041;1.0970207888384107;0.759886505617303;-0.12579397731662564;0.770184895911956
78.176929;1.0937444202002005;0.8331002256071818;0.7616728124432189;0.12350743700642917;0.1129214369542462;1.0970877022733456;10.001530242198335;0.8333532982550538;1.0971549439895159;1.0970200373658672;0.7598893196334053;-0.12579397664345224;0.7701837297322776
78.186929;1.0937417307175339;0.833100361254404;0.7616717840373833;0.12350747656235074;0.11292184071037968;1.0970873513605437;10.001561925679495;0.8333538893718656;1.097153626507441;1.0970194124943249;0.7598922124641915;-0.12579397598621833;0.770182407721154
78.196929;1.0937391423331617;0.8331005397139746;0.761670835033115;0.12350749928919354;0.11292224350723239;1.0970871344454152;10.001592243524076;0.833354574773178;1.097152356524004;1.0970189130660137;0.7598951698508195;-0.12579397534501569;0.7701809290314381
78.206929;1.093736659922476;0.8331007651573391;0.7616699581930749;0.12350750686538332;0.11292264400819885;1.0970870505741046;10.00162109895871;0.8333553515140638;1.097151144337626;1.0970185352694413;0.7598981770987558;-0.12579397472035567;0.7701792932640158
78.216929;1.0937342843761122;0.8331010427389003;0.7616691468742085;0.12350750089423694;0.11292304098023509;1.0970870959111976;10.00164840469788;0.8333562159172956;1.0971499987798772;1.0970182751881583;0.7599012205049094;-0.12579397411337984;0.7701775004578453
78.226929;1.093732014854515;0.833101377544841;0.7616683940678753;0.12350748278332;0.11292343338866945;1.09708726378358;10.001674089509008;0.833357163157618;1.0971489249304092;1.0970181293161814;0.7599042880641549;-0.125794973525671;0.7701757144933465
78.236929;1.0937298505063564;0.8331017736632496;0.76166769096874;0.1235074537765405;0.11292382033215098;1.097087545951165;10.001698099174556;0.8333581872809889;1.097147924566272;1.0970180934458102;0.7599073697333923;-0.12579497295899822;0.770173609012993
78.246929;1.093727791824371;0.833102234315431;0.7616670271036854;0.12350741506801817;0.11292420091178593;1.0970879346166982;10.001720391817402;0.8333592827228113;1.097146998306247;1.0970181624618158;0.7599104573782458;-0.125794972415114;0.7701713468743143
78.256929;1.093725841868684;0.8331027627799337;0.761666392213742;0.12350736786554978;0.11292457411538365;1.0970884247774435;10.001740946626255;0.8333604453535571;1.0971461472054522;1.0970183296558678;0.7599135432544336;-0.1257949718956276;0.7701689269705404
78.266929;1.0937240055233908;0.8331033622999742;0.7616657785017638;0.12350731332707073;0.11292493880962827;1.097089015564686;10.001759773495962;0.8333616720549764;1.09714537336463;1.097018585453796;0.7599166185946712;-0.1257949714019778;0.7701663478359505
78.276929;1.0937222868334016;0.8331040345780528;0.7616651814362383;0.12350725249306886;0.11292529380682094;1.0970897092740823;10.00177690601225;0.8333629595277382;1.097144680978259;1.0970189186100012;0.7599196738309965;-0.1257949709352199;0.7701636080357678
78.286929;1.0937206878556602;0.8331047788922847;0.7616645989942645;0.123507186371018;0.11292563791844401;1.0970905084270859;10.001792390223226;0.8333643035153682;1.0971440773773922;1.097019318580636;0.7599226990475907;-0.12579497049584384;0.7701607072472444
78.296929;1.0937192095790842;0.8331055923606843;0.7616640308862143;0.12350711604890006;0.11292596999645588;1.097091412525688;10.001806275599854;0.8333656996670318;1.0971435718686098;1.0970197763150082;0.7599256838002343;-0.12579497008399593;0.7701576474057703
78.306929;1.0937178523177966;0.833106469566006;0.7616634778201834;0.12350704269468595;0.11292628899463675;1.0970924171847631;10.001818606495263;0.8333671453788823;1.0971431727485657;1.097020284913573;0.7599286170976731;-0.12579496969963405;0.7701544332999416
78.316929;1.0937166155704952;0.833107402120184;0.7616629406320945;0.12350696752454682;0.11292659406779401;1.0970935159749642;10.00182942372621;0.8333686402077732;1.0971428854483223;1.0970208405182515;0.7599314885747722;-0.1257949693423462;0.7701510726836907
78.326929;1.093715498378492;0.8331083799946313;0.7616624203479421;0.12350689180269281;0.11292688463991057;1.097094701825263;10.001838773790018;0.8333701841467207;1.0971427129465383;1.0970214418418984;0.759934290172222;-0.1257949690115709;0.7701475757221936
78.336929;1.0937144990855572;0.833109394186063;0.7616619185955058;0.12350681675562487;0.11292716038708688;1.0970959664454725;10.001846718068727;0.8333717763441255;1.0971426565043145;1.0970220889199715;0.7599370167583477;-0.12579496870723708;0.7701439536044309
78.346929;1.0937136146754747;0.8331104392976925;0.7616614369000807;0.1235067433571541;0.1129274211879644;1.0970972997646768;10.001853335991683;0.8333734156312461;1.0971427161636802;1.0970227821060885;0.7599396663726744;-0.12579496842976295;0.7701402171824249
78.356929;1.0937128409092192;0.8331115139331535;0.7616609756071775;0.12350667224009426;0.11292766710683759;1.0970986908555103;10.001858710550593;0.8333751005628457;1.097142891735427;1.0970235216220916;0.759942240311829;-0.1257949681794557;0.7701363767864778
78.366929;1.0937121725488006;0.833112618219449;0.761660533995522;0.12350660383763397;0.1129278984311967;1.0971001292555784;10.001862907248073;0.8333768285500833;1.0971431825517024;1.0970243076247672;0.7599447417567309;-0.12579496795628706;0.7701324431428666
78.376929;1.093711603220378;0.8331137511114818;0.7616601115614605;0.12350653843597201;0.1129281156191926;1.0971016058724252;10.001865971903788;0.8333785963264306;1.0971435858391572;1.0970251402182676;0.7599471744607604;-0.12579496776012009;0.7701284278394362
78.386929;1.093711125249499;0.8331149097276712;0.761659709504254;0.12350647607914031;0.11292831911513068;1.0971031137035396;10.00186794425515;0.8333804015804376;1.0971440958599887;1.0970260197945292;0.7599495429077768;-0.12579496759082703;0.7701243423528477
78.396929;1.0937107299376536;0.8331160904998166;0.761659331002515;0.12350641665233751;0.11292850925307428;1.0971046470009935;10.001868860820538;0.8333822438306461;1.0971447038871722;1.0970269480111572;0.7599518518133254;-0.12579496744821914;0.7701201972258547
78.406929;1.0937104092126917;0.8331172904500908;0.7616589796553961;0.12350636015538292;0.11292868623564686;1.0971061982190393;10.001868741852704;0.8333841238392032;1.0971453991046665;1.0970279279003563;0.7599541045074626;-0.12579496733202758;0.7701160028983981
78.416929;1.0937101575062669;0.8331185069646799;0.7616586578993788;0.12350630692333099;0.1129288500264438;1.0971077562463338;10.001867586517843;0.8333860424703481;1.0971461705537169;1.0970289625467566;0.759956302535694;-0.1257949672419069;0.7701117709334188
78.426929;1.093709971346819;0.8331197369734783;0.7616583669852858;0.12350625772645105;0.11292900030968062;1.097109307954779;10.001865384863136;0.8333880005426043;1.0971470084771404;1.0970300537157427;0.7599584466411385;-0.12579496717744662;0.7701075143398967
78.436929;1.0937098470603384;0.8331209777469657;0.761658107758103;0.12350621369483585;0.11292913669140564;1.0971108403422642;10.001862130516711;0.8333899993680768;1.097147904381297;1.097031201527507;0.7599605373088151;-0.12579496713825183;0.7701032467955244
78.446929;1.0937097792335366;0.8331222284712351;0.7616578808686733;0.12350617603733541;0.11292925890533169;1.097112341313963;10.00185782889791;0.8333920404501771;1.0971488506616656;1.0970324054179186;0.7599625743976278;-0.12579496712405988;0.7700989810295076
78.456929;1.0937097615599287;0.8331234904172374;0.7616576862536728;0.12350614577006862;0.112929366790664;1.0971137999733638;10.001852500327818;0.8333941250983319;1.0971498404045925;1.0970336654186292;0.759964556867364;-0.12579496713498747;0.7700947278519299
78.466929;1.0937097889677057;0.8331247663556068;0.7616575229607631;0.12350612367972394;0.11292946022856744;1.0971152074313595;10.001846168030392;0.8333962546833599;1.0971508669079837;1.0970349823356942;0.7599664833464891;-0.1257949671715874;0.7700904960572292
78.476929;1.093709858414877;0.8331260606357694;0.7616573896536205;0.12350611047572106;0.11292953913453103;1.0971165570547838;10.001838842800927;0.8333984301310885;1.0971519228461026;1.0970363570851431;0.7599683528601996;-0.12579496723427647;0.770086291770194
78.486929;1.093709968726459;0.8331273790621994;0.7616572850813725;0.12350610688862146;0.11292960336883284;1.0971178430716453;10.001830524887088;0.8334006516239667;1.0971530003389116;1.09703779029125;0.7599701647335507;-0.12579496732260803;0.7700821178263971
78.496929;1.093710121642322;0.8331287275873592;0.7616572082926959;0.12350611357700184;0.1129296526734876;1.0971190590551423;10.001821209425708;0.833402920239113;1.0971540919935785;1.0970392818251409;0.7599719180407312;-0.1257949674350752;0.7700779747601965
78.506929;1.0937103228344212;0.8331301110246199;0.7616571586786249;0.12350613096088259;0.11292968672959566;1.097120197258025;10.001810878394314;0.833405239102438;1.0971551916030884;1.0970408301013541;0.7599736117163614;-0.12579496756951394;0.7700738628094594
78.516929;1.0937105807515317;0.8331315323454765;0.7616571356810845;0.12350615915153493;0.11292970516429261;1.0971212482786312;10.00179949238638;0.8334076122831197;1.097156293773085;1.097042432837001;0.7599752453307688;-0.1257949677237342;0.7700697833156418
78.526929;1.0937109040276185;0.8331329921609733;0.7616571385838885;0.1235061979970303;0.11292970758381082;1.0971222021200495;10.001786998512246;0.8334100437144092;1.097157392961581;1.0970440900222633;0.7599768195935585;-0.12579496789595618;0.7700657389904086
78.536929;1.0937112993058025;0.8331344894022972;0.7616571670159471;0.12350624716107361;0.11292969382514931;1.097123051071882;10.001773346204947;0.8334125373745301;1.0971584835269472;1.0970458068029842;0.7599783362969794;-0.12579496808482474;0.7700617335687903
78.546929;1.0937117703412054;0.8331360230295003;0.7616572208216469;0.123506306206746;0.11292966411304456;1.0971237914854577;10.001758493339144;0.8334150972593929;1.097159561238829;1.0970475931612595;0.7599797974808973;-0.1257949682891138;0.7700577714185889
78.556929;1.0937123177312629;0.8331375931389602;0.7616572983776276;0.12350637462967921;0.112929618773007;1.0971244227686727;10.001742401964712;0.8334177268617091;1.097160623841564;1.0970494601205303;0.7599812041531184;-0.12579496850746272;0.770053857222669
78.566929;1.0937129387813855;0.8331392017299144;0.7616573956825875;0.1235064517406243;0.11292955784170286;1.0971249458936445;10.001725032292283;0.8334204293977695;1.0971616693609785;1.0970514158445999;0.7599825562265554;-0.1257949687382397;0.7700499955059473
78.576929;1.0937136287568299;0.8331408539659076;0.7616575075179927;0.12350653657385378;0.112929481074754;1.0971253633491278;10.001706342257918;0.8334232087746859;1.0971626950017772;1.0970534644433931;0.7599838534681407;-0.12579496897934445;0.7700461895544884
78.586929;1.093714383164795;0.8331425584031487;0.7616576292261622;0.12350662803043669;0.11292938822379303;1.0971256788872137;10.001686296078578;0.8334260702930038;1.0971636975965715;1.0970556062723178;0.7599850954677899;-0.1257949692280113;0.7700424402896936
78.596929;1.0937151983299687;0.8331443244525636;0.7616577578805405;0.12350672503637425;0.11292927914457215;1.097125895493437;10.001664877045492;0.8334290203127188;1.0971646729263878;1.097057838005705;0.7599862810325011;-0.12579496948089808;0.7700387462830576
78.606929;1.0937160706038622;0.8331461596171423;0.7616578927463962;0.12350682647859958;0.11292915371820643;1.0971260142667076;10.001642097753757;0.833432064690542;1.0971656144498518;1.0970601537010194;0.7599874087928095;-0.12579496973460483;0.7700351042880726
78.616929;1.0937169968533804;0.8331480694875861;0.7616580353499939;0.12350693104218219;0.11292901185028661;1.0971260360061834;10.001617999433824;0.8334352072720951;1.097166513935392;1.0970625479066622;0.7599884782770961;-0.12579496998635667;0.770031509375129
78.626929;1.093717975414607;0.8331500583912329;0.7616581889450055;0.12350703711101031;0.11292885352231227;1.0971259626211727;10.001592641284397;0.8334384497265565;1.0971673635184827;1.097065019279753;0.7599894893833412;-0.12579497023422065;0.7700279554028243
78.636929;1.0937190053808765;0.8331521286764989;0.7616583574073172;0.12350714284902604;0.11292867875069858;1.097125797276805;10.001566093961516;0.8334417920031547;1.0971681574024903;1.0970675720704068;0.7599904407365381;-0.1257949704767576;0.7700244360562492
78.646929;1.0937200855206815;0.8331542802411396;0.7616585444980399;0.12350724653009004;0.11292848754811859;1.0971255449818624;10.001538439112823;0.833445232257111;1.0971688923675482;1.097070213867219;0.7599913297769574;-0.1257949707127145;0.7700209451611114
78.656929;1.0937212138657721;0.8331565116858395;0.7616587539296489;0.12350734679224319;0.11292827999147202;1.0971252126192694;10.001509765717055;0.8334487664662726;1.09716956727369;1.0970729516746833;0.7599921554599763;-0.125794970940929;0.7700174760967798
78.666929;1.0937223870263304;0.8331588221603984;0.7616589896249616;0.12350744253612607;0.11292805635932862;1.0971248075226392;10.00148016135024;0.8334523889877563;1.097170182169988;1.0970757907702782;0.7599929203503271;-0.12579497116011287;0.7700140217163159
78.676929;1.0937236005014181;0.8331612119311854;0.7616592554406874;0.12350753272039189;0.11292781726907067;1.0971243363710117;10.001449701036902;0.833456094000044;1.0971707372850643;1.0970787360552687;0.7599936290216005;-0.1257949713685603;0.770010574549321
78.686929;1.0937248503248664;0.833163681620628;0.7616595546567696;0.1235076162559896;0.11292756370715422;1.097123804968991;10.001418441927242;0.8334598762562903;1.097171232252432;1.0970817917622926;0.7599942842357889;-0.12579497156401012;0.7700071262728096
78.696929;1.093726133914382;0.8331662317481723;0.7616598900249896;0.12350769197943792;0.11292729693276307;1.097123218333888;10.001386433948372;0.8334637311113546;1.097171666447455;1.097084959992253;0.7599948847091188;-0.12579497174370974;0.7700036677604423
78.706929;1.0937274501544165;0.833168862745259;0.7616602641270594;0.12350775872311809;0.11292701839885057;1.0971225809623368;10.001353732982556;0.8334676545328423;1.0971720400116187;1.0970882403270794;0.759995425493715;-0.1257949719047825;0.7700001907721147
78.716929;1.0937287994145075;0.8331715748275079;0.7616606793494052;0.12350781539836735;0.11292672968501091;1.0971218970135674;10.001320393244923;0.8334716427550626;1.0971723534997624;1.09709162987157;0.7599958990279391;-0.12579497204472467;0.769996689314982
78.726929;1.0937301836005728;0.8331743679978689;0.761661137765559;0.12350786099291164;0.1129264323063702;1.0971211702158035;10.001286454567966;0.8334756916100674;1.0971726063996108;1.0970951244046967;0.7599962960763441;-0.12579497216145247;0.7699931591709053
78.736929;1.0937316063129692;0.8331772422659235;0.7616616415571789;0.12350789454397414;0.1129261275406566;1.0971204042851899;10.00125194956669;0.8334797962856548;1.0971727969525646;1.0970987211718644;0.7599966072721792;-0.12579497225284883;0.7699895968535929
78.746929;1.0937330720732168;0.833180197574798;0.7616621938422364;0.12350791524589415;0.11292581642658214;1.0971196045279656;10.001216911927969;0.8334839512077211;1.0971729232019793;1.0971024203654365;0.7599968244664018;-0.12579497231646417;0.7699859994595107
78.756929;1.0937345846530706;0.833183233075014;0.7616627996839825;0.12350792265299697;0.1129254998195075;1.0971187793718729;10.001181375103155;0.8334881483576897;1.0971729838946;1.0971062234106173;0.7599969408719499;-0.12579497234982628;0.7699823655353494
78.766929;1.0937361460254804;0.8331863461272883;0.761663466886752;0.1235079166210139;0.11292517853820058;1.0971179404725098;10.001145386744916;0.8334923749351433;1.0971729789624665;1.097110130361533;0.7599969511450787;-0.12579497235101228;0.7699786962605684
78.776929;1.0937377568836426;0.8331895324405718;0.7616642053033063;0.12350789700679528;0.11292485365749345;1.0971171012390772;10.001109034979315;0.8334966141600118;1.0971729097028406;1.0971141394985275;0.7599968516675918;-0.12579497231877113;0.7699749963636434
78.786929;1.0937394183726943;0.8331927875771848;0.7616650242444248;0.12350786360138334;0.1129245266637325;1.097116274548038;10.001072451115668;0.8335008487744855;1.0971727794852695;1.0971182484153168;0.7599966398796659;-0.125794972252262;0.7699712743967589
78.796929;1.0937411335199947;0.8331961078071335;0.761665929758607;0.12350781633847423;0.11292419926930969;1.0971154716940335;10.001035782587296;0.8335050633921848;1.0971725945164077;1.097122454126661;0.7599963140735337;-0.12579497215092458;0.769967542204547
78.806929;1.09374290725297;0.8331994898132696;0.7616669238977544;0.12350775541211693;0.11292387305053865;1.0971147031390125;10.000999166806825;0.8335092455383775;1.097172362793592;1.097126753140046;0.7599958744426665;-0.12579497201445095;0.7699638138730807
78.816929;1.0937447446440989;0.8332029311109793;0.7616680057207466;0.12350768115084929;0.11292354918322595;1.097113978850894;10.000962727581722;0.8335133863580817;1.0971720921645975;1.0971311423192553;0.7599953228075889;-0.12579497184284708;0.7699601043343975
78.826929;1.0937466479493836;0.8332064311205721;0.7616691720383367;0.12350759385870005;0.11292322838979396;1.0971133078840096;10.000926581260142;0.8335174796210157;1.0971717896250448;1.0971356189790977;0.7599946612167077;-0.12579497163673992;0.7699564277389744
78.836929;1.0937486143292092;0.8332099905717022;0.7616704177444072;0.12350749383248641;0.11292291100237821;1.0971126988922324;10.000890835729573;0.8335215189494117;1.0971714612336911;1.097140180794448;0.7599938922835779;-0.12579497139758405;0.7699527957340504
78.846929;1.0937506356811195;0.8332136089937859;0.7616717365688848;0.12350738147267809;0.11292259704021415;1.0971121604609373;10.000855586138648;0.8335254957999901;1.0971711114041842;1.0971448261337322;0.7599930204744265;-0.125794971127597;0.769949216361969
78.856929;1.0937527001911518;0.8332172830410631;0.7616731216695956;0.12350725740290128;0.11292228631242726;1.0971116996838506;10.000820915330044;0.8335294004238119;1.0971707420218537;1.0971495530788395;0.7599920518763308;-0.12579497082967903;0.7699456947619818
78.866929;1.0937547942086892;0.833221007023729;0.7616745659681277;0.12350712253065978;0.1129219785627029;1.0971113208956138;10.000786897971667;0.8335332246596449;1.0971703521204208;1.097154357429813;0.7599909929977096;-0.12579497050729488;0.769942235442168
78.876929;1.0937569037673955;0.8332247742532971;0.7616760625756109;0.1235069778910854;0.11292167352755277;1.0971110268980522;10.000753604463544;0.8335369628255614;1.0971699387817058;1.0971592328845978;0.7599898503428905;-0.1257949701643135;0.7699388443109535
78.886929;1.0937590163411626;0.8332285784786018;0.7616776047775321;0.12350682435228208;0.11292137080466415;1.097110821773976;10.000721100888223;0.83354060991422;1.0971694992304073;1.0971641736243691;0.7599886307191507;-0.12579496980489516;0.7699355285132659
78.896929;1.0937611223957633;0.8332324148533818;0.7616791856267145;0.12350666249201356;0.11292106977629766;1.0971107119728716;10.00068944094372;0.8335441602844523;1.097169032252106;1.0971691752779107;0.759987341609196;-0.12579496943328136;0.7699322937899317
78.906929;1.0937632144390101;0.8332362791911535;0.7616807981019919;0.12350649279098355;0.1129207697498514;1.097110704290714;10.000658659613942;0.8335476083413366;1.0971685379644545;1.0971742334059917;0.759985991117763;-0.1257949690534808;0.7699291422783817
78.916929;1.0937652839303569;0.8332401667902852;0.7616824362218323;0.1235063158961673;0.11292047004726743;1.097110803337745;10.000628780729844;0.8335509493834585;1.0971680175442438;1.0971793423595475;0.7599845871843401;-0.12579496866910908;0.7699260735442759
78.926929;1.0937673199394846;0.8332440727075722;0.7616840964424467;0.12350613266367023;0.11292016997776858;1.0971110110616633;10.00059982387588;0.8335541792567075;1.0971674740143715;1.0971844948013447;0.7599831371364074;-0.1257949682834279;0.769923086789945
78.936929;1.0937693108667683;0.8332479922453713;0.7616857785527487;0.12350594407571744;0.11291986895856988;1.097111326950058;10.000571801878314;0.8335572937586111;1.0971669129216168;1.0971896812874555;0.7599816480948589;-0.1257949678995224;0.7699201811926404
78.946929;1.0937712472207073;0.8332519206457368;0.7616874856561723;0.12350575118912863;0.11291956677059643;1.0971117478080328;10.000544718955876;0.8335602890985477;1.0971663423428852;1.0971948908109863;0.7599801272889919;-0.12579496752061986;0.7699173552997177
78.956929;1.0937731243646895;0.8332558530457072;0.7616892231465325;0.12350555511885072;0.11291926365598083;1.0971122686087673;10.000518567789443;0.8335631627883479;1.0971657731897897;1.0972001119786143;0.7599785819863563;-0.12579496715034735;0.7699146069146315
78.966929;1.0937749438295261;0.8332597847517327;0.7616909970272273;0.1235053570383624;0.11291896012102104;1.0971128829692647;10.000493324439;0.8335659138698288;1.0971652188433256;1.0972053339119037;0.7599770188727474;-0.12579496679266755;0.7699119331274067
78.976929;1.0937767114454648;0.8332637113000863;0.7616928126570042;0.12350515807086275;0.11291865661055321;1.0971135822798936;10.000468945115243;0.8335685429345614;1.0971646931542105;1.0972105466894078;0.7599754431916707;-0.1257949664517664;0.7699093304789317
78.986929;1.0937784342442973;0.8332676287103101;0.7616946748688812;0.12350495905462706;0.1129183533119305;1.0971143564904635;10.000445369071908;0.833571052131769;1.0971642085676077;1.0972157408641485;0.7599738588766094;-0.12579496613215652;0.7699067953144155
78.996929;1.0937801191889005;0.8332715337901855;0.7616965883914854;0.12350476038788072;0.11291805017829637;1.0971151965994752;10.000422531913756;0.8335734446971481;1.0971637747769567;1.0972209070657737;0.7599722696132531;-0.12579496583855268;0.7699043240702619
79.006929;1.0937817732252169;0.833275424060242;0.7616985570595948;0.12350456206628123;0.1129177470793032;1.0971160963196647;10.000400377112005;0.8335757245005703;1.097163397341523;1.0972260374626654;0.7599706799072182;-0.12579496557552322;0.7699019136623699
79.016929;1.0937834023827395;0.8332792975871486;0.7617005823560342;0.12350436386982194;0.11291744398646524;1.0971170519269766;10.000378857678557;0.8335778957017281;1.0971630778542594;1.0972311272618451;0.7599690959713333;-0.1257949653473445;0.7698995621439647
79.026929;1.093785009843706;0.8332831526725851;0.7617026630434328;0.12350416554785376;0.11291714112954944;1.0971180607303062;10.000357936320965;0.833579962090184;1.0971628162399718;1.0972361740416852;0.7599675262086948;-0.125794965157758;0.7698972691648621
79.036929;1.0937865956435127;0.8332869872813301;0.7617047960099272;0.12350396685506446;0.11291683894790823;1.0971191201671255;10.000337583464999;0.8335819269213889;1.0971626133181926;1.0972411764043961;0.7599659807933827;-0.12579496500965168;0.7698950350956417
79.046929;1.0937881589713676;0.8332907987168181;0.7617069761958133;0.12350376748446043;0.11291653781167488;1.097120228178691;10.000317767801711;0.8335837935441109;1.0971624723823075;1.0972461330949272;0.7599644703971443;-0.1257949649050667;0.7698928588947714
79.056929;1.0937897000522445;0.8332945839993671;0.761709195740585;0.12350356701559195;0.11291623782901616;1.0971213832438351;10.000298447916114;0.8335855649459503;1.0971623987539834;1.0972510419399155;0.7599630048334716;-0.12579496484512537;0.7698907366858087
79.066929;1.093791220111679;0.8332983404530873;0.7617114445581664;0.12350336492025694;0.11291593892282041;1.0971225834151932;10.000279579932156;0.8335872418394299;1.0971623968164113;1.0972558986929855;0.7599615925292885;-0.12579496482975816;0.76988866193717
79.076929;1.0937927211928042;0.8333020654813262;0.7617137117606908;0.12350316064834779;0.1129156410007146;1.0971238247480921;10.000261135092334;0.8335888222703461;1.0971624680033523;1.0972606972866306;0.7599602411750908;-0.12579496485764147;0.7698866266147163
79.086929;1.0937942062115873;0.8333057561797025;0.7617159863621822;0.12350295376765105;0.11291534401710318;1.0971251008007659;10.000243104655528;0.8335903029768262;1.097162612062157;1.0972654319456157;0.759958958731879;-0.125794964926228;0.7698846228641077
79.096929;1.0937956785483556;0.8333094099885536;0.7617182576395334;0.12350274407526142;0.11291504797348421;1.09712640519703;10.000225487099955;0.8335916801110075;1.0971628281320964;1.0972700979893646;0.7599577529889;-0.12579496503187385;0.769882644282902
79.106929;1.0937971410488914;0.8333130252217034;0.7617205156265944;0.12350253162154057;0.11291475299201979;1.0971277353388629;10.000208274055373;0.8335929505695737;1.0971631138695326;1.0972746898551653;0.7599566295694699;-0.12579496517024613;0.7698806861670138
79.116929;1.0937985953700176;0.8333166002407301;0.7617227510574719;0.12350231662556709;0.11291445945581742;1.0971290931569528;10.00019144985859;0.8335941141799255;1.097163465078931;1.0972792004249512;0.7599555911404529;-0.12579496533673315;0.7698787453110009
79.126929;1.0938000434309996;0.8333201324064061;0.7617249548509989;0.12350209935717124;0.11291416809358922;1.0971304822304384;10.000175003422678;0.8335951735798651;1.0971638766199354;1.0972836232261065;0.759954639062194;-0.1257949655267596;0.7698768194074302
79.136929;1.09380148957215;0.8333236181916659;0.7617271179747405;0.12350188012156688;0.11291387988069355;1.0971319041271188;10.000158945933551;0.8335961322248693;1.0971643431431366;1.0972879533084097;0.7599537751309687;-0.1257949657362388;0.7698749062690062
79.146929;1.0938029408634709;0.8333270542648027;0.7617292318926442;0.12350165929641121;0.11291359582272946;1.0971333564323338;10.000143324389203;0.8335969933468919;1.0971648583022628;1.097292185619281;0.7599530014438985;-0.12579496596203182;0.7698730036423419
79.156929;1.0938044057457847;0.8333304381366912;0.7617312895633606;0.12350143726903219;0.11291331677537948;1.097134833024947;10.000128214405734;0.8335977601365677;1.097165412822537;1.0972963145118657;0.7599523190314469;-0.12579496620186187;0.7698711093777866
79.166929;1.0938058916492683;0.8333337678475168;0.7617332859737145;0.12350121433237173;0.11291304332921923;1.0971363262326892;10.000113696119888;0.8335984363477216;1.0971659947823178;1.0973003354075155;0.7599517271951364;-0.1257949664536512;0.7698692216320865
79.176929;1.0938074039791907;0.8333370419498464;0.7617352173109595;0.12350099063933057;0.11291277582766968;1.0971378296972785;10.000099835538217;0.8335990270636954;1.0971665926343288;1.0973042466699652;0.7599512241915768;-0.12579496671507576;0.7698673391259307
79.186929;1.0938089479666138;0.8333402603526975;0.7617370797830195;0.12350076619932152;0.11291251450921726;1.0971393398271188;10.000086680581758;0.8335995390481984;1.0971671961894722;1.097308050817386;0.7599508078761498;-0.12579496698368522;0.7698654611997114
79.196929;1.0938105293178042;0.8333434248795976;0.7617388690878916;0.12350054089128949;0.11291225956198658;1.0971408549913233;10.000074265355025;0.8335999800698161;1.0971677952398113;1.0973117546764417;0.759950475622422;-0.12579496725706568;0.7698635873865587
79.206929;1.0938121523839395;0.8333465387659846;0.7617405802712516;0.1235003144838377;0.11291201105470017;1.0971423745590438;10.000062612676526;0.8336003577176188;1.097168380125004;1.097315367475433;0.7599502243427081;-0.12579496753274888;0.7698617166320784
79.216929;1.0938138199508813;0.8333496057756438;0.7617422076730028;0.12350008668346303;0.112911768938011;1.0971438994323848;10.000051732539672;0.8336006784486076;1.097168943399613;1.0973188978522361;0.7599500510988176;-0.12579496780812413;0.7698598472561895
79.226929;1.0938155349849688;0.8333526297116379;0.7617437451174031;0.12349985715535616;0.11291153318663738;1.0971454321721124;10.000041623026416;0.8336009470065906;1.0971694795389677;1.0973223534742016;0.7599499533432633;-0.1257949680804427;0.7698579780901663
79.236929;1.093817301048021;0.8333556144103451;0.7617451860661117;0.12349962551021146;0.11291130394905259;1.0971469751540148;10.00003227917035;0.8336011662822725;1.097169984088827;1.0973257432271166;0.7599499281046711;-0.1257949683469887;0.769856109287833
79.246929;1.0938191207712304;0.8333585642709654;0.7617465239797817;0.12349939135089967;0.11291108153695148;1.0971485285631648;10.000023707978663;0.8336013374041107;1.0971704543237943;1.0973290777634155;0.759949971639676;-0.12579496860553951;0.7698542419576946
79.256929;1.0938209948129014;0.8333614848616715;0.7617477536730465;0.12349915428730938;0.11291086624605672;1.0971500892681167;10.000015931637634;0.8336014598801791;1.097170889679901;1.0973323678737117;0.7599500803128744;-0.12579496885462763;0.7698523776932666
79.266929;1.0938229230499807;0.833364382633657;0.7617488722694674;0.12349891387280208;0.11291065815438903;1.097151649667252;10.00000897278889;0.833601532036456;1.097171290215697;1.0973356229671656;0.7599502509059335;-0.1257949690932758;0.7698505188650975
79.276929;1.0938249065398105;0.8333672640852191;0.7617498785241484;0.12349866956833126;0.11291045699915475;1.0971531978410436;10.000002855205897;0.8336015514891824;1.097171655396132;1.09733885067393;0.7599504798904175;-0.1257949693207121;0.7698486691892302
79.286929;1.0938269480773055;0.833370135487408;0.7617507721934598;0.123498420726728;0.11291026221640767;1.0971547199728462;9.999997628060552;0.8336015149399912;1.0971719852955781;1.0973420574703312;0.7599507636777744;-0.12579496953636207;0.7698468338414531
79.296929;1.0938290513141136;0.8333730024711907;0.761751554305598;0.12349816660634264;0.11291007318270783;1.0971562020645704;9.999993370079881;0.8336014178181792;1.0971722819788812;1.0973452490844655;0.7599510999879638;-0.12579496973989443;0.7698450187319896
79.306929;1.093831219048256;0.8333758687955289;0.761752227527564;0.12349790646117924;0.11290988940049555;1.0971576300819188;9.999990162976285;0.833601254944091;1.0971725483222694;1.0973484305537473;0.7599514881649662;-0.12579496993118888;0.7698432290736376
79.316929;1.0938334513771568;0.8333787364185955;0.7617527964313128;0.12349763970340248;0.11290971035596215;1.0971589906597037;9.999988071351948;0.8336010215835988;1.0971727853454107;1.097351606988963;0.7599519282878807;-0.12579497011017685;0.7698414684423658
79.326929;1.093835744673336;0.8333816073987871;0.7617532670491185;0.12349736611400643;0.11290953528702988;1.0971602721103484;9.999987140134747;0.833600713449671;1.0971729910960075;1.0973547834899389;0.7599524206692053;-0.1257949702765165;0.7698397388262379
79.336929;1.0938380924284608;0.8333844847145643;0.7617536455042261;0.1234970860084309;0.11290936323347446;1.0971614651285921;9.999987393854477;0.8336003258485442;1.097173161678032;1.0973579629354704;0.7599529657608964;-0.1257949704294157;0.7698380407710435
79.346929;1.0938404881776354;0.8333873710465933;0.7617539372654546;0.1234968002430112;0.11290919325466514;1.0971625633978366;9.999988837479151;0.8335998530262823;1.0971732924127882;1.097361143945501;0.7599535640013753;-0.1257949705679263;0.7698363739538795
79.356929;1.093842927436972;0.8333902675008648;0.7617541474418079;0.12349651004832383;0.11290902456112166;1.097163562681906;9.999991466033826;0.8335992882258436;1.0971733784614763;1.097364320536661;0.7599542159504469;-0.12579497069145462;0.7698347385823759
79.366929;1.0938454064332117;0.8333931739710222;0.7617542810514105;0.12349621687191197;0.11290885658164218;1.097164457990366;9.999995277545056;0.8335986244728846;1.0971734155096438;1.0973674829910696;0.7599549220772883;-0.1257949707999897;0.7698331362132427
79.376929;1.093847920855377;0.8333960902091945;0.7617543432510855;0.12349592226925599;0.11290868897963181;1.0971652411310546;10.000000271526087;0.8335978554660519;1.0971734003736449;1.097370619228329;0.759955681869994;-0.12579497089404718;0.769831569334278
79.386929;1.093850466769703;0.833399015507049;0.761754339704352;0.12349562766601466;0.11290852152742702;1.0971659006218306;10.000006430086081;0.8335969759591443;1.0971733316912435;1.0973737151782714;0.7599564934345379;-0.1257949709747688;0.7698300408330294
79.396929;1.093853041028244;0.8334019475686311;0.761754276403971;0.12349533416202259;0.11290835386578035;1.0971664237268242;10.000013708593606;0.8335959817432319;1.0971732107158583;1.0973767537754504;0.7599573540372027;-0.12579497104403367;0.7698285542344877
79.406929;1.093855640092281;0.8334048824682603;0.7617541585627473;0.12349504254811716;0.11290818527033432;1.0971667988316096;10.000022053832877;0.833594869632795;1.0971730415790497;1.097379714807463;0.759958261206446;-0.12579497110401416;0.7698271139886105
79.416929;1.0938582595141206;0.833407815604844;0.7617539894088625;0.1234947533676542;0.11290801455028995;1.0971670163328702;10.000031432274294;0.8335936377454547;1.0971728306565292;1.0973825774683037;0.759959213510939;-0.12579497115635244;0.7698257249309143
79.426929;1.0938608950307616;0.8334107424201586;0.7617537706525203;0.12349446693654666;0.11290784021006407;1.0971670678593153;10.00004183641864;0.8335922856627465;1.09717258504655;1.0973853241469003;0.7599602098506724;-0.12579497120150604;0.7698243917255259
79.436929;1.093863543662192;0.8334136589071234;0.7617535050047726;0.12349418333763738;0.1129076608186394;1.0971669458878268;10.00005326185316;0.8335908140778121;1.0971723116339827;1.0973879421286212;0.7599612478518861;-0.12579497123872882;0.7698231193164475
79.446929;1.093866203377296;0.8334165625269243;0.7617531980691501;0.12349390254588882;0.11290747526387411;1.0971666448216228;10.000065687403692;0.8335892245573844;1.0971720180243578;1.097390422774064;0.7599623233910356;-0.1257949712669229;0.7698219137617294
79.456929;1.0938688725756212;0.8334194526075688;0.7617528576916011;0.12349362473459581;0.1129072827484656;1.097166161610368;10.000079079394705;0.8335875199057512;1.0971717131028547;1.0973927608821739;0.7599634318056073;-0.12579497128557257;0.769820782005994
79.466929;1.0938715509475827;0.8334223292750458;0.7617524925778583;0.12349335035578941;0.11290708277521662;1.0971654950740606;10.00009340056083;0.8335857044226204;1.0971714056123971;1.0973949547173472;0.7599645696074182;-0.12579497129489572;0.769819730392292
79.476929;1.0938742390746556;0.8334251921280089;0.76175211151558;0.12349307988654229;0.1129068752386305;1.097164644989947;10.000108607266432;0.8335837833831069;1.097171102955872;1.0973970049860569;0.7599657353234558;-0.12579497129551084;0.7698187636782404
79.486929;1.0938769347203365;0.8334280404667312;0.7617517226447416;0.1234928136483116;0.11290666042647973;1.0971636115907752;10.000124645013448;0.8335817628767529;1.0971708116974113;1.0973989133713344;0.7599669286232055;-0.12579497128816336;0.7698178857246093
79.496929;1.0938796300476628;0.8334308746656941;0.7617513327277061;0.12349255177716653;0.11290643886875168;1.0971623960802357;10.000141455019097;0.8335796512547662;1.0971705385235713;1.0974006818437885;0.7599681485916646;-0.12579497127361755;0.7698171004089596
79.506929;1.0938823128858894;0.8334336966693442;0.7617509465190295;0.12349229419426629;0.11290621117223887;1.0971610014408772;10.000158985785667;0.8335774605349743;1.0971702899245073;1.0974023121692733;0.7599693931806035;-0.12579497125274125;0.7698164113472492
79.516929;1.0938849694463235;0.8334365095277455;0.7617505668796062;0.12349204063131439;0.11290597792792552;1.0971594317213083;10.000177196294569;0.8335752054283055;1.097170071741686;1.0974038052611659;0.7599706604001246;-0.12579497122670383;0.76981582125325
79.526929;1.0938875857379384;0.8334393175609676;0.7617501960670292;0.12349179074666268;0.11290573961916461;1.097157690434088;10.000196051474509;0.833572901033197;1.0971698902290976;1.0974051607728335;0.7599719495356257;-0.12579497119689828;0.7698153319103048
79.536929;1.0938901478935443;0.8334421266639231;0.7617498370199235;0.1234915442498529;0.1129054964405959;1.097155779707162;10.000215519150613;0.8335705616358261;1.0971697519006829;1.0974063773463527;0.7599732606270375;-0.12579497116443183;0.7698149443181421
79.546929;1.093892643668918;0.8334449429920584;0.7617494938589856;0.12349130093204101;0.11290524820655132;1.0971536998309068;10.000235569467316;0.8335682005686955;1.0971696616620557;1.0974074534745732;0.7599745927252447;-0.12579497112974974;0.7698146590784172
79.556929;1.0938950647705277;0.8334477709194262;0.761749171946661;0.12349106065410982;0.11290499455939078;1.0971514488985339;10.000256172739489;0.8335658303525019;1.0971696226199998;1.0974083883815877;0.7599759427577024;-0.12579497109294346;0.7698144774117294
79.566929;1.093897406557847;0.833450612612199;0.7617488778501804;0.12349082348803465;0.11290473528376126;1.097149023523311;10.000277296932994;0.8335634634788053;1.0971696365766521;1.0974091827001708;0.7599773056401111;-0.12579497105420873;0.7698144013637686
79.576929;1.0938996660697355;0.8334534689723829;0.7617486187740432;0.12349058992089541;0.11290447041666958;1.0971464209041335;10.000298902850371;0.8335611132158203;1.0971697033760979;1.0974098394214533;0.7599786746924228;-0.12579497101351925;0.7698144322347085
79.586929;1.0939018415861481;0.8334563404052336;0.7617484010896449;0.12349036082356205;0.11290420020411279;1.0971436407880173;10.000320934034411;0.8335587930851425;1.097169821195853;1.0974103651879419;0.7599800417222143;-0.1257949709699731;0.7698145689486403
79.596929;1.0939039327059934;0.8334592275719253;0.7617482289684051;0.12349013731025105;0.11290392512867284;1.0971406857327926;10.000343315364846;0.8335565154420007;1.097169988012222;1.0974107703730909;0.7599813969898238;-0.12579497092186936;0.7698148080992469
79.606929;1.0939059392704453;0.833462131996594;0.7617481039127258;0.12348992076812838;0.11290364597854967;1.0971375601660758;10.000365973288687;0.8335542910548136;1.0971702018816454;1.0974110669555648;0.7599827289259098;-0.1257949708672368;0.7698151455291602
79.616929;1.093907859891793;0.8334650556078416;0.7617480252913534;0.12348971283311642;0.11290336376021876;1.0971342694445494;10.000388856081166;0.8335521297486396;1.0971704601057752;1.09741126634802;0.759984023544887;-0.12579497080401747;0.7698155780900013
79.626929;1.093909691586344;0.8334680000588257;0.7617479920157636;0.12348951517628798;0.11290307953400626;1.097131818653107;10.000411930349824;0.8335500401769897;1.0971707591377682;1.0974113791665343;0.7599852646251435;-0.1257949707301773;0.7698161042028627
79.636929;1.0939114308426816;0.833470966509133;0.7617480047562802;0.12348932944082348;0.11290279441790081;1.097128211891908;10.00043516970454;0.833548028956383;1.097171095629846;1.0974114157729253;0.7599864356477111;-0.12579497064423886;0.7698167235458415
79.646929;1.0939130750554837;0.833473955171129;0.7617480672428455;0.12348915741112526;0.11290250960853482;1.0971244534531392;10.00045854663917;0.8335461012576103;1.0971714675686275;1.0974113863736028;0.759987522280427;-0.1257949705457716;0.7698174370346244
79.656929;1.0939146234340373;0.8334769649759285;0.7617481852507147;0.12348900112760976;0.11290222618690152;1.0971205492981149;10.000482014964335;0.8335442627350682;1.0971718745561667;1.0974113015613929;0.7599885134332904;-0.12579497043536314;0.7698182466972705
79.666929;1.0939160764941473;0.8334799937496826;0.7617483640532178;0.12348886278833736;0.11290194497879939;1.097116507625867;10.000505495344424;0.8335425203951264;1.0971723168262135;1.0974111734678775;0.7599894007243567;-0.1257949703141774;0.7698191547025609
79.676929;1.0939174342363678;0.83348303856788;0.7617486066244363;0.12348874458107349;0.11290166667812282;1.097112339491002;10.000528885766837;0.8335408813945567;1.097172793389593;1.097411015565363;0.7599901772160573;-0.12579497018332633;0.769820162357232
79.686929;1.0939186959056493;0.8334860970662242;0.7617489133180597;0.12348864865909448;0.11290139191821363;1.09710805913483;10.000552085990439;0.8335393515621434;1.0971733010562417;1.097410840925474;0.7599908363368587;-0.12579497004339818;0.7698212700307571
79.696929;1.0939198620224442;0.8334891693412686;0.7617492826649801;0.12348857725201831;0.11290112111574252;1.0971036832558254;10.00057500704866;0.8335379350619627;1.0971738350315712;1.0974106612713435;0.7599913712798563;-0.1257949698945191;0.7698224776200256
79.706929;1.0939209353095978;0.833492258027571;0.7617497124132326;0.12348853281349714;0.1129008543809462;1.0970992297374962;10.000597561177841;0.8335366345441438;1.0971743898496398;1.0974104869878005;0.7599917744501258;-0.12579496973681611;0.7698237849849008
79.716929;1.0939219197823733;0.8334953667362108;0.7617501998129781;0.12348851814558116;0.11290059158632704;1.0970947163000133;10.000619658815747;0.8335354513774782;1.09717496067838;1.0974103267621491;0.7599920373943574;-0.12579496957058972;0.7698251924459444
79.726929;1.0939228202800704;0.8334984991956129;0.7617507416037795;0.12348853630805935;0.11290033238107047;1.0970901585473114;10.000641216811669;0.8335343862029659;1.09717554553766;1.097410187664351;0.7599921514968944;-0.12579496939596863;0.7698267011108083
79.736929;1.0939236428254222;0.8335016591037405;0.7617513345319791;0.12348859019017346;0.11290007627268753;1.0970855686775904;10.000662151487507;0.8335334393412169;1.0971761468195163;1.097410076136471;0.7599921084816053;-0.12579496921262198;0.76982831215721
79.746929;1.0939243945080144;0.833504849672162;0.7617519762500832;0.12348868207174071;0.11289982289480711;1.0970809564727766;10.000682359637988;0.833532611201768;1.0971767705051012;1.0974099985562158;0.7599919003112634;-0.1257949690200514;0.7698300254913141
79.756929;1.0939250828304707;0.8335080735220347;0.7617526658694977;0.12348881349599003;0.11289957214278035;1.0970763302263808;10.000701719707521;0.8335319028981765;1.0971774245149553;1.0974099610032029;0.7599915194402787;-0.12579496881829177;0.7698318397722549
79.766929;1.0939257156626834;0.8335113333351147;0.7617534036783666;0.12348898531058328;0.1128993240786104;1.0970716963702076;10.000720114317353;0.8335313157579913;1.0971781177056112;1.0974099688184658;0.7599909602842306;-0.12579496860845005;0.7698337538538689
79.776929;1.0939263018802015;0.8335146317495559;0.7617541905955454;0.12348919769436477;0.11289907887291745;1.097067059949022;10.000737450313794;0.8335308498008468;1.097178857819215;1.0974100266464377;0.7599902207000885;-0.1257949683926237;0.7698357673583159
79.786929;1.0939268517755893;0.8335179697794144;0.7617550282606601;0.12348945027102028;0.11289883682393119;1.0970624267516202;10.00075366622576;0.8335305032185449;1.097179648200254;1.0974101386125317;0.759989301851788;-0.1257949681732489;0.7698378796746838
79.796929;1.093927376245298;0.8335213454868253;0.7617559190873843;0.12348974242005036;0.11289859830749845;1.097057805739043;10.000768723648665;0.8335302729353042;1.0971804869255948;1.0974103074789514;0.7599882070436929;-0.12579496795243944;0.7698400890154811
79.806929;1.093927884627897;0.8335247544465951;0.7617568651708952;0.1234900735494354;0.11289836367505492;1.0970532093963836;10.00078259099387;0.8335301548438718;1.097181369591968;1.0974105340420222;0.7599869409272075;-0.12579496773157764;0.7698423925338018
79.816929;1.0939283827706867;0.8335281914037252;0.7617578671887338;0.12349044307616815;0.11289813315782318;1.097048651276759;10.000795236962805;0.8335301439516919;1.0971822919770242;1.0974108180732196;0.7599855093073031;-0.12579496751125072;0.769844787240482
79.826929;1.0939288722434202;0.8335316516569167;0.7617589247361337;0.12349085033880888;0.11289790681040415;1.0970441427400894;10.000806636814534;0.8335302349363164;1.0971832504880366;1.0974111594099665;0.7599839189564739;-0.12579496729164502;0.7698472710252694
79.836929;1.093929350604347;0.8335351316103108;0.7617600375661354;0.12349129465384978;0.1128976846523392;1.0970396908114324;10.00081678496072;0.8335304226287752;1.097184242623656;1.09741155843868;0.7599821773728311;-0.12579496707289695;0.7698498422699772
79.846929;1.0939298127367838;0.8335386284330087;0.7617612065053636;0.1234917753029888;0.11289746702247651;1.097035298473607;10.000825706032169;0.8335307022880809;1.0971852675889537;1.0974120165837185;0.7599802923335498;-0.12579496685504388;0.7698524981153438
79.856929;1.0939302520640597;0.8335421389538623;0.7617624333050059;0.12349229136105018;0.11289725479310792;1.0970309673903955;10.000833456576023;0.8335310697935231;1.0971863254819032;1.0974125360859492;0.7599782711525465;-0.12579496663809714;0.769855233811433
79.866929;1.093930661050359;0.8335456583494586;0.7617637197807734;0.12349284157451272;0.11289704917688553;1.0970267005313998;10.000840114991203;0.8335315217880548;1.0971874160788972;1.0974131180790003;0.7599761209296901;-0.12579496642248206;0.7698580437080887
79.876929;1.0939310321101317;0.8335491790998245;0.7617650670727615;0.12349342435666795;0.11289685131276653;1.0970225033699104;10.000845769241433;0.8335320558307195;1.097188538381409;1.0974137609674361;0.7599738496658188;-0.12579496620930483;0.7698609221882948
79.886929;1.0939313587630082;0.8335526907671756;0.761766474941483;0.1234940378088397;0.11289666197499419;1.0970183847277482;10.00085050680355;0.8335326702827304;1.097189690949336;1.097414460930183;0.7599714661153399;-0.1257949660000739;0.7698638639338801
79.896929;1.0939316361968119;0.8335561806942329;0.7617679408370477;0.123494679761637;0.11289648150709883;1.0970143570024942;10.000854396558042;0.8335333641120204;1.0971908729056479;1.097415213048471;0.7599689787625222;-0.12579496579624985;0.7698668642523685
79.906929;1.093931861848379;0.8335596351828394;0.7617694595933748;0.12349534792437813;0.11289630984461096;1.0970104348088203;10.000857472370873;0.8335341372337517;1.097192085005502;1.0974160120181786;0.7599663959554638;-0.12579496559910527;0.7698699198542738
79.916929;1.093932036263573;0.8335630403883414;0.7617710240769348;0.12349604009300894;0.112896146583848;1.0970066329768677;10.000859736075972;0.8335349906907698;1.097193329597092;1.0974168527305797;0.7599637267897136;-0.12579496540988563;0.7698730295342874
79.926929;1.0939321633192391;0.83356638232351;0.7617726258751766;0.12349675415003941;0.11289599117229791;1.0970029655577402;10.000861167029774;0.8335359261430267;1.0971946088987288;1.0974177301132324;0.7599609812271586;-0.1257949652299199;0.7698761937129293
79.936929;1.0939322500268382;0.833569647435106;0.7617742562657127;0.12349748788079733;0.11289584308900509;1.0969994459139532;10.00086172587423;0.8335369450994375;1.0971959235098656;1.0974186377252608;0.7599581696889194;-0.12579496506048513;0.7698794127183224
79.946929;1.0939323064968605;0.8335728244193911;0.7617759076807878;0.12349823892816006;0.11289570191889362;1.0969960868830761;10.000861363568768;0.8335380477289612;1.097197272704361;1.0974195664308812;0.7599553032235483;-0.1257949649026373;0.7698826856074616
79.956929;1.0939323447029854;0.833575904879014;0.7617775739947079;0.12349900484112741;0.11289556742879275;1.0969929008981205;10.000860037118153;0.8335392322004523;1.0971986552241284;1.097420504254232;0.7599523937249443;-0.12579496475712276;0.7698860108399305
79.966929;1.0939323762480857;0.8335788825626771;0.7617792493052605;0.12349978302353336;0.11289543964536011;1.0969898999930654;10.000857713052444;0.8335404955983865;1.0972000699288067;1.0974214368240365;0.7599494531800497;-0.12579496462420864;0.76988938754737
79.976929;1.0939324113012951;0.8335817532381804;0.7617809271609326;0.12350057073500223;0.11289531887146974;1.0969870951136511;10.00085436366505;0.8335418348850541;1.0972015165211901;1.097422348949135;0.759946492829575;-0.12579496450357816;0.7698928159916609
79.986929;1.093932457969118;0.8335845150232726;0.7617826010498152;0.12350136528861647;0.11289520553309203;1.0969844951895174;10.00084998133413;0.8335432467605998;1.0972029957301532;1.0974232271309434;0.759943523105989;-0.12579496439452856;0.7698962969797227
79.996929;1.0939325214027278;0.8335871681004227;0.7617842652859931;0.12350216430248287;0.11289509992425298;1.0969821063213576;10.00084459619553;0.8335447269409011;1.0972045091776834;1.0974240598988139;0.7599405537414116;-0.12579496429626713;0.7698998304606058
80.006929;1.0939326043193163;0.8335897136278906;0.7617859157354184;0.12350296578412126;0.11289500218791561;1.0969799311424955;10.000838267669064;0.8335462693983976;1.0972060593011943;1.097424835722994;0.7599375936918444;-0.12579496420810843;0.7699034147258195
80.016929;1.0939327086733466;0.8335921526760254;0.7617875500040033;0.12350376793679399;0.11289491247594942;1.0969779696073898;10.000831064990717;0.8335478665760722;1.0972076479965311;1.097425542279806;0.7599346511009492;-0.12579496412961033;0.7699070472862892
80.026929;1.0939328369423118;0.8335944868675916;0.7617891665025315;0.12350456887949059;0.11289483100015553;1.0969762208890106;10.00082306710045;0.8335495108163047;1.0972092741849253;1.097426167978565;0.7599317335761352;-0.1257949640605556;0.7699107258434277
80.036929;1.0939329925318613;0.8335967199452262;0.7617907631195014;0.12350536664874139;0.11289475803064447;1.0969746841432975;10.00081437138143;0.8335511951722048;1.0972109332263171;1.0974267026357594;0.7599288487446316;-0.12579496400087437;0.7699144478813618
80.046929;1.0939331794702012;0.8335988574229756;0.7617923368345705;0.12350615946601448;0.1128946938513308;1.09697335812532;10.000805081318738;0.833552912706313;1.09721261823645;1.097427135837128;0.7599260044986931;-0.12579496395062167;0.7699182101436126
80.056929;1.093933402456178;0.8336009047600074;0.7617938838432902;0.12350694594226333;0.11289463860466983;1.096972240665866;10.00079528153418;0.8335546564227722;1.0972143203637859;1.0974274552314374;0.7599232086504186;-0.1257949639098858;0.76992200895099
80.066929;1.0939336671898914;0.8336028662268642;0.761795399619166;0.12350772512156757;0.11289459225394054;1.096971327694103;10.00078502787238;0.8335564213194079;1.09721602782851;1.097427646702057;0.7599204680754329;-0.1257949638786943;0.7699258407213073
80.076929;1.0939339793612113;0.83360474464127;0.7617968794909997;0.12350849639149837;0.11289455471181263;1.096970612813468;10.00077435401081;0.8335582058583971;1.0972177265384901;1.0974276950435515;0.7599177878107991;-0.12579496385706296;0.7699297023524637
80.086929;1.093934343157094;0.8336065421701397;0.7617983192885769;0.12350925926960274;0.11289452587376671;1.096970089090947;10.000763280410347;0.8335600101950613;1.0972194031124962;1.0974275843489982;0.7599151707956847;-0.12579496384513336;0.7699335907768091
80.096929;1.0939347616073807;0.8336082615971416;0.7617997153262447;0.12351001324328795;0.11289450561173563;1.0969697511373149;10.000751815539239;0.8335618330581405;1.0972210473038546;1.0974272997065175;0.7599126178845164;-0.12579496384340746;0.7699375016348622
80.106929;1.0939352380539555;0.8336099062551442;0.7618010640715448;0.12351075779978078;0.11289449388274532;1.0969695944181836;10.000739954480412;0.8335636704605023;1.097222652383355;1.0974268292770244;0.7599101278952379;-0.12579496385286898;0.7699414288730547
80.116929;1.0939357769013789;0.8336114788157236;0.7618023614793368;0.123511492589153;0.11289449086056996;1.0969696129389575;10.000727683209377;0.8335655164916026;1.0972242147358786;1.0974261645555552;0.759907698265929;-0.12579496387455796;0.7699453661619647
80.126929;1.0939363835569893;0.8336129800767532;0.7618036023545722;0.12351221753855461;0.11289449703265729;1.096969798150778;10.0007149715274;0.8335673643752584;1.0972257324990717;1.0974252994432387;0.759905325942694;-0.12579496390886763;0.7699493087421636
80.136929;1.0939370639484907;0.8336144086145759;0.7618047804509379;0.12351293277593851;0.11289451316387476;1.0969701393005793;10.000701754360291;0.833569207280018;1.097227203567939;1.097424229781342;0.759903007491813;-0.12579496395522274;0.7699532539244159
80.146929;1.0939378236409965;0.8336157622692336;0.7618058885395814;0.1235136385673689;0.11289454005778458;1.0969706249868156;10.000687943211194;0.8335710391676713;1.0972286251202694;1.0974229541332898;0.7599007381980758;-0.12579496401237333;0.7699572005322666
80.156929;1.093938666579716;0.8336170403452938;0.7618069183725652;0.12351433541843693;0.11289457826305366;1.096971245747224;10.000673464900473;0.8335728546565357;1.0972299949163935;1.0974214747737856;0.7598985110765443;-0.12579496407909635;0.7699611485581521
80.166929;1.0939395943932453;0.8336182441093645;0.7618078615913957;0.1235150241648783;0.11289462785843765;1.0969719950167585;10.00065827123796;0.833574648325345;1.0972313121818935;1.0974197972509883;0.7598963169151953;-0.12579496415459107;0.7699650987474012
80.176929;1.093940606964334;0.83361937596171;0.7618087108791407;0.12351570596456418;0.11289468844177472;1.0969728670273164;10.000642317543077;0.83357641501855;1.097232577440411;1.0974179294134467;0.759894145550958;-0.12579496423820236;0.769969051968694
80.186929;1.0939417035882377;0.8336204390278383;0.7618094602697147;0.12351638220240403;0.11289475930028531;1.0969738543423633;10.000625562206416;0.833578150369504;1.0972337922903768;1.097415881326971;0.7598919877177543;-0.12579496432908038;0.7699730092800706
80.196929;1.093942884460881;0.8336214370793391;0.7618101050251995;0.12351705431011653;0.11289483955514706;1.096974947542482;10.00060799988078;0.8335798507263988;1.097234959354924;1.0974136654137778;0.7598898358033418;-0.12579496442616828;0.769976972294771
80.206929;1.0939441515853392;0.8336223741236596;0.7618106412850536;0.12351772352243626;0.11289492829966936;1.0969761367721227;10.00058969030969;0.8335815128365788;1.097236083126111;1.097411296530766;0.7598876831054222;-0.1257949645282021;0.7699809430337189
80.216929;1.0939455074010964;0.8336232534161907;0.7618110656834689;0.12351839068937594;0.11289502478475302;1.0969774132980323;10.000570753159103;0.8335831335286435;1.097237171359097;1.0974087924379041;0.7598855238872626;-0.12579496463378254;0.7699849239476025
80.226929;1.0939469524673557;0.8336240762904706;0.7618113760848032;0.12351905627751739;0.11289512849025644;1.0969787699640867;10.000551339654205;0.8335847098686127;1.097238234526315;1.0974061734552583;0.7598833550628964;-0.1257949647418238;0.7699889181746005
80.236929;1.0939484848054142;0.8336248419668464;0.7618115728228996;0.12351972041291516;0.11289523899294948;1.0969802010691097;10.000531607621385;0.8335862391355806;1.0972392839598566;1.0974034605921508;0.7598811773696899;-0.12579496485188396;0.7699929289873145
80.246929;1.0939501012556534;0.8336255484074904;0.7618116587276387;0.12352038290331219;0.11289535576911357;1.0969817024018729;10.00051170493181;0.8335877179537096;1.0972403316408215;1.097400673256252;0.7598789944713801;-0.12579496496398607;0.7699969587666271
80.256929;1.0939517992210614;0.8336261928847927;0.7618116388394545;0.12352104344196033;0.11289547814691452;1.0969832713737702;10.000491755336343;0.8335891418329899;1.0972413906390053;1.0973978266763802;0.7598768108455102;-0.1257949650783933;0.7700010081996478
80.266929;1.09395357599838;0.8336267717977436;0.7618115208690482;0.12352170186201762;0.1128956054165326;1.0969849066498267;10.000471850586507;0.8335905055690018;1.0972424742623514;1.097394929843183;0.7598746303437239;-0.12579496519532948;0.7700050754549564
80.276929;1.093955425677531;0.8336272805247387;0.7618113150870149;0.12352235819121185;0.1128957368821807;1.0969866080269253;10.000452050325485;0.8335918038944554;1.0972435951386077;1.0973919863237565;0.7598724559966076;-0.12579496531453888;0.7700091558111054
80.286929;1.093957337514687;0.8336277138462646;0.7618110327414266;0.12352301260418351;0.11289587173486698;1.0969883773091151;10.000432387760739;0.8335930323805448;1.0972447648583143;1.0973889970945567;0.7598702902377156;-0.12579496543529736;0.7700132423404378
80.296929;1.0939592975706094;0.8336280666202887;0.7618106843366587;0.12352366534698558;0.11289600891249764;1.0969902178992612;10.000412880785046;0.8335941882071979;1.0972459941510757;1.0973859626013063;0.7598681352631812;-0.1257949655567797;0.7700173271785362
80.306929;1.0939612916458639;0.8336283337059537;0.7618102790235025;0.12352431657895713;0.11289614720070648;1.0969921324672516;10.000393540993189;0.8335952697493176;1.0972472946441294;1.097382884049178;0.7598659936487435;-0.1257949656781919;0.7700214027600676
80.316929;1.0939633075272925;0.8336285092191538;0.7618098247427898;0.12352496628691173;0.11289628551393695;1.0969941215154038;10.000374378512996;0.8335962747820749;1.0972486807870456;1.0973797641322969;0.7598638685693262;-0.12579496579881447;0.7700254626281563
80.326929;1.093965335179243;0.8336285868315139;0.7618093289905773;0.12352561452268242;0.11289642303014412;1.0969961831723047;10.000355409823905;0.8335971991467557;1.0972501685470166;1.0973766058065049;0.7598617632942829;-0.12579496591809025;0.7700295016116664
80.336929;1.0939673652131303;0.8336285612967967;0.7618087993448601;0.12352626177042103;0.11289655905280108;1.096998312787822;10.000336662312;0.8335980376294674;1.0972517715315042;1.097373410105759;0.7598596803581402;-0.1257949660355825;0.770033515495284
80.346929;1.0939693881021906;0.8336284299283419;0.7618082423402074;0.12352690896267758;0.11289669286670628;1.0970005031969445;10.00031816580714;0.8335987859799897;1.0972534990300875;1.0973701754883372;0.7598576206681211;-0.12579496615066774;0.7700375005717628
80.356929;1.0939713946752232;0.833628193863023;0.7618076619782799;0.12352755716324765;0.11289682381259704;1.0970027461594618;10.000299942710123;0.8335994419470376;1.0972553572399317;1.0973668991020171;0.7598555834028713;-0.12579496626209902;0.7700414535516419
80.366929;1.093973376896218;0.8336278586329311;0.7618070593256941;0.1235282072964556;0.11289695132378683;1.097005033229535;10.00028201302537;0.8336000052595162;1.0972573503805834;1.0973635790304004;0.7598535669702835;-0.12579496636807716;0.7700453718053395
80.376929;1.093975328175369;0.8336274326810558;0.7618064325221193;0.12352886004790783;0.11289707473178534;1.097007355257496;10.000264404179601;0.8336004770229928;1.0972594799969213;1.0973602154830455;0.7598515692507013;-0.1257949664669217;0.7700492534362481
80.386929;1.093977242458371;0.8336269246370664;0.7618057770780355;0.12352951586384815;0.11289719315416161;1.0970097019144347;10.00024714739837;0.8336008578664684;1.0972617440180512;1.0973568093502177;0.7598495864933277;-0.12579496655747668;0.7700530972495689
80.396929;1.093979113214699;0.8336263415499774;0.7618050866998043;0.1235301749888429;0.11289730563147538;1.0970120628170592;10.000230270442707;0.8336011462094652;1.0972641362703413;1.0973533595513647;0.7598476129372507;-0.12579496663884826;0.7700569028049066
80.406929;1.0939809332720158;0.8336256883426726;0.7618043538345965;0.1235308375520854;0.11289741125663164;1.097014429514773;10.000213800083475;0.8336013389765649;1.0972666464553644;1.0973498615569166;0.7598456420927651;-0.12579496671015364;0.7700606704973211
80.416929;1.0939826948989935;0.833624967699406;0.7618035697659162;0.12353150373177076;0.11289750917755208;1.0970167958197983;10.000197768243641;0.8336014333225974;1.0972692617480972;1.0973463081013648;0.7598436676812749;-0.1257949667707621;0.7700644018078683
80.426929;1.0939843907049696;0.8336241801590588;0.7618027251455566;0.12353217389067156;0.11289759862347909;1.0970191563032212;10.00018221792681;0.8336014267734583;1.097271969393878;1.0973426907751804;0.7598416832368647;-0.12579496682064406;0.770068099171498
80.436929;1.0939860153321548;0.8336233246685707;0.7618018114281045;0.12353284858544138;0.11289767895881035;1.0970215054159038;10.000167207120228;0.8336013164039308;1.0972747573675201;1.0973389999554022;0.7598396817537203;-0.1257949668606103;0.7700717652892667
80.446929;1.0939875663213;0.8336223997193526;0.7618008224696695;0.12353352844823261;0.11289774960043428;1.0970238386713418;10.000152806419877;0.8336010988482503;1.09727761302064;1.0973352241373786;0.7598376558929004;-0.12579496689234673;0.7700754028866024
80.456929;1.0939890438547832;0.8336214045285201;0.7617997547676736;0.12353421392050556;0.11289780979930213;1.097026154420649;10.000139090975496;0.8336007708994663;1.097280523098792;1.0973313519070091;0.7598355981924257;-0.12579496691804784;0.7700790148509657
80.466929;1.0939904496962258;0.8336203395895511;0.7617986062352069;0.12353490498865041;0.11289785851742071;1.0970284536583574;10.000126135884939;0.8336003296106995;1.0972834758395462;1.097327374980806;0.7598335011546509;-0.12579496694005102;0.7700826042516099
80.476929;1.0939917852754801;0.8336192062223228;0.7617973750565645;0.12353560112157304;0.11289789455343338;1.0970307377705555;10.000114024741746;0.83359977204597;1.097286462954315;1.0973232886444129;0.7598313574119218;-0.12579496696059034;0.7700861747886574
80.486929;1.0939930500133757;0.8336180053051327;0.761796059459411;0.1235363013888368;0.11289791670163504;1.09703300661895;10.000102853751423;0.8335990954363452;1.0972894805003948;1.0973190908345256;0.7598291599678931;-0.12579496698116746;0.7700897308594264
80.496929;1.0939942415729271;0.8336167362386568;0.761794658073527;0.12353700470733471;0.11289792373847995;1.097035258308889;10.000092715615889;0.8335982977674138;1.097292528043346;1.097314782878582;0.7598269022171831;-0.1257949670019161;0.7700932761629178
80.506929;1.0939953577615524;0.8336153967574375;0.7617931700128878;0.12353771007547172;0.11289791443699328;1.0970374891824402;10.000083691046372;0.8335973778883544;1.0972956060692236;1.0973103708988619;0.759824577861653;-0.12579496702171014;0.7700968126021445
80.516929;1.0939963975537097;0.8336139832105025;0.7617915939822881;0.12353841661501144;0.11289788770658006;1.0970396931911897;10.00007585956677;0.8335963349823272;1.0972987136750036;1.0973058651180392;0.7598221809920623;-0.12579496703888296;0.7701003403909606
80.526929;1.0939973608469056;0.8336124915912476;0.7617899272870277;0.12353912352630798;0.11289784262613381;1.0970418625305587;10.000069298603169;0.8335951685335854;1.0973018478505507;1.0973012776630922;0.7598197062756621;-0.12579496705199908;0.7701038584805351
80.536929;1.0939982491728202;0.8336109190449547;0.7617881663478195;0.1235398300775459;0.11289777835968158;1.0970439894845365;10.000064064261482;0.833593879142393;1.0973050035474479;1.0972966215959956;0.7598171491186776;-0.12579496706022858;0.7701073656209956
80.546929;1.0939990666833217;0.8336092645120138;0.7617863081378181;0.1235405355714545;0.11289769415914251;1.097046067459662;10.00006017663518;0.8335924694566115;1.0973081736125523;1.0972919109877202;0.7598145053433119;-0.12579496706325555;0.770110860978899
80.556929;1.0939998195140308;0.8336075286405933;0.7617843504553276;0.12354123927079969;0.11289758943550583;1.0970480916037204;10.00005761863194;0.8335909441915208;1.0973113484895796;1.0972871603477483;0.7598117708088488;-0.125794967060821;0.7701143429361531
80.566929;1.0940005151298002;0.83360571378906;0.7617822908875292;0.12354194031247942;0.11289746381192216;1.097050059062038;10.000056338768614;0.8335893088413758;1.0973145168054783;1.0972823833116006;0.7598089421385834;-0.12579496705212792;0.7701178083000881
80.576929;1.0940011627752178;0.833603824292282;0.761780126336845;0.12354263766835508;0.1128973172660522;1.0970519684076843;10.000056250359107;0.8335875683581699;1.0973176676396503;1.0972775910081836;0.7598060176552135;-0.12579496703552528;0.7701212532498756
80.586929;1.0940017734682836;0.8336018662690988;0.7617778539956974;0.12354333022341002;0.1128971503594955;1.0970538200814548;10.00005723890574;0.8335857271250698;1.09732079165594;1.097272791627245;0.7598029977140511;-0.12579496700846293;0.7701246738895282
80.596929;1.0940023594714807;0.833599846025744;0.7617754725352731;0.12354401694942455;0.11289696428797204;1.097055617615618;10.000059186557017;0.8335837898465192;1.0973238786949018;1.0972679923570894;0.7597998857082976;-0.12579496696754133;0.7701280656984927
80.606929;1.0940029337499526;0.8335977683631544;0.7617729825501859;0.12354469697839283;0.11289676068087079;1.0970573676658775;10.000061995941143;0.8335817625037871;1.097326915202183;1.0972632016496653;0.7597966891271604;-0.125794966908893;0.7701314235359734
80.616929;1.0940035091191922;0.833595636142116;0.7617703867345129;0.12354536938589934;0.11289654140817837;1.097059078900573;10.000065596901932;0.8335796537350947;1.0973298844525796;1.0972584296253085;0.7597934186222769;-0.12579496682877153;0.7701347424961089
80.626929;1.094004097471216;0.8335934506013108;0.7617676897759033;0.12354603289823404;0.11289630851614271;1.0970607603409406;10.000069942907365;0.8335774759879996;1.0973327680601583;1.097253686809568;0.759790086032272;-0.12579496672372292;0.7701380182916869
80.636929;1.0940047088950677;0.8335912123561943;0.7617648973427069;0.12354668586184607;0.11289606417714841;1.09706242000432;10.000075011089306;0.8335752440274508;1.097335547667675;1.0972489826269336;0.7597867034094661;-0.12579496659052133;0.7701412467647233
80.646929;1.0940053510558423;0.8335889220420973;0.7617620145370262;0.12354732646890121;0.11289581056025214;1.097064064308307;10.00008080367985;0.8335729714758352;1.097338206700515;1.0972443252839863;0.7597832828930502;-0.12579496642651897;0.7701444231997303
80.656929;1.0940060299251015;0.8335865794872621;0.7617590448595247;0.12354795309130966;0.11289554968438788;1.097065697776735;10.000087337797432;0.8335706686916063;1.097340731513929;1.0972397225961044;0.7597798364931541;-0.12579496622997383;0.7701475419745912
80.666929;1.0940067504178441;0.833584183145858;0.7617559898649141;0.12354856450320811;0.11289528341695826;1.0970673228327676;10.000094633252939;0.83356834308536;1.0973431119796038;1.0972351815192403;0.7597763760034051;-0.12579496599975587;0.7701505967400449
80.676929;1.094007515060035;0.8335817310372144;0.761752848965368;0.12354915978191817;0.11289501352400785;1.0970689398231446;10.000102716803992;0.8335660007416449;1.097345341773821;1.0972307067192884;0.7597729138244761;-0.12579496573496332;0.770153581221121
80.686929;1.0940083225124086;0.8335792220082197;0.761749619906769;0.12354973804865507;0.11289474152563196;1.0970705475302172;10.000111631810924;0.8335636474531225;1.0973474177582294;1.0972263009069199;0.7597694635881933;-0.1257949654347398;0.7701564901844704
80.696929;1.0940091688149822;0.8335766559608573;0.7617463008122277;0.12355029833912126;0.11289446855670286;1.097072143804888;10.00012143319592;0.8335612881130692;1.0973493384287085;1.09722196735798;0.759766038859652;-0.1257949650980498;0.7701593194838032
80.706929;1.094010050202104;0.8335740328010749;0.7617428921512795;0.12355083956516559;0.11289419555562115;1.0970737266281598;10.000132163871866;0.8335589254662292;1.0973511023726779;1.0972177117650805;0.7597626515541704;-0.12579496472371635;0.7701620651939995
80.716929;1.0940109642892684;0.8335713511536899;0.7617393964605046;0.12355136047287384;0.11289392354749483;1.097075296195319;10.000143827806525;0.8335565596987233;1.0973527072022704;1.0972135418861335;0.759759312519255;-0.1257949643109274;0.7701647230740759
80.726929;1.0940119091900598;0.8335686080572072;0.7617358167770777;0.12355185970586179;0.11289365364831425;1.0970768563356748;10.000156386723116;0.8335541892981534;1.0973541493645569;1.097209466380796;0.759756032872698;-0.12579496385970496;0.7701672888518984
80.736929;1.0940128824732418;0.8335657998512712;0.7617321557041161;0.12355233595380638;0.1128933869192218;1.0970784143166654;10.000169782818078;0.8335518125801515;1.0973554245940214;1.0972054937625109;0.7597528238031811;-0.12579496337066723;0.7701697587360671
80.746929;1.0940138810124755;0.833562923375391;0.7617284159271647;0.12355278806568701;0.11289312437137891;1.097079980665788;10.000183962821502;0.833549428543478;1.0973565281377067;1.0972016321752796;0.7597496963833004;-0.12579496284416694;0.7701721296745225
80.756929;1.0940149009467324;0.8335599759831714;0.7617246016618884;0.12355321513917658;0.11289286703814697;1.0970815692812266;10.000198887453138;0.8335470362083442;1.0973574551112992;1.0971978907405313;0.7597466626795982;-0.12579496227985573;0.7701743995396462
80.766929;1.094015937302095;0.833556954763513;0.7617207190541455;0.12355361652796817;0.11289261596712766;1.0970831960918452;10.00021452454608;0.833544633781318;1.0973582013753387;1.0971942813262965;0.7597437355296348;-0.12579496167731377;0.7701765672167131
80.776929;1.09401698408579;0.8335538568995791;0.7617167752430186;0.12355399164086253;0.11289237222811221;1.097084876412133;10.00023083603261;0.8335422193090997;1.0973587639544;1.0971908190525272;0.7597409264044166;-0.12579496103698892;0.770178632754964
80.786929;1.0940180352368971;0.8335506805429613;0.7617127776621827;0.1235543396256683;0.11289213688383455;1.097086623741057;10.00024777412591;0.8335397919021039;1.0973591404165188;1.0971875208954809;0.7597382442687952;-0.12579496036038684;0.7701805979521551
80.796929;1.094019085523851;0.8335474245656586;0.7617087336355953;0.12355465925053688;0.11289191085521318;1.097088450542859;10.000265286100293;0.8335373520305819;1.0973593290111527;1.0971844028079623;0.7597356960564023;-0.12579495964953497;0.7701824663207425
80.806929;1.0940201306203723;0.8335440879044518;0.7617046497188363;0.12355494908591526;0.11289169486833625;1.097090368023918;10.00028331647661;0.8335349012486182;1.0973593297282895;1.0971814767497845;0.7597332869097209;-0.12579495890655124;0.7701842421590461
80.816929;1.0940211671019626;0.8335406696203652;0.7617005314054949;0.12355520768319656;0.11289148952733268;1.0970923842027736;10.000301809677756;0.8335324420071724;1.0973591435943786;1.0971787493977854;0.75973101973343;-0.12579495813348732;0.7701859302536613
80.826929;1.0940221930141352;0.8335371696925445;0.761696383769005;0.12355543357134798;0.1128912954085493;1.0970945021429144;10.000320721662527;0.8335299772331526;1.0973587709791348;1.097176222857611;0.7597288952394753;-0.12579495733205998;0.7701875361528924
80.836929;1.094023208411228;0.8335335898248881;0.7616922128628774;0.1235556252301735;0.11289111309227853;1.0970967188041874;10.000340025194792;0.8335275097137532;1.0973582112995748;1.0971738964468865;0.7597269125031003;-0.12579495650333253;0.7701890659751119
80.846929;1.094024214664912;0.8335299329300088;0.7616880270301285;0.12355578112436999;0.1128909430768755;1.0970990252638164;10.00035969531361;0.8335250420837848;1.097357464216832;1.0971717687358502;0.7597250689225503;-0.1257949556475256;0.77019052609929
80.856929;1.0940252125256675;0.8335262015754691;0.7616838369990326;0.12355589978848526;0.11289078572038129;1.0971014087305129;10.000379700534392;0.8335225772870958;1.0973565311914262;1.0971698383992068;0.7597233600873792;-0.1257949547641257;0.7701919232120054
80.866929;1.0940262012799107;0.8335223971971808;0.7616796547682027;0.12355598002202696;0.11289064132500484;1.0971038547791612;10.000400020550817;0.833520118437652;1.0973554154544116;1.0971681034579888;0.7597217806435353;-0.12579495385249304;0.7701932640788409
80.876929;1.094027179484033;0.8335185202456706;0.7616754922780012;0.12355602107042553;0.11289051026703169;1.0971063487905026;10.000420661438117;0.8335176682977279;1.0973541203838517;1.097166560280035;0.7597203256067457;-0.12579495291263154;0.7701945547166655
80.886929;1.0940281447155713;0.833514570695607;0.761671360698391;0.12355602258775165;0.11289039302286374;1.0971088766890842;10.000441637160977;0.8335152296348565;1.097352648203035;1.0971652027879017;0.7597189912752688;-0.1257949519456099;0.7701957995073043
80.896929;1.094029092156818;0.8335105484529135;0.76166727056667;0.1235559845678753;0.11289029000900237;1.0971114255853174;10.000462938300034;0.8335128057113611;1.0973510003870797;1.097164021467986;0.7597177752228029;-0.12579495095353596;0.7701970003520872
80.906929;1.094030013801343;0.8335064529572656;0.7616632320576521;0.12355590740111125;0.11289020144325873;1.0971139842613935;10.000484528787359;0.833510400000543;1.0973491798687978;1.0971630025977264;0.7597166749398953;-0.12579494993911808;0.7701981565292851
80.916929;1.094030898689833;0.833502282482414;0.7616592544052959;0.12355579179431138;0.11289012745108215;1.0971165431351229;10.000506370477442;0.8335080167904076;1.0973471923283367;1.0971621289486129;0.759715686070603;-0.12579494890512816;0.7701992662030765
80.926929;1.0940317343300998;0.8334980342070849;0.7616553449792922;0.1235556385292679;0.11289006822345701;1.097119094207955;10.000528438231273;0.8335056624719253;1.0973450449931228;1.0971613820866937;0.7597148018879543;-0.1257949478544015;0.7702003286295496
80.936929;1.094032508665931;0.8334937056838195;0.7616515093966898;0.1235554484085975;0.11289002401611348;1.0971216310972955;10.000550710460194;0.8335033446039019;1.0973427455217633;1.097160744397685;0.7597140142803602;-0.12579494679027547;0.7702013457350931
80.946929;1.0940332105203823;0.8334892966877064;0.7616477525111914;0.12355522233251096;0.11288999503836779;1.097124149758951;10.000573162296613;0.8335010687986631;1.0973403016308287;1.0971601994323827;0.7597133152491011;-0.12579494571664296;0.770202322052839
80.956929;1.0940338287426774;0.8334848097604017;0.7616440791928639;0.12355496115009919;0.1128899813178098;1.097126649728309;10.000595778050295;0.8334988368510402;1.0973377203832502;1.0971597315939954;0.7597126978573034;-0.12579494463760493;0.770203262687772
80.966929;1.0940343524887692;0.8334802505457845;0.7616404941072259;0.12355466548720609;0.11288998265524618;1.0971291338264544;10.00061855937158;0.8334966474814134;1.0973350080531485;1.0971593269291144;0.7597121565088137;-0.1257949435573985;0.7702041714798288
80.976929;1.0940347723438753;0.8334756288016509;0.761637000451923;0.1235543358516035;0.1128899987266571;1.0971316066965466;10.000641514697866;0.8334944974847928;1.097332170090935;1.0971589747968067;0.7597116869928435;-0.1257949424805884;0.7702050511760807
80.986929;1.094035080440257;0.8334709585439147;0.7616335993064787;0.12355397274203991;0.11289002919101164;1.0971340742916251;10.000664647775373;0.8334923825066409;1.0973292107284605;1.0971586688917094;0.759711285929974;-0.12579494141218825;0.7702059045346368
80.996929;1.0940352705024043;0.8334662566843545;0.7616302904854247;0.12355357663531168;0.11289007367351263;1.0971365440406036;10.000687952747818;0.833490298659211;1.0973261335501254;1.0971584062486657;0.7597109496427928;-0.12579494035754096;0.7702067347582985
81.006929;1.0940353386566326;0.8334615408573994;0.7616270732639716;0.12355314807724285;0.11289013172324788;1.0971390237042642;10.000711411428025;0.8334882436426987;1.0973229422773283;1.0971581839353297;0.7597106740278556;-0.12579493932183422;0.770207545291829
81.016929;1.0940352829985729;0.8334568277815292;0.76162394618654;0.12355268778564427;0.11289020290933566;1.097141519226422;10.000734996998968;0.8334862153254655;1.0973196411582706;1.097157995760235;0.7597104556966243;-0.1257949383097543;0.770208339617938
81.026929;1.0940351012355858;0.8334521328109145;0.7616209072506053;0.12355219658287583;0.11289028701277308;1.0971440345013426;10.000758682659177;0.8334842093926444;1.0973162362276305;1.0971578318150863;0.759710292403509;-0.12579493732599778;0.7702091209571051
81.036929;1.0940347889446291;0.8334474695315152;0.7616179550209039;0.12355167529934742;0.11289038410401635;1.0971465730415237;10.00078244826944;0.833482219127043;1.0973127364763673;1.0971576803020089;0.7597101823855619;-0.12579493637608438;0.7702098916095068
81.046929;1.0940343400608268;0.8334428490225008;0.7616150895526136;0.12355112473505092;0.1128904944013771;1.0971491385086456;10.000806282221243;0.8334802376965862;1.0973091527340788;1.0971575292981919;0.7597101244493759;-0.1257949354662233;0.7702106520720852
81.056929;1.0940337481246216;0.8334382799175298;0.7616123121954013;0.12355054567126267;0.112890618083853;1.0971517339317347;10.000830174319294;0.8334782605819501;1.097305495199258;1.0971573673600574;0.7597101189204675;-0.12579493460237728;0.7702114008675179
81.066929;1.0940330068794035;0.8334337696528038;0.7616096250341354;0.12354993896524447;0.11289075527962755;1.0971543614696397;10.000854099183638;0.8334762854461281;1.097301772434939;1.0971571830229017;0.7597101672192609;-0.12579493378972623;0.7702121354301796
81.076929;1.094032110153581;0.8334293256337764;0.7616070312745516;0.12354930558159775;0.11289090612454926;1.0971570225496279;10.000878008944252;0.8334743096995965;1.097297992184445;1.0971569651466047;0.7597102699122248;-0.12579493303268816;0.7702128526768353
81.086929;1.0940310511218831;0.8334249549311047;0.7616045360121075;0.12354864647520801;0.11289107070988073;1.0971597177570611;10.000901848960936;0.8334723291140214;1.0972941618069145;1.0971567051460143;0.759710426202749;-0.12579493233489736;0.7702135485108011
81.096929;1.0940298219969593;0.8334206634662651;0.7616021455942238;0.12354796250514676;0.11289124905566396;1.0971624469633166;10.000925577239972;0.8334703388214335;1.0972902873740713;1.0971563975637686;0.759710635325905;-0.1257949316990671;0.7702142172569418
81.106929;1.0940284152888913;0.8334164565695518;0.7615998652871426;0.123547254509779;0.11289144123178647;1.0971652095207673;10.000949172941159;0.8334683348371547;1.0972863731340274;1.0971560373808817;0.7597108973192471;-0.12579493112683712;0.7702148518508038
81.116929;1.0940268258748926;0.8334123401109148;0.7615976971162279;0.12354652343818358;0.11289164746945456;1.0971680042519953;10.000972638831643;0.8334663144200898;1.0972824225548823;1.097155618350993;0.7597112123651313;-0.12579493061863703;0.7702154439110422
81.126929;1.0940250524653528;0.8334083206278121;0.7615956398327678;0.12354577035745878;0.11289186811692095;1.0971708295479479;10.000996001112169;0.8334642750626061;1.0972784393389325;1.0971551341935064;0.7597115794894646;-0.12579493017392787;0.7702159835821693
81.136929;1.0940230984784567;0.833404404639233;0.7615936902811901;0.12354499635757496;0.11289210346934646;1.097173683443908;10.001019310319622;0.8334622135465829;1.097274426594114;1.0971545795034363;0.7597119954671427;-0.1257949297919189;0.7702164607848511
81.146929;1.0940209729067478;0.8334005975498898;0.7615918445620029;0.12354420250439481;0.1128923535313047;1.097176563270846;10.001042635969716;0.8334601261911756;1.0972703855343755;1.0971539492082658;0.7597124546035893;-0.12579492947216792;0.7702168672135327
81.156929;1.0940186903683207;0.8333969026786495;0.7615900995501838;0.12354338991251376;0.11289261782285552;1.0971794648410653;10.001066046712376;0.8334580099045921;1.0972663156498168;1.0971532379457178;0.7597129494138698;-0.1257949292145877;0.7702171968707942
81.166929;1.0940162690874264;0.8333933214832838;0.761588454491359;0.12354255986468508;0.1128928954002405;1.0971823826247062;10.001089589098783;0.8334558634842938;1.0972622150232803;1.097152440106058;0.7597134715155189;-0.12579492901907077;0.7702174451981827
81.176929;1.0940137274699138;0.83338985499266;0.7615869106809887;0.12354171381026047;0.11289318505831994;1.0971853116952932;10.001113281421253;0.8334536880822246;1.0972580799561928;1.0971515509456014;0.7597140119867918;-0.12579492888527402;0.7702176084825576
81.186929;1.094011081710819;0.8333865049394253;0.761585469917435;0.12354085329969547;0.11289348554909423;1.09718824882336;10.001137127067746;0.8334514858933143;1.0972539053007493;1.0971505684707945;0.7597145614670058;-0.12579492881290424;0.7702176840643539
81.196929;1.0940083455943985;0.8333832737746075;0.7615841339983181;0.1235399800325585;0.11289379567876902;1.097191191452794;10.001161134532468;0.8334492581986905;1.097249684896838;1.0971494945331948;0.759715110511639;-0.1257949288021055;0.770217669791618
81.206929;1.0940055317193993;0.8333801640861305;0.7615829046972696;0.12353909594548357;0.11289411427315399;1.0971941370490657;10.001185325789383;0.8334470048119981;1.0972454115591244;1.0971483342404373;0.7597156497019083;-0.12579492885323726;0.7702175626686139
81.216929;1.0940026534793852;0.8333771775767829;0.7615817827038212;0.12353820320260901;0.11289444017152629;1.0971970834173532;10.001209732100373;0.8334447255122679;1.097241078129405;1.0971470946837614;0.7597161693941824;-0.1257949289662343;0.7702173592687979
81.226929;1.0939997264003198;0.8333743142795985;0.76158076675888;0.12353730409139113;0.11289477223889952;1.097200028194621;10.001234385988942;0.8334424220930329;1.0972366790160537;1.0971457844696904;0.7597166599710398;-0.1257949291402639;0.7702170578809399
81.236929;1.093996767142514;0.8333715731079251;0.7615798545475503;0.1235364008936356;0.11289510929363485;1.097202968311061;10.001259320239004;0.8334400990419215;1.0972322106295553;1.0971444143581817;0.7597171127119653;-0.1257949293738947;0.7702166592876132
81.246929;1.0939937907491095;0.8333689528761677;0.7615790441269177;0.12353549577641099;0.11289545001726345;1.0972059008944406;10.001284575100843;0.8334377629239574;1.0972276710015039;1.0971429977171412;0.7597175206244278;-0.1257949296654923;0.7702161654897002
81.256929;1.0939908079160259;0.8333664528134945;0.7615783347194801;0.12353459069852413;0.11289579290517397;1.0972088244188187;10.001310192703036;0.8334354218446477;1.0972230588389595;1.0971415491478342;0.7597178787366851;-0.12579493001337233;0.7702155783831963
81.266929;1.0939878236260887;0.8333640732675855;0.7615777273957687;0.12353368738273741;0.11289613627546306;1.0972117392278462;10.001336195653405;0.8334330843218275;1.0972183730925276;1.0971400816890877;0.7597181838828779;-0.12579493041581;0.7702148994268265
81.276929;1.093984837596156;0.8333618161811622;0.7615772254522976;0.12353278743255126;0.1128964784214021;1.0972146472976514;10.00136257794714;0.833430757248197;1.0972136143430322;1.0971386058824608;0.759718434344345;-0.12579493087113627;0.7702141295794857
81.286929;1.0939818455100765;0.8333596842107087;0.761576833954836;0.1235318925033582;0.11289681788870291;1.0972175506325186;10.001389316032366;0.8334284448151322;1.0972087853659895;1.0971371318420002;0.7597186292226401;-0.12579493137746142;0.7702132686423075
81.296929;1.0939788401296868;0.8333576795111174;0.7615765588652058;0.12353100430435951;0.11289715362723202;1.0972204494946218;10.001416382587367;0.8334261488884073;1.0972038893681444;1.097135670430684;0.7597187679278319;-0.12579493193215036;0.7702123145578846
81.306929;1.0939758125808303;0.8333558034515272;0.7615764060283825;0.1235301244283388;0.11289748488141804;1.0972233416031363;10.001443753999416;0.8334238700173662;1.0971989287916346;1.0971342320687552;0.7597188503537756;-0.12579493253185503;0.7702112635753945
81.316929;1.0939727536787993;0.8333540564371914;0.7615763799371523;0.12352925426261607;0.11289781097565206;1.0972262217536608;10.001471410907754;0.833421608926387;1.0971939053207258;1.097132825845073;0.759718876797756;-0.1257949331731656;0.7702101115407165
81.326929;1.0939696547884987;0.8333524369374017;0.7615764827463591;0.12352839502001323;0.1128981312611198;1.0972290823549904;10.001499330834081;0.8334193676669752;1.0971888204988312;1.0971314598829773;0.7597188475659984;-0.12579493385326726;0.7702088558549918
81.336929;1.0939665085380053;0.8333509411325998;0.7615767140624587;0.12352754771386273;0.1128984453506656;1.0972319146073135;10.001527480558027;0.8334171499290718;1.0971836777005333;1.0971301423619002;0.7597187638322421;-0.125794934570018;0.7702074965384179
81.346929;1.0939633097865857;0.8333495640073189;0.7615770713344114;0.1235267131667519;0.11289875334961304;1.0972347088524137;10.00155581995312;0.8334149615310861;1.0971784835534495;1.0971288823541503;0.7597186291162253;-0.12579493532138317;0.7702060355188242
81.356929;1.0939600566217673;0.8333483001691321;0.7615775509525502;0.12352589222966612;0.11289905576339385;1.0972374550077149;10.001584309627816;0.8334128105471933;1.097173246286931;1.0971276899598392;0.7597184488956569;-0.1257949361047643;0.7702044752740765
81.366929;1.0939567502076675;0.8333471440142592;0.761578149755441;0.12352508596526272;0.1128993532639243;1.0972401439994148;10.001612906990227;0.8334107061807299;1.097167972287862;1.0971265756750488;0.7597182284381939;-0.12579493691687635;0.7702028186050358
81.376929;1.0939533932073355;0.8333460904166932;0.7615788654322068;0.1235242954936209;0.11289964659755321;1.0972427688182138;10.001641555830442;0.8334086579577975;1.0971626644206827;1.0971255490705836;0.759717971460431;-0.12579493775437253;0.7702010693648975
81.386929;1.0939499890896165;0.8333451358878702;0.7615796961547221;0.12352352171081704;0.11289993658664695;1.0972453247864902;10.001670182756019;0.8334066758856252;1.0971573237272418;1.097124618094871;0.7597176809109192;-0.12579493861468574;0.770199232102213
81.396929;1.0939465432132132;0.833344279297672;0.761580640811374;0.12352276520872169;0.11290022405989247;1.0972478101659502;10.001698701062947;0.8334047702846082;1.0971519524395386;1.0971237897767891;0.7597173606976233;-0.12579493949625978;0.7701973108854473
81.406929;1.0939430635009701;0.8333435217968305;0.7615816987585671;0.12352202639381016;0.11290050970810998;1.0972502265822615;10.001727013082444;0.8334029508297599;1.0971465554878337;1.0971230708185322;0.7597170165194881;-0.12579494039826883;0.770195309864272
81.416929;1.0939395597378045;0.8333428662506679;0.7615828683639215;0.12352130570056968;0.11290079399177087;1.0972525774405537;10.001755005799431;0.8334012256484468;1.0971411391212254;1.09712246703938;0.7597166550057606;-0.12579494132051872;0.7701932353026234
81.426929;1.093936042818418;0.8333423160333816;0.761584145941957;0.12352060381052891;0.11290107711456772;1.0972548648923945;10.001782548190986;0.8333996016952264;1.0971357075269965;1.0971219829736731;0.7597162823376155;-0.12579494226327267;0.7701910957984793
81.436929;1.0939325243395033;0.8333418734083475;0.7615855264424801;0.12351992168452415;0.11290135899994243;1.0972570879310932;10.001809501036979;0.8333980860800864;1.0971302611481117;1.0971216221459699;0.75971590444744;-0.1257949432265892;0.7701888997201629
81.446929;1.0939290159352668;0.8333415393596407;0.7615870052881708;0.12351926036676153;0.11290163928595674;1.0972592429148242;10.001835734137792;0.83339668668971;1.0971247986396262;1.0971213875154582;0.7597155283062653;-0.1257949442096816;0.7701866528452402
81.456929;1.0939255291301466;0.8333413154383034;0.7615885790455464;0.12351862083239722;0.11290191733953876;1.097261325195688;10.001861146876411;0.8333954117579823;1.0971193195022584;1.0971212825033847;0.7597151618407734;-0.12579494521092113;0.7701843585918275
81.466929;1.0939220760855188;0.8333412050177652;0.7615902440943954;0.12351800398426312;0.1129021923428395;1.0972633292731844;10.001885689214541;0.8333942693459274;1.0971138245444019;1.0971213120244119;0.7597148124669747;-0.12579494622832652;0.7701820194161942
81.476929;1.09391866961986;0.8333412121458723;0.7615919953307191;0.1235174106403256;0.11290246349984377;1.0972652475775357;10.001909363384978;0.8333932677341759;1.0971083156759622;1.0971214826306361;0.7597144860400324;-0.12579494725994442;0.7701796372204978
81.486929;1.0939153220096436;0.8333413393280868;0.761593826288864;0.1235168415177661;0.11290273021218983;1.0972670701873772;10.001932203200374;0.8333924164601932;1.0971027966316749;1.0971218024309044;0.7597141869878437;-0.12579494830401922;0.7701772133536152
81.496929;1.0939120440442445;0.8333415864418162;0.7615957298655555;0.12351629720659547;0.11290299208239493;1.097268785849761;10.001954248920597;0.8333917263104247;1.0970972730497057;1.0971222809473538;0.7597139189108002;-0.12579494935919552;0.7701747490971871
81.506929;1.0939088444500673;0.8333419515920272;0.7615976988848314;0.12351577801436109;0.11290324876788699;1.0972703839196263;10.001975527909732;0.8333912081384558;1.0970917517406937;1.0971229279573542;0.7597136843512083;-0.1257949504247558;0.7701722458341018
81.516929;1.0939057291674676;0.8333424325189601;0.7615997264873626;0.12351528382733683;0.1129034998325503;1.0972718565634685;10.001996054134063;0.8333908717913165;1.09708624040308;1.0971237519206958;0.7597134846327456;-0.1257949515005383;0.7701697050010785
81.526929;1.093902701870702;0.833343027031216;0.7616018063618353;0.12351481410749063;0.11290374472257546;1.0972731993237943;10.002015842029216;0.8333907254844801;1.097080747271629;1.0971247589269406;0.7597133210796264;-0.12579495258634482;0.7701671286320771
81.536929;1.0938997651688143;0.8333437328818551;0.761603932915809;0.12351436786141784;0.11290398279758716;1.0972744104032481;10.002034903800862;0.8333907758833687;1.0970752807546025;1.0971259515321816;0.759713195471261;-0.12579495368141458;0.7701645199049436
81.546929;1.0938969201273219;0.8333445479900999;0.7616061005980251;0.12351394361415623;0.11290421332623567;1.0972754903319657;10.002053228019935;0.8333910280987407;1.0970698493018463;1.0971273281442475;0.7597131085974247;-0.12579495478450084;0.7701618830561209
81.556929;1.0938941659650878;0.833345470810609;0.7616083021773704;0.12351353961799254;0.11290443548105714;1.0972764413208473;10.002070769965005;0.8333914839342124;1.0970644604923767;1.0971288839089797;0.759713059223431;-0.12579495589423464;0.7701592225475715
81.566929;1.0938915019830948;0.8333465002515302;0.7616105279861913;0.12351315424031027;0.11290464837433278;1.0972772660316201;10.002087469756864;0.8333921403374515;1.0970591199018167;1.097130611981974;0.7597130445824258;-0.1257949570092627;0.7701565416426825
81.576929;1.0938889291749159;0.8333476352260581;0.7616127663549936;0.12351278621509951;0.11290485112710581;1.097277967330785;10.002103279354191;0.8333929903461169;1.0970538314637779;1.097132504239579;0.7597130611427246;-0.1257949581280996;0.7701538414120388
81.586929;1.0938864497908565;0.8333488741701528;0.7616150035859723;0.12351243460416522;0.11290504292830998;1.0972785498058726;10.002118166672314;0.8333940244700186;1.0970485984626492;1.0971345512751614;0.7597131043917839;-0.12579495924900366;0.7701511209369404
81.596929;1.093884066610269;0.8333502146272462;0.761617224157591;0.12351209865622145;0.11290522303743267;1.0972790215557509;10.002132096500775;0.8333952316651427;1.097043423234137;1.0971367417276483;0.7597131684036927;-0.1257949603701054;0.7701483784963749
81.606929;1.093881783380147;0.8333516530105582;0.7616194121153759;0.123511777799883;0.11290539076506989;1.0972793933389307;10.002145021148559;0.8333966007198551;1.0970383064351663;1.0971390621503667;0.7597132467575235;-0.1257949614895326;0.7701456128212638
81.616929;1.0938796056844657;0.8333531849241284;0.7616215524535408;0.12351147173761062;0.1129055455204783;1.0972796749710563;10.002156890468193;0.8333981205544565;1.097033247762794;1.0971414990641548;0.7597133340184997;-0.12579496260532746;0.7701428234024273
81.626929;1.0938775413716584;0.8333548060379171;0.7616236316517873;0.12351118038061579;0.11290568684615174;1.0972798726064266;10.002167652856517;0.8333997794937897;1.0970282477341278;1.0971440423028636;0.759713426081663;-0.12579496371531734;0.7701400100607326
81.636929;1.0938756000564327;0.8333565125099274;0.761625637823575;0.12351090350140784;0.1129058143241657;1.0972799885493547;10.002177250302832;0.833401565467376;1.0970233087062908;1.0971466861485053;0.7597135194979108;-0.12579496481717295;0.7701371727235988
81.646929;1.0938737906437819;0.8333583006287528;0.7616275610108463;0.1235106403844423;0.11290592753221657;1.0972800219091758;10.002185634333184;0.8334034667310473;1.097018434921457;1.0971494264612314;0.7597136107962261;-0.1257949659088619;0.7701343114233675
81.656929;1.0938721180979738;0.8333601661462929;0.7616293933516056;0.12351038980165888;0.11290602620020505;1.0972799696727835;10.002192782384185;0.8334054717460159;1.097013633321626;1.0971522568592282;0.7597136965044622;-0.12579496698903914;0.7701314263684631
81.666929;1.0938705827319468;0.8333621034588635;0.7616311287618501;0.12351015026382463;0.11290611035931308;1.0972798282299034;10.002198690450406;0.8334075687315304;1.0970089157387661;1.0971551680536498;0.7597137738792151;-0.12579496805657694;0.7701285187461888
81.676929;1.0938691819640713;0.8333641051332055;0.761632762916265;0.12350992026416355;0.11290618031175105;1.0972795939340494;10.002203362447483;0.8334097459706065;1.0970043003369883;1.0971581491605997;0.7597138419070887;-0.12579496910967788;0.7701255918565392
81.686929;1.0938679119503143;0.8333661621795653;0.7616342941326698;0.12350969840678956;0.11290623656334302;1.0972792635928517;10.002206813124973;0.8334119922152494;1.0969998100490912;1.0971611879685905;0.7597139020867673;-0.12579497014561317;0.7701226509077681
81.696929;1.0938667681701122;0.8333682649955023;0.7616357241162106;0.12350948354188512;0.11290627975836494;1.0972788364076047;10.002209069165614;0.8334142966294166;1.096995469012103;1.0971642712523098;0.7597139576604004;-0.12579497116117053;0.7701197015551364
81.706929;1.0938657453217775;0.8333704043383713;0.7616370573243326;0.12350927488025526;0.11290631045938591;1.0972783159601176;10.00221015951703;0.8334166492567429;1.096991299793429;1.0971673863854183;0.759714011106843;-0.12579497215317573;0.7701167490142381
81.716929;1.0938648377970077;0.833372571398955;0.7616382997966159;0.12350907198848281;0.11290632892522491;1.0972777108155631;10.00221011287373;0.8334190418728293;1.0969873222458242;1.0971705224670505;0.7597140624744843;-0.12579497311867388;0.7701137983463523
81.726929;1.0938640418815124;0.8333747576489767;0.7616394586645872;0.12350887476027014;0.11290633522639235;1.0972770334271493;10.002208963183245;0.8334214681875782;1.0969835531822263;1.0971736698167298;0.7597141099945579;-0.1257949740548956;0.7701108549589676
81.736929;1.093863357814009;0.8333769556629059;0.7616405419322018;0.12350868337526934;0.11290632960635325;1.097276297963854;10.002206741881746;0.8334239238364921;1.0969800060003039;1.097176818980207;0.759714151492739;-0.12579497495936598;0.7701079246399097
81.746929;1.093862789142531;0.8333791600739839;0.7616415585204297;0.12350849816456634;0.11290631270650288;1.0972755185451146;10.00220346509667;0.8334264064243176;1.096976689712693;1.097179961095859;0.7597141850478105;-0.12579497583022778;0.7701050133664593
81.756929;1.0938623402494223;0.8333813673775737;0.761642518550536;0.1235083194514794;0.11290628557985735;1.09727470854598;10.002199141062816;0.8334289141798543;1.0969736088905588;1.097183090232613;0.759714208978183;-0.1257949766663688;0.7701021266706034
81.766929;1.093862014669669;0.8333835745916381;0.7616434327711815;0.12350814742344544;0.11290624965719517;1.0972738800610355;10.00219379126766;0.8334314432541646;1.096970766127184;1.0971862052108252;0.7597142217531584;-0.12579497746711335;0.7700992682617557
81.776929;1.0938618145902173;0.833385777553676;0.7616443113452676;0.12350798204893497;0.112906206692734;1.0972730430111963;10.00218746532288;0.8334339869494218;1.096968164126005;1.0971893083709252;0.7597142219943915;-0.12579497823189514;0.7700964397923341
81.786929;1.0938617403530129;0.8333879705721423;0.7616451634786697;0.12350782307430916;0.11290615861542985;1.0972722054114479;10.00218024596257;0.8334365384890549;1.0969658051207105;1.0971924027062245;0.7597142087252972;-0.12579497896008152;0.7700936429972306
81.796929;1.0938617901260603;0.8333901480552057;0.7616459981046844;0.12350767003891959;0.11290610732863725;1.0972713745311018;10.002172240818412;0.8334390939157837;1.0969636898158186;1.0971954896495633;0.7597141817813254;-0.12579497965077543;0.7700908816595912
81.806929;1.093861960710876;0.8333923059536643;0.7616468246635597;0.12350752224951103;0.11290605461347063;1.0972705565814729;10.002163561901622;0.8334416520922286;1.0969618165690649;1.0971985678954044;0.7597141422306469;-0.1257949803029533;0.770088160983008
81.816929;1.0938622493391184;0.8333944415793;0.7616476534575598;0.12350737873557961;0.1129060021667438;1.0972697552726793;10.002154311300494;0.8334442134679673;1.0969601809248837;1.097201633589092;0.7597140925142923;-0.12579498091605637;0.7700854853969316
81.826929;1.093862655225562;0.8333965525048387;0.7616484949755175;0.12350723822416922;0.1129059516784532;1.0972689714585029;10.00214458232687;0.8334467796363739;1.0969587767417124;1.097204681802684;0.7597140354103151;-0.1257949814901064;0.7700828572307872
81.836929;1.0938631804291026;0.8333986353471019;0.7616493583793904;0.12350709920757229;0.11290590488089529;1.0972682044177167;10.002134466234159;0.8334493529300008;1.0969575971193724;1.0972077077836357;0.7597139725532076;-0.12579498202492112;0.7700802773144882
81.846929;1.0938638299575976;0.8334006853099367;0.7616502511588582;0.12350696013141409;0.1129058635210309;1.0972674526546085;10.002124055874287;0.8334519355018536;1.0969566344087245;1.0972107076386892;0.7597139042549845;-0.12579498251946572;0.7700777464343829
81.856929;1.0938646101696052;0.8334026968751654;0.761651180102379;0.12350681956376762;0.11290582927600769;1.0972667128734126;10.00211344744253;0.8334545286524321;1.0969558818578182;1.0972136793215825;0.7597138300473191;-0.12579498297225536;0.7700752660533551
81.866929;1.0938655266249933;0.8334046647443527;0.7616521518585175;0.12350667626458972;0.11290580369028429;1.0972659789136952;10.00210273609699;0.8334571329810871;1.0969553352597687;1.097216623287127;0.7597137490647172;-0.12579498338244197;0.7700728381003377
81.876929;1.0938665835752652;0.8334065843876349;0.7616531729604128;0.1235065293072524;0.1129057880901009;1.0972652417664874;10.002091997165827;0.8334597490209077;1.096954991541381;1.0972195418356352;0.7597136604884509;-0.1257949837507167;0.770070464464727
81.886929;1.0938677836191095;0.8334084522117157;0.7616542497114221;0.1235063782234744;0.11290578342009994;1.0972644901926227;10.00208127585055;0.8334623769296856;1.096954847416742;1.0972224378470026;0.7597135638060213;-0.12579498407965736;0.7700681464238499
81.896929;1.0938691264326978;0.8334102655355631;0.7616553875372929;0.12350622298290286;0.11290579017430495;1.097263711933375;10.002070609713718;0.8334650154957026;1.0969549006218606;1.0972253141207866;0.759713458987428;-0.12579498437336806;0.7700658839322674
81.906929;1.09387060863316;0.8334120228303246;0.7616565903451713;0.12350606390843598;0.11290580847610895;1.0972628951270667;10.002060054902575;0.8334676626226425;1.0969551503939454;1.0972281725446964;0.759713346581307;-0.12579498463638872;0.7700636753194884
81.916929;1.093872225575939;0.8334137240747614;0.7616578610316126;0.12350590160520108;0.11290583806976491;1.0972620291305475;10.002049683781246;0.8334703170477088;1.0969555958513668;1.0972310122927005;0.7597132272261529;-0.12579498487257917;0.770061518148398
81.926929;1.0938739740497239;0.8334153705096629;0.7616592022906364;0.1235057367719637;0.1129058782621259;1.097261104849512;10.002039570322582;0.8334729791866021;1.0969562344624653;1.0972338289133827;0.7597131013479369;-0.125794985084755;0.7700594102810013
81.936929;1.0938758533601625;0.8334169640462821;0.7616606167308062;0.1235055699662788;0.1129059280766625;1.097260114995019;10.002029783946952;0.8334756500051306;1.0969570613204145;1.097236615424015;0.7597129698477525;-0.12579498527487384;0.770057349810287
81.946929;1.0938778635320403;0.8334185073919831;0.7616621074505692;0.12350540151195093;0.1129059865132687;1.0972590541142877;10.002020387210843;0.8334783290609635;1.0969580694876297;1.09723936445831;0.759712834910855;-0.12579498544437076;0.7700553344513944
81.956929;1.0938800036341418;0.8334200042326336;0.7616636793148189;0.1235052315013777;0.11290605264054301;1.0972579181062698;10.002011435773579;0.83348101421103;1.096959251767856;1.0972420695965241;0.7597127000216674;-0.12579498559483196;0.7700533611553697
81.966929;1.0938822717077143;0.833421457942633;0.761665338906389;0.12350505978012868;0.11290612555910898;1.0972567034399676;10.002002978856943;0.8334837029231342;1.096960602980742;1.097244724828001;0.7597125690075136;-0.12579498572872372;0.7700514257485127
81.976929;1.093884664257901;0.8334228705296705;0.7616670926805862;0.12350488598583614;0.11290620446429872;1.0972554067495304;10.001995049292896;0.8334863935513759;1.0969621215314072;1.0972473241994176;0.7597124447061309;-0.12579498584961574;0.7700495231235961
81.986929;1.0938871754233175;0.8334242433040445;0.761668945468464;0.12350470970424596;0.11290628880070562;1.0972540249214722;10.00198764891794;0.8334890861755684;1.0969638091693525;1.0972498629457383;0.7597123284970266;-0.12579498596205252;0.7700476482427869
81.996929;1.0938897976742934;0.8334255766774267;0.7616708998627433;0.12350453062993125;0.11290637827127464;1.0972525551991434;10.001980747410355;0.8334917826837592;1.0969656688736051;1.0972523380695371;0.7597122203487692;-0.12579498607117853;0.7700457967901553
82.006929;1.0938925231270265;0.8334268688360689;0.761672955693014;0.12350434856306068;0.11290647268583574;1.097250994712616;10.001974300529296;0.8334944862286496;1.096967702737781;1.0972547468336924;0.7597121182640517;-0.1257949861821177;0.7700439653770575
82.016929;1.0938953440645456;0.833428115927363;0.76167511006729;0.12350416321586458;0.11290657185413717;1.0972493391942713;10.001968275431821;0.8334972004444607;1.0969699106140347;1.0972570849154628;0.7597120179921186;-0.12579498629935953;0.7700421518395362
82.026929;1.0938982533208645;0.8334293128440909;0.7616773583138942;0.12350397408108332;0.11290667553883468;1.0972475822922918;10.001962662186086;0.8334999281875984;1.0969722890068496;1.0972593471299512;0.7597119140627584;-0.1257949864263119;0.7700403551880135
82.036929;1.0939012444109624;0.8334304535354022;0.7616796953616587;0.12350378061044745;0.11290678340892839;1.097245716730516;10.001957467523383;0.8335026703495425;1.0969748312958436;1.0972615297251107;0.7597118015578277;-0.1257949865652168;0.7700385751820847
82.046929;1.0939043112901217;0.8334315325676462;0.7616821163883809;0.12350358247761789;0.11290689506808792;1.0972437360614562;10.00195270330624;0.8335054257482785;1.0969775291594552;1.0972636305019459;0.7597116771362133;-0.1257949867175602;0.7700368119470747
82.056929;1.0939074483455604;0.833432203447967;0.7616843026564084;0.12350454542458826;0.11290807588337505;1.0972416356165204;10.001948376911372;0.8335081919113397;1.0969803728643828;1.0972656468713557;0.7597115383314424;-0.1257949868844769;0.7700350660518918
82.066929;1.0939106501284577;0.8334331533096833;0.7616868789087178;0.12350433754299803;0.11290819386086616;1.0972394130896321;10.00194448444626;0.8335109657678074;1.0969833505452595;1.0972675750459946;0.7597113819585827;-0.12579498706671244;0.7700333394033618
82.076929;1.0939139110281817;0.8334340395204065;0.7616895284013432;0.12350412462741267;0.11290831410370182;1.0972370689082502;10.0019410046773;0.8335137438387961;1.096986448468461;1.0972694108654109;0.7597112032916439;-0.1257949872645093;0.7700316364058113
82.086929;1.0939172249843083;0.8334348647427569;0.7616922488757589;0.12350390686773229;0.11290843579869377;1.0972346055163407;10.001937894523346;0.833516522365842;1.0969896522098672;1.0972711504173347;0.7597109967339551;-0.12579498747773377;0.770029963823843
82.096929;1.093920584188485;0.8334356334081772;0.7616950381831025;0.1235036847827095;0.1129085580850116;1.0972320265583206;10.001935088004007;0.833519298051372;1.0969929476387803;1.0972727898141341;0.7597107570697261;-0.1257949877060667;0.7700283291055912
82.106929;1.0939239781501584;0.8334363501867791;0.7616978942499363;0.1235034590490766;0.11290867996406043;1.0972293377661388;10.00193249742888;0.8335220692898998;1.096996321213026;1.0972743247187073;0.7597104801884237;-0.1257949879490554;0.7700267390454558
82.116929;1.093927394628612;0.8334370193811245;0.7617008146307933;0.12350323038507395;0.11290880020398449;1.0972265480954249;10.00193002041066;0.8335248370026702;1.096999759722285;1.0972757506969504;0.7597101632863107;-0.1257949882060173;0.7700251990067635
82.126929;1.0939308206696734;0.833437646378479;0.7617037966722277;0.12350299952508019;0.11290891743065082;1.0972236688130925;10.00192754948883;0.8335276044549145;1.0970032505416079;1.0972770649347714;0.7597098042964905;-0.12579498847609286;0.770023712157687
82.136929;1.0939342429211394;0.833438237901857;0.7617068380384312;0.12350276708808527;0.11290903027309417;1.0972207119470492;10.001924978554268;0.8335303762413689;1.0970067821387268;1.0972782679744308;0.759709400674014;-0.12579498875833006;0.7700222798727727
82.146929;1.0939376479842342;0.833438799791597;0.76170993642617;0.123502533460274;0.11290913747980305;1.0972176899381259;10.001922213229717;0.8335331576296588;1.0970103429242692;1.0972793638411191;0.7597089491520921;-0.12579498905140432;0.7700209027649162
82.156929;1.093941022744988;0.8334393356222042;0.7617130887473507;0.12350229887734014;0.11290923800112544;1.0972146152985789;10.001919180806727;0.833535954651976;1.0970139195357231;1.0972803581263877;0.7597084471597249;-0.12579498935333733;0.7700195808025249
82.166929;1.093944354832912;0.8334398479843023;0.7617162906189179;0.12350206348910397;0.1129093310044354;1.0972115000465847;10.001915822855205;0.8335387735233519;1.0970174976302434;1.0972812553054216;0.759707894312766;-0.12579498966174008;0.7700183128419097
82.176929;1.0939476329373086;0.8334403399050633;0.7617195366867217;0.1235018272193472;0.11290941584907876;1.097208355531442;10.001912076999032;0.833541618954106;1.097021063955902;1.0972820577864897;0.7597072923922211;-0.12579498997448316;0.7700170963007229
82.186929;1.0939508460966298;0.8334408148450408;0.7617228216788373;0.1235015897477361;0.11290949209613149;1.0972051916240857;10.001907869297543;0.8335444930783432;1.0970246059371485;1.0972827667502711;0.7597066443290602;-0.1257949902902816;0.7700159272520394
82.196929;1.0939539827408884;0.833441276793277;0.7617261406829691;0.1235013509028753;0.1129095595554594;1.0972020158526044;10.001903124031593;0.8335473958790949;1.0970281092270278;1.097283382526355;0.7597059537066387;-0.1257949906085977;0.7700148007456725
82.206929;1.0939570317466198;0.8334417309525938;0.7617294879954875;0.1235011109956372;0.11290961828049584;1.0971988338421437;10.00189778425752;0.8335503258093047;1.0970315568344011;1.0972839041541267;0.7597052249363557;-0.12579499092893373;0.7700137107566067
82.216929;1.0939599852897808;0.8334421833864925;0.7617328562916043;0.12350087059822469;0.11290966845719981;1.0971956503157527;10.001891830354147;0.8335532797351624;1.097034930538468;1.0972843292008205;0.7597044633557917;-0.12579499125029164;0.7700126498451693
82.226929;1.0939628396368384;0.8334426396088074;0.7617362374303679;0.12350063015743895;0.11290971026823912;1.0971924697156856;10.001885282663547;0.8335562525073898;1.0970382123213247;1.0972846540919428;0.7597036751107498;-0.1257949915711124;0.7700116094496079
82.236929;1.0939655923697396;0.8334431042593152;0.7617396236872129;0.12350038992984715;0.1129097438321307;1.0971892967433254;10.001878185191867;0.8335592366048529;1.0970413845492002;1.0972848743131673;0.759702866908939;-0.1257949918892896;0.7700105813741824
82.246929;1.0939682398483792;0.8334435816882559;0.7617430079204182;0.12350015011155961;0.1129097692146254;1.0971861370638896;10.001870581014137;0.8335622223981395;1.0970444297684907;1.0972849842727905;0.7597020459094772;-0.12579499220203286;0.7700095597779185
82.256929;1.0939707774388423;0.8334440759467733;0.7617463831230078;0.12349991094495333;0.11290978651139594;1.097182997266825;10.001862493606046;0.8335651989765912;1.0970473312745213;1.097284977959405;0.7597012198342042;-0.12579499250584858;0.7700085422867112
82.266929;1.0939732001796727;0.8334445910081455;0.7617497424136096;0.1234996726812867;0.11290979594693418;1.097179883798711;10.001853927348932;0.83356815510733;1.0970500741502296;1.0972848492989506;0.7597003971565419;-0.12579499279681705;0.7700075289422266
82.276929;1.0939755022018547;0.8334451312657468;0.7617530800452962;0.12349943537306862;0.11290979788187887;1.0971768015976122;10.00184488700118;0.8335710802558931;1.0970526462183081;1.0972845905167739;0.7596995879191668;-0.12579499307092967;0.7700065194245937
82.286929;1.093977676477087;0.8334457008595152;0.7617563925003138;0.12349919879121986;0.11290979285122504;1.0971737532240984;10.001835392374694;0.8335739654359756;1.0970550386865128;1.0972841911276818;0.7596988046725741;-0.12579499332419167;0.7700055118282093
82.296929;1.0939797159304538;0.833446302198927;0.7617596774650858;0.1234989625954916;0.11290978169620981;1.0971707402143869;10.001825471669033;0.8335768038175936;1.097057245900384;1.0972836387113718;0.7596980617316814;-0.12579499355261284;0.7700045038944603
82.306929;1.093981614462365;0.8334469353082418;0.7617629315322316;0.1234987264753745;0.11290976549535381;1.0971677660512766;10.001815148821775;0.8335795909945799;1.0970592648384558;1.0972829199696084;0.759697373068846;-0.1257949937523956;0.7700034932179084
82.316929;1.0939833664223915;0.8334475987896728;0.7617661498405235;0.12349849011458708;0.11290974524972935;1.097164837091268;10.001804445510487;0.833582324013092;1.097061094711103;1.0972820228165585;0.7596967506203265;-0.1257949939201399;0.7700024759550912
82.326929;1.093984965483351;0.8334482911532156;0.7617693277312234;0.12349825313692617;0.11290972170643061;1.0971619608962004;10.001793392683657;0.833584999797594;1.0970627352941382;1.097280938405869;0.7596962035663974;-0.12579499405276845;0.7700014466284342
82.336929;1.0939864046489522;0.8334490111371785;0.7617724619024381;0.12349801518780683;0.1129096955144876;1.0971591446953657;10.001782031276752;0.8335876153288256;1.0970641852791805;1.0972796609450315;0.7596957386613487;-0.12579499414733408;0.7700003989640906
82.346929;1.093987677705496;0.8334497576814685;0.7617755500844904;0.12349777609651232;0.11290966747450858;1.0971563951190648;10.00177040109582;0.8335901691376343;1.0970654427558428;1.0972781874781214;0.7596953609849029;-0.12579499420097284;0.7699993269611405
82.356929;1.0939887810337279;0.8334505301495958;0.7617785905735411;0.12349753598543885;0.11290963852003262;1.0971537177591948;10.001758534595805;0.8335926614555621;1.097066506282597;1.097276518982595;0.7596950741211486;-0.1257949942110433;0.7699982259581929
82.366929;1.093989714212422;0.8334513288889863;0.76178158219558;0.12349729530485454;0.11290960948583689;1.0971511159791447;10.00174645893215;0.8335950924885168;1.0970673753499038;1.0972746604850323;0.7596948801552316;-0.1257949941751429;0.7699970926991988
82.376929;1.093990478874567;0.8334521554049482;0.7617845238172354;0.12349705482389657;0.11290958104768602;1.0971485910596113;10.001734203360515;0.8335974605699636;1.0970680505614774;1.097272619517623;0.7596947803156389;-0.12579499409096687;0.7699959248093294
82.386929;1.0939910770247125;0.8334530106995383;0.7617874144391922;0.12349681560112197;0.11290955384572561;1.0971461441956811;10.001721808170021;0.8335997623066601;1.0970685332892958;1.0972704044981547;0.7596947759378595;-0.12579499395654728;0.7699947208910485
82.396929;1.0939915104718163;0.8334538938008619;0.7617902544126587;0.12349657897167844;0.11290952851915408;1.097143777582747;10.001709321434886;0.8336019944100956;1.097068825239643;1.0972680232684646;0.7596948682478681;-0.12579499377076764;0.7699934805545259
82.406929;1.0939917812428215;0.8334548024594614;0.7617930451845224;0.12349634647586193;0.11290950558492671;1.0971414936979973;10.001696786381391;0.8336041546760772;1.0970689286971045;1.097265481139552;0.7596950569781185;-0.12579499353347096;0.7699922037653637
82.416929;1.0939918919070624;0.833455733588389;0.7617957874327127;0.12349611960179499;0.11290948528114603;1.0971392951295678;10.001684238211915;0.8336062418552064;1.0970688470425918;1.09726278011705;0.7596953397964676;-0.1257949932454421;0.7699908902291732
82.426929;1.0939918459380735;0.8334566830168445;0.7617984802904423;0.12349589951190089;0.11290946756245719;1.0971371849604827;10.001671712552584;0.8336082554256983;1.0970685844926582;1.0972599209098826;0.7596957130339351;-0.12579499290866347;0.7699895390366376
82.436929;1.0939916477072757;0.8334576462256168;0.7618011218985514;0.12349568705268339;0.11290945224432897;1.0971351657734174;10.001659253920804;0.8336101945431139;1.09706814528059;1.0972569056221269;0.7596961726598532;-0.1257949925262784;0.7699881487845232
82.446929;1.093991300941576;0.8334586188178822;0.7618037101202942;0.12349548294399161;0.1129094391146492;1.0971332392787434;10.001646917931803;0.8336120565971211;1.0970675334761446;1.0972537384682541;0.7596967142791603;-0.12579499210201875;0.7699867185765598
82.456929;1.0939908065115158;0.833459595853142;0.7618062429709298;0.12349528789358988;0.11290942802737804;1.0971314084784745;10.001634765618757;0.8336138375030205;1.0970667535358911;1.0972504247819654;0.7596973323208253;-0.12579499163964444;0.7699852491549162
82.466929;1.0939901618921;0.8334605719176955;0.7618087183898705;0.12349510272164416;0.11290941898378551;1.0971296790020304;10.001622851514284;0.8336155337043482;1.097065810664697;1.0972469701421024;0.7596980206731908;-0.12579499114270465;0.769983743410098
82.476929;1.0939893630617115;0.8334615425188237;0.7618111343124495;0.12349492852575676;0.11290941209592527;1.09712805704343;10.001611214999974;0.8336171435585693;1.0970647105598008;1.097243380370066;0.7596987744240645;-0.12579499061454238;0.7699822064156666
82.486929;1.0939884072214416;0.8334625047056909;0.7618134898745598;0.12349476662402245;0.11290940750532957;1.0971265461641433;10.001599877399704;0.8336186668734956;1.097063459489148;1.097239661397094;0.7596995897444768;-0.12579499005848072;0.7699806452856364
82.496929;1.0939872942218654;0.8334634560556334;0.7618157857113333;0.1234946182116877;0.11290940537406288;1.097125146066232;10.001588837782966;0.8336201039743614;1.0970620653911258;1.0972358186578468;0.7597004622038909;-0.1257949894780039;0.7699790687375803
82.506929;1.0939860258668002;0.8334643932406085;0.7618180225875306;0.12349448398588954;0.11290940591035556;1.0971238539015125;10.001578068961194;0.8336214557748728;1.0970605384805772;1.097231857784712;0.7597013860625822;-0.12579498887681517;0.7699774861205476
82.516929;1.093984604042314;0.8334653113006664;0.761820200748084;0.12349436403363166;0.11290940936468324;1.0971226661992732;10.001567519469555;0.8336227237448249;1.0970588903262009;1.0972277861196662;0.7597023548234387;-0.125794988258797;0.7699759065424779
82.526929;1.0939830294730306;0.8334662043793424;0.7618223207853139;0.123494258062069;0.1129094160299553;1.0971215794057148;10.001557124170683;0.833623909094717;1.0970571326394964;1.09722361185695;0.7597033616146204;-0.12579498762769897;0.7699743388283498
82.536929;1.0939813019432514;0.8334670670255317;0.7618243846873155;0.12349416568134394;0.11290942627013247;1.0971205892838471;10.001546819905641;0.8336250125065041;1.097055276175815;1.0972193411898126;0.7597043988176974;-0.12579498698663893;0.7699727920924927
82.546929;1.0939794209300695;0.8334678944389068;0.7618263959947623;0.12349408646298808;0.11290944053945055;1.0971196911907393;10.001536553102408;0.833626034186091;1.0970533293781715;1.097214976499069;0.7597054576349832;-0.12579498633785874;0.7699712761058809
82.556929;1.0939773854136774;0.8334686824421808;0.7618283588770922;0.12349401992003729;0.11290945934047238;1.0971188815643782;10.001526274630567;0.8336269738878594;1.0970512977522333;1.0972105160036036;0.759706528797527;-0.12579498568283093;0.7699698008436794
82.566929;1.0939751938907152;0.8334694282763426;0.7618302770728782;0.12349396563681615;0.11290948310772635;1.0971181579995115;10.00151593159355;0.8336278318094116;1.0970491847397936;1.0972059540168555;0.7597076040308196;-0.1257949850225315;0.7699683760380027
82.576929;1.0939728454451108;0.833470131307965;0.7618321536986321;0.1234939234449331;0.11290951208240396;1.097117517087186;10.001505464208211;0.8336286095152341;1.0970469931851439;1.097201282785953;0.7597086763392776;-0.12579498435793499;0.7699670118327918
82.586929;1.0939703404057486;0.8334707925900924;0.7618339920458407;0.12349389343022958;0.11290954628805147;1.0971169524619477;10.001494812359926;0.833629309862926;1.0970447263408896;1.0971964963272738;0.7597097390682781;-0.12579498369059894;0.7699657197386328
82.596929;1.0939676798977507;0.8334714137622885;0.761835796672203;0.12349387575274494;0.11290958568005956;1.0971164549480004;10.001483924175481;0.8336299365429026;1.097042388957434;1.097191593325198;0.759710784999248;-0.12579498302271963;0.7699645126086356
82.606929;1.0939648648115092;0.8334719968417512;0.761837573495869;0.12349387038251795;0.11290963032573888;1.0971160149879122;10.001472751003755;0.8336304938283459;1.0970399881859834;1.0971865764677025;0.7597118058629627;-0.1257949823565545;0.7699634036093228
82.616929;1.0939618947643646;0.8334725446443604;0.761839328533522;0.12349387685685422;0.11290968036986991;1.097115625380762;10.001461238068488;0.8336309866736128;1.0970375327704807;1.0971814498758468;0.7597127927174845;-0.12579498169376196;0.7699624046193574
82.626929;1.093958767932969;0.8334730602398948;0.7618410665642029;0.12349389420905595;0.11290973582135287;1.0971152816674585;10.001449327487643;0.833631420829666;1.0970350310810992;1.0971762175245925;0.7597137368266478;-0.12579498103497624;0.7699615249404619
82.636929;1.093955481022169;0.8334735461616363;0.7618427910466123;0.1234939211903215;0.1129097964300828;1.0971149800671964;10.001436959989435;0.8336318023961354;1.0970324887749017;1.0971708832832503;0.7597146296771929;-0.12579498037968637;0.7699607713923162
82.646929;1.0939520287865667;0.8334740045689195;0.7618445052295133;0.12349395663187211;0.11290986176736732;1.0971147150787484;10.001424064256305;0.8336321371523975;1.0970299069574652;1.0971654521120846;0.7597154626879391;-0.1257949797265825;0.7699601496062463
82.656929;1.0939484051393846;0.8334744374844494;0.7618462129071372;0.12349399964531194;0.11290993134847861;1.0971144792605478;10.001410556118142;0.8336324306438384;1.097027283229062;1.0971599314329537;0.759716228072038;-0.12579497907430118;0.7699596652980737
82.666929;1.0939446055839626;0.8334748463167951;0.7618479175082721;0.12349404959179856;0.11291000465889234;1.0971142656234174;10.001396356782271;0.8336326884987065;1.0970246151103853;1.0971543316752825;0.7597169201263448;-0.12579497842200776;0.7699593240962493
82.676929;1.0939406283655237;0.8334752313149583;0.7618496207674772;0.12349410590212008;0.11291008117159343;1.0971140698401094;10.001381404420865;0.8336329158788952;1.0970219024634886;1.0971486661751197;0.7597175356159077;-0.12579497776937418;0.7699591301759152
82.686929;1.093936474213246;0.8334755913738469;0.7618513229026185;0.12349416789022087;0.11291016046240765;1.0971138901449011;10.001365645681924;0.8336331169114489;1.0970191469524357;1.0971429499459333;0.7597180735306025;-0.12579497711613244;0.7699590857864934
82.696929;1.093932145717743;0.8334759238624624;0.7618530235833951;0.12349423474686895;0.11291024233170342;1.0971137262256745;10.0013490218666;0.8336332949735025;1.0970163494242624;1.0971371973056192;0.7597185348354387;-0.12579497646176097;0.7699591919090365
82.706929;1.0939276473089634;0.8334762247608736;0.7618547224681143;0.12349430565645404;0.11291032678760157;1.0971135789532158;10.001331464813719;0.8336334533448378;1.0970135077274488;1.0971314210722654;0.75971892206684;-0.12579497580555343;0.7699594483273885
82.716929;1.0939229860230208;0.8334764895349404;0.7618564195947839;0.12349437988625517;0.11291041393241658;1.0971134505994116;10.001312907916654;0.8336335958494442;1.097010616125252;1.0971256337669744;0.7597192387747628;-0.12579497514685486;0.7699598529532807
82.726929;1.0939181719709954;0.8334767141445559;0.761858115558741;0.12349445685589693;0.11291050383780239;1.0971133442891794;10.001293306417214;0.8336337268068216;1.0970076667688684;1.0971198477378588;0.759719489185461;-0.1257949744851053;0.769960402394103
82.736929;1.0939132185362623;0.8334768953971082;0.7618598112316547;0.1234945361514067;0.11291059638051491;1.0971132622661663;10.001272646351786;0.8336338498142113;1.097004653679211;1.0971140743137127;0.7597196785056405;-0.12579497381963195;0.7699610943432682
82.746929;1.0939081428879367;0.8334770309000733;0.7618615075470098;0.12349461748879441;0.11291069111067072;1.0971132038561167;10.00125093331324;0.8336339672759456;1.097001575909838;1.0971083245475313;0.7597198135778832;-0.12579497314962892;0.7699619293574596
82.756929;1.0939029662879376;0.8334771189327226;0.7618632054555599;0.12349470071492903;0.11291078730034015;1.097113165422444;10.001228181322485;0.8336340818321996;1.0969984359843854;1.097102610241715;0.7597199023689185;-0.12579497247446692;0.7699629100072688
82.766929;1.0938977132022702;0.8334771579441153;0.7618649055122942;0.1234947857613967;0.11291088410688617;1.0971131429513434;10.001204414022334;0.8336341967012283;1.096995236228638;1.0970969431678919;0.7597199526672723;-0.12579497179389276;0.7699640381227966
82.776929;1.0938924091435533;0.8334771460091419;0.7618666073150222;0.12349487249794393;0.11291098074263457;1.097113134175101;10.001179668198088;0.8336343138933885;1.0969919781168136;1.0970913345968967;0.7597199722560599;-0.12579497110785928;0.7699653128270406
82.786929;1.0938870786087111;0.8334770805483582;0.7618683101099513;0.12349496058123895;0.11291107661468004;1.0971131379446202;10.001153998461113;0.8336344337256205;1.0969886649106475;1.0970857965048633;0.759719970126939;-0.12579497041630755;0.769966730643409
82.796929;1.093881743835177;0.833476958338388;0.7618700143896264;0.12349504935673522;0.11291117127509627;1.0971131527964948;10.001127480716683;0.833634556387637;1.0969853040826318;1.0970803421376845;0.7597199568952895;-0.12579496971930512;0.7699682863163693
82.806929;1.0938764240957255;0.8334767764677753;0.7618717219236866;0.12349513791917616;0.11291126423703732;1.0971131767318907;10.001100200063478;0.8336346829578765;1.0969819069277948;1.0970749854751651;0.7597199439292016;-0.12579496901709528;0.7699699739180854
82.816929;1.0938711354157222;0.833476533863647;0.7618734335561561;0.12349522537674239;0.11291135496152468;1.0971132067249822;10.001072232345523;0.833634814749312;1.096978486160283;1.097069741194586;0.7597199415673039;-0.12579496830968506;0.7699717877771
82.826929;1.0938658906408845;0.8334762318905312;0.76187514771878;0.12349531115315732;0.11291144294996691;1.097113237690441;10.001043646823218;0.8336349521171059;1.096975053892169;1.0970646246220919;0.7597199579002158;-0.12579496759678305;0.7699737217691098
82.836929;1.0938607004367427;0.8334758734890767;0.7618768614483012;0.12349539517580307;0.1129115277313501;1.0971132628819948;10.001014525718135;0.8336350941712164;1.0969716206350921;1.0970596510216333;0.7597199989911748;-0.12579496687823702;0.7699757682538481
82.846929;1.093855575062243;0.8334754616009381;0.7618785721816914;0.12349547785985349;0.11291160890098242;1.0971132750645405;10.00098496674566;0.8336352390997332;1.0969681946815528;1.0970548348086706;0.759720069718578;-0.1257949661538861;0.7699779184368355
82.856929;1.093850525379302;0.8334749979566252;0.7618802788270265;0.12349555991243046;0.11291168626606748;1.097113267611015;10.00095506745999;0.8336353840754553;1.0969647826837128;1.0970501885453947;0.7597201740222655;-0.12579496542285612;0.7699801632392992
82.866929;1.0938455626658559;0.8334744823541884;0.7618819819263959;0.12349564213326002;0.1129117598928696;1.0971132364156146;10.000924928780442;0.833635524965723;1.0969613915116627;1.0970457215970824;0.7597203138936899;-0.12579496468349283;0.7699824935435546
82.876929;1.0938406979009403;0.8334739122730666;0.7618836827383495;0.1234957253024429;0.11291183010878293;1.0971131818385702;10.000894678880623;0.8336356568616593;1.0969580292228154;1.0970414400817754;0.7597204882204517;-0.12579496393399117;0.7699848994877072
82.886929;1.0938359415532988;0.8334732835673964;0.7618853823073097;0.1234958102231213;0.11291189750766216;1.0971131085568642;10.000864475788951;0.8336357757871721;1.096954705401743;1.0970373494531869;0.7597206928749681;-0.12579496317271416;0.7699873691019702
82.896929;1.0938313043113788;0.8334725920278135;0.7618870814071798;0.12349589788898116;0.11291196281753904;1.097113023046045;10.000834482483214;0.8336358802373797;1.0969514318154967;1.0970334570276934;0.7597209221939044;-0.12579496239813323;0.7699898879030381
82.906929;1.0938267979713134;0.8334718341890289;0.7618887803018863;0.1234959894898946;0.11291202674126073;1.0971129314659105;10.000804845885234;0.8336359711392333;1.096948221889702;1.0970297709936188;0.7597211713000015;-0.12579496160892217;0.7699924402076511
82.916929;1.0938224363334228;0.8334710070024666;0.7618904779539882;0.12349608629185466;0.1129120899554679;1.0971128398949974;10.000775686794956;0.83363605068119;1.0969450888158137;1.09702629742149;0.7597214375452301;-0.12579496080408056;0.7699950107147345
82.926929;1.093818235694271;0.8334701074224644;0.7618921717990412;0.12349618971087921;0.11291215315820714;1.0971127549111617;10.00074709346566;0.8336361213391985;1.0969420440887117;1.0970230386264626;0.7597217198040607;-0.1257949599830876;0.7699975852180956
82.936929;1.0938142130336397;0.8334691328336559;0.7618938583118021;0.12349630137690036;0.1129122170765842;1.0971126824550697;10.000719126123833;0.833636185822854;1.096939098476135;1.0970199930246525;0.759722016955798;-0.12579495914632954;0.770000150453454
82.946929;1.093810382085945;0.8334680826183984;0.7618955334066425;0.12349642285025147;0.11291228255910511;1.097112626008429;10.000691830193446;0.8336362466721746;1.096936264509422;1.097017155105193;0.759722327216714;-0.12579495829543874;0.7700026937162299
82.956929;1.0938067513765293;0.8334669594007991;0.7618971922796531;0.12349655527622398;0.1129123506473052;1.0971125860948483;10.000665244353328;0.8336363046770764;1.0969335569760517;1.097014515714647;0.7597226481971869;-0.12579495743329988;0.7700052030555328
82.966929;1.0938033260785618;0.8334657681041278;0.7618988293951338;0.12349669937643278;0.11291242241349828;1.0971125616041402;10.000639404236704;0.8336363582085793;1.0969309917633494;1.0970120632940743;0.7597229774232702;-0.12579495656383574;0.7700076677072585
82.976929;1.0938001103272152;0.8334645136623929;0.7619004392035037;0.12349685562702173;0.11291249870030272;1.0971125514235651;10.000614345868266;0.8336364038465894;1.0969285854369666;1.097009785334339;0.7597233130615704;-0.12579495569147914;0.7700100781572969
82.986929;1.0937971072483244;0.8334631997247951;0.7619020170744423;0.12349702430231481;0.11291257997769262;1.0971125542184763;10.000590102517243;0.8336364365940161;1.096926354910954;1.0970076696612545;0.7597236539286552;-0.12579495482054165;0.7700124263891616
82.996929;1.0937943168827655;0.8334618296831261;0.7619035595900556;0.12349720545607307;0.1129126663915131;1.09711256720086;10.000566692690903;0.8336364499728104;1.096924316879106;1.0970057058527385;0.7597239993046606;-0.12579495395474458;0.7700147065799211
83.006929;1.0937917349458357;0.8334604089677774;0.7619050644631843;0.12349739901856881;0.11291275797453261;1.0971125870127232;10.000544108574655;0.8336364368108053;1.096922487794656;1.097003885745892;0.7597243496842863;-0.12579495309678013;0.7700169152810218
83.016929;1.0937893551307685;0.8334589458313727;0.7619065310332259;0.12349760484766807;0.11291285486099631;1.0971126118291434;10.000522322715321;0.8336363904931945;1.0969208836842728;1.0970022020394425;0.7597247069396157;-0.125794952248046;0.7700190504937364
83.026929;1.093787171992223;0.8334574500383113;0.7619079609470693;0.12349782260029317;0.11291295737860482;1.0971126416472639;10.000501311231128;0.8336363061125939;1.0969195197550612;1.0970006469226758;0.7597250727207824;-0.12579495140883243;0.7700211102686773
83.036929;1.0937851811500028;0.8334559312762083;0.761909357782418;0.12349805164630194;0.11291306598186247;1.0971126774870241;10.000481061542603;0.8336361809128664;1.096918410605486;1.0969992124419072;0.7597254473780755;-0.12579495057867682;0.7700230919158384
83.046929;1.0937833780093145;0.8334543981182233;0.7619107259365746;0.12349829117059409;0.11291318102584226;1.097112721194793;10.000461559309896;0.833636013504393;1.0969175701192566;1.0969978901521915;0.7597258306522846;-0.12579494975638;0.770024992370539
83.056929;1.0937817563918804;0.8334528573613794;0.761912070305586;0.12349854030960694;0.11291330254433016;1.0971127750224647;10.000442784553671;0.8336358020783164;1.0969170105417692;1.0969966693098292;0.759726222625881;-0.12579494893985863;0.7700268090572033
83.066929;1.0937803075770332;0.8334513138978448;0.7619133964840249;0.12349879814686024;0.1129134302441368;1.0971128396528524;10.000424723978215;0.8336355431994824;1.0969167420445862;1.0969955367326454;0.7597266238280641;-0.12579494812650224;0.7700285401851202
83.076929;1.0937790201613604;0.8334497711082267;0.7619147098968942;0.12349906362991603;0.11291356364828298;1.0971129128391732;10.0004073789221;0.8336352318362926;1.0969167734235967;1.096994478639678;0.7597270347907771;-0.12579494731393082;0.7700301842966515
83.086929;1.093777881175306;0.833448231648713;0.7619160148813516;0.12349933561755767;0.11291370219617283;1.097112991803307;10.00039075146994;0.8336348621895264;1.0969171129948174;1.0969934822784766;0.759727455632969;-0.12579494650058629;0.7700317393882928
83.096929;1.0937768782191384;0.8334466990155595;0.7619173152791383;0.12349961298392802;0.11291384526173515;1.0971130772027924;10.000374821592699;0.8336344295590419;1.0969177680522835;1.0969925361749937;0.7597278854105276;-0.12579494568600724;0.770033202123776
83.106929;1.093776000266296;0.8334451788992974;0.7619186151949439;0.12349989458531294;0.11291399207891047;1.097113174378524;10.000359545137714;0.8336339321594566;1.0969187425267073;1.096991629070182;0.7597283214767515;-0.12579494487052417;0.7700345682702776
83.116929;1.093775236493813;0.8334436783592412;0.7619199184882928;0.12350017918484613;0.11291414161960656;1.0971132907444134;10.000344870566586;0.8336333708360548;1.096920034761045;1.0969907487057045;0.7597287594465209;-0.12579494405452296;0.7700358343230194
83.126929;1.093774575830719;0.8334422032857518;0.761921227724391;0.12350046543180167;0.11291429262114944;1.0971134319407025;10.000330753314813;0.8336327467719419;1.0969216374966595;1.0969898824173678;0.7597291934423093;-0.1257949432380727;0.7700369980642541
83.136929;1.093774007996075;0.8334407563561962;0.7619225442919784;0.1235007518209712;0.11291444380786514;1.097113600924305;10.000317156979483;0.8336320596040538;1.0969235398291088;1.096989019912418;0.7597296169230847;-0.12579494242100708;0.7700380573736507
83.146929;1.0937735246508906;0.8334393370341654;0.7619238695851401;0.12350103664562327;0.11291459405780994;1.097113799615538;10.000304039233281;0.83363130783085;1.0969257291211318;1.09698815525332;0.7597300240772986;-0.12579494160317356;0.7700390094253468
83.156929;1.0937731197227314;0.8334379432776055;0.7619252053065246;0.1235013181364769;0.11291474238414494;1.0971140293421993;10.000291333607198;0.8336304901358824;1.0969281918170228;1.096987286042434;0.7597304107508671;-0.12579494078501885;0.770039851195316
83.166929;1.0937727887509165;0.8334365729961313;0.7619265523906621;0.1235015947780404;0.1129148879257498;1.097114289931648;10.000278948677476;0.8336296055786311;1.0969309133306389;1.0969864109174008;0.759730774837201;-0.12579493996812333;0.7700405800050318
83.176929;1.0937725287671296;0.8334352242483052;0.7619279094903134;0.12350186546557818;0.11291503002258181;1.09711457908999;10.000266789545924;0.8336286532350116;1.0969338775605724;1.0969855266640398;0.7597311163417004;-0.12579493915494863;0.7700411930483376
83.186929;1.0937723388640275;0.8334338950318336;0.7619292721802455;0.12350212944008153;0.11291516819476352;1.0971148919933476;10.000254771468827;0.8336276323809804;1.0969370672561363;1.096984626854276;0.7597314367573532;-0.12579493834817854;0.7700416868933228
83.196929;1.0937722191869974;0.8334325840922391;0.7619306333648909;0.12350238620000759;0.11291530202615795;1.0971152219222122;10.000242809398912;0.8336265426947753;1.096940465396593;1.0969837033509198;0.7597317381128393;-0.12579493755043952;0.7700420580835867
83.206929;1.0937721687373139;0.8334312925214523;0.7619319840721659;0.1235026353888262;0.11291543113341036;1.0971155629481948;10.000230810837488;0.8336253838244999;1.0969440557718508;1.0969827480609047;0.7597320229713211;-0.12579493676430617;0.7700423037632442
83.216929;1.0937721845900594;0.8334300238416815;0.7619333142218861;0.12350287664516331;0.11291555524135605;1.0971159124045098;10.000218687214272;0.8336241551617611;1.0969478218592723;1.0969817526056818;0.7597322953949348;-0.12579493599228117;0.7700424220372315
83.226929;1.0937722624869857;0.833428782250989;0.7619346133407404;0.12350310954312087;0.1129156742638913;1.0971162703244284;10.000206368089513;0.8336228570071993;1.096951745149208;1.0969807079750271;0.7597325611673756;-0.12579493523683474;0.7700424129069815
83.236929;1.093772397176312;0.8334275712830035;0.7619358709697636;0.12350333366095119;0.11291578834448598;1.0971166369121579;10.000193804432481;0.8336214919609238;1.096955804780894;1.0969796055695913;0.7597328267279503;-0.12579493450056303;0.770042278512975
83.246929;1.09377258320311;0.8334263934283604;0.7619370771885119;0.12350354863463507;0.11291589783685987;1.0971170109643518;10.000180964191182;0.8336200646854318;1.0969599786959865;1.0969784381911905;0.7597330981150858;-0.1257949337862473;0.7700420218559589
83.256929;1.0937728164667753;0.8334252493935614;0.7619382232795329;0.1235037540997157;0.11291600313596734;1.0971173899809703;10.000167823643393;0.83361858100494;1.0969642444972365;1.0969772001026252;0.7597333807075866;-0.12579493309669576;0.7700416457800793
83.266929;1.093773094472736;0.8334241374566718;0.761939301465619;0.12350394961676181;0.11291610441848002;1.0971177713546099;10.000154353337273;0.8336170478059278;1.096968580750386;1.096975886739746;0.7597336795299392;-0.1257949324345055;0.770041152890025
83.276929;1.093773415522855;0.8334230546972082;0.7619403041030299;0.12350413469992023;0.1129162016235164;1.097118153524821;10.000140516024658;0.8336154729762904;1.096972970302757;1.096974495744068;0.7597339994456527;-0.125794931801814;0.7700405456915645
83.286929;1.0937737786923645;0.8334219989290879;0.7619412242387587;0.12350430891736151;0.11291629475102924;1.0971185354275068;10.000126278582615;0.8336138644441322;1.0969774022575596;1.0969730292727238;0.7597343446590801;-0.1257949312000903;0.7700398272299251
83.296929;1.0937741843282025;0.83342096932115;0.7619420569898531;0.123504471955406;0.11291638412195887;1.0971189151079797;10.00011161303733;0.8336122290305951;1.0969818692297064;1.0969714942920101;0.7597347180434845;-0.1257949306300613;0.7700390021682819
83.306929;1.0937746339801875;0.8334199663338406;0.7619427996383906;0.12350462363565848;0.1129164703721937;1.0971192899993492;10.000096486966376;0.8336105717305681;1.0969863628070602;1.0969698997450337;0.759735120889096;-0.12579493009186418;0.770038077542359
83.316929;1.0937751294141869;0.8334189913063416;0.7619434508282311;0.12350476384077444;0.11291655428978734;1.0971196587627947;10.000080857511255;0.8336088950704544;1.0969908716463899;1.0969682537192311;0.7597355529483331;-0.12579492958531188;0.7700370629014986
83.326929;1.0937756717894251;0.8334180455777365;0.7619440105312651;0.12350489230638004;0.11291663659609312;1.097120022868402;10.000064674062843;0.8336071988300797;1.0969953819488976;1.096966562896783;0.7597360126651349;-0.12579492911022835;0.7700359697673099
83.336929;1.0937762618921218;0.8334171299188096;0.7619444807880648;0.1235050085127289;0.1129167177619144;1.0971203862666876;10.00004789208382;0.8336054804655303;1.0969998784082169;1.0969648335038267;0.7597364973850599;-0.12579492866690248;0.7700348101008985
83.346929;1.0937768996776318;0.833416244663668;0.7619448658567837;0.12350511177480131;0.11291679804024506;1.0971207533297962;10.000030491009563;0.8336037357548619;1.0970043449035571;1.0969630721422525;0.7597370036674068;-0.12579492825629868;0.7700335940623555
83.356929;1.0937775830021232;0.833415390546892;0.7619451714974537;0.12350520129398118;0.11291687761824741;1.0971211280474682;10.000012484354814;0.833601959506761;1.0970087637840038;1.0969612859120537;0.759737527996931;-0.12579492787977065;0.7700323285206633
83.366929;1.0937783089047457;0.8334145698210549;0.7619454043326439;0.12350527621120946;0.1129169566528313;1.0971215151075562;9.999993920158659;0.8336001465408654;1.0970131151650406;1.0969594821915962;0.7597380675218018;-0.12579492753857469;0.7700310171085372
83.376929;1.0937790765142985;0.8334137871699849;0.7619455711912126;0.12350533588110119;0.11291703529373773;1.0971219193202684;9.999974872347602;0.8335982930179775;1.097017379463375;1.0969576685014448;0.7597386205992713;-0.12579492723344146;0.7700296613495013
83.386929;1.0937798869374118;0.8334130497294195;0.7619456780889234;0.12350538018699773;0.11291711381821819;1.097122342733785;9.999955429008073;0.8335963978900561;1.0970215412502098;1.0969558528589223;0.7597391871131016;-0.12579492696431308;0.7700282623944831
83.396929;1.0937807408839988;0.8334123654192013;0.7619457294034577;0.12350540960530211;0.11291719267562511;1.0971227834708617;9.99993568983745;0.8335944634846306;1.0970255903183521;1.0969540445648454;0.7597397680896903;-0.12579492673035375;0.7700268225175252
83.406929;1.0937816374934217;0.8334117410948906;0.761945727599509;0.12350542509477523;0.11291727230961453;1.0971232378220004;9.999915764153156;0.8335924941866173;1.0970295202485176;1.0969522544965846;0.7597403645931756;-0.1257949265300906;0.7700253452431254
83.416929;1.0937825743234257;0.8334111821089996;0.7619456736114069;0.12350542793846724;0.11291735297047933;1.097123702095177;9.999895762085462;0.8335904938632163;1.0970333266353811;1.0969504945856021;0.7597409767008242;-0.1257949263614803;0.7700238343943786
83.426929;1.0937835479986502;0.8334106923012211;0.7619455679920296;0.12350541949748155;0.11291743470371937;1.0971241721131613;9.999875787817574;0.8335884642638223;1.0970370054960203;1.0969487762848893;0.7597416034288861;-0.12579492622206997;0.770022293416622
83.436929;1.093784555148708;0.8334102741807707;0.7619454122688879;0.12350540101812992;0.11291751738320545;1.097124642400756;9.999855933354077;0.8335864054314077;1.097040552084793;1.0969471080934368;0.7597422434184614;-0.1257949261091198;0.7700207254293329
83.446929;1.0937855921061435;0.8334099299113231;0.7619452092757325;0.1235053735762049;0.11291760068983736;1.0971251066742758;9.999836271255873;0.8335843170011317;1.0970439610271108;1.0969454944373205;0.7597428955137004;-0.12579492601946946;0.7700191338358446
83.456929;1.0937866537887;0.8334096619946311;0.7619449624724365;0.12350533796086874;0.11291768418673057;1.097125559403092;9.999816852078272;0.8335821987486217;1.097047227706596;1.0969439371348706;0.7597435589008684;-0.12579492594963015;0.7700175233829272
83.466929;1.0937877336426038;0.8334094725256393;0.7619446758322167;0.1235052945492745;0.11291776750250729;1.0971259975960639;9.999797711795747;0.8335800497413309;1.0970503490585797;1.0969424374481316;0.7597442324567444;-0.12579492589638183;0.7700159007000121
83.476929;1.0937888248914038;0.8334093618241423;0.7619443540890896;0.12350524338530058;0.1129178504886609;1.0971264214937255;9.999778885538822;0.8335778678080751;1.0970533223935577;1.0969409970234953;0.7597449133341672;-0.12579492585734486;0.7700142735028591
83.486929;1.0937899218067282;0.8334093276238559;0.7619440019558619;0.12350518443509446;0.11291793325713467;1.0971268337506466;9.999760414352624;0.8335756511754034;1.0970561437702562;1.0969396176313033;0.7597455961448446;-0.12579492583086604;0.7700126494833313
83.496929;1.0937910204477888;0.8334093653217134;0.7619436230687103;0.12350511788142275;0.11291801597108496;1.0971272377722199;9.999742343980804;0.8335734004278629;1.0970588083846933;1.0969383002543789;0.7597462739349452;-0.12579492581549775;0.7700110359032288
83.506929;1.093792119511037;0.8334094694401051;0.761943219564629;0.12350504426432572;0.11291809856083884;1.0971276363834037;9.999724722034177;0.8335711181780668;1.0970613126076214;1.0969370447333722;0.7597469399189312;-0.1257949258099876;0.7700094392864557
83.516929;1.0937932204674168;0.8334096353314483;0.7619427922715298;0.12350496435127659;0.11291818075214195;1.0971280319388095;9.999707596401555;0.8335688078746031;1.0970636555171744;1.0969358512010414;0.7597475880113695;-0.1257949258135643;0.7700078650219507
83.526929;1.0937943258959235;0.8334098599471235;0.7619423419734607;0.12350487894105387;0.11291826232249942;1.0971284271323425;9.9996910194618;0.8335664737181465;1.0970658390282833;1.09693472203733;0.7597482121946163;-0.12579492582583626;0.7700063175409932
83.536929;1.09379543789914;0.8334101416712205;0.7619418706951798;0.1235047888413489;0.11291834319459364;1.0971288245289255;9.999675058297761;0.8335641201038205;1.0970678665318125;1.0969336612465463;0.7597488058395878;-0.1257949258466725;0.7700048007095798
83.546929;1.0937965582176503;0.8334104797406199;0.7619413813207846;0.12350469486114006;0.11291842335051301;1.0971292245027466;9.999659806177256;0.833561749858052;1.0970697408807482;1.0969326721059294;0.759749361389385;-0.12579492587658775;0.770003317901622
83.556929;1.0937976888727081;0.8334108735060844;0.7619408765168517;0.12350459761502444;0.11291850278601652;1.097129623635969;9.999645381288676;0.8335593637249719;1.097071463760163;1.0969317567344699;0.7597498707992945;-0.12579492591716043;0.7700018718960779
83.566929;1.0937988322709669;0.8334113214296597;0.7619403583889313;0.12350449743700087;0.11291858148667801;1.0971300152070795;9.999631903797813;0.8335569619851017;1.097073036843011;1.0969309166862817;0.7597503266140211;-0.12579492597092606;0.7700004646854827
83.576929;1.0937999909013938;0.8334118202532517;0.7619398289945115;0.12350439462882506;0.11291865942587925;1.0971303910302121;9.99961946799359;0.8335545461701694;1.0970744631231661;1.096930151893105;0.7597507225701124;-0.125794926041027;0.7699990976686107
83.586929;1.0938011670447756;0.8334123650743501;0.7619392916133128;0.1235042896872634;0.11291873671335158;1.0971307432029904;9.999608127461057;0.8335521195236697;1.09707574718832;1.0969294597620292;0.7597510538698582;-0.12579492613093898;0.769997772447967
83.596929;1.0938023623788953;0.833412949651912;0.7619387517857508;0.12350418331350062;0.112918813774939;1.0971310652480963;9.999597896533022;0.8335496864011289;1.0970768943479212;1.096928836348045;0.7597513177256202;-0.12579492624437846;0.7699964915120578
83.606929;1.0938035774844397;0.8334135658826962;0.7619382169596519;0.12350407639652382;0.1129188913592523;1.0971313525761104;9.999588763220586;0.833547251318982;1.09707790935097;1.096928277328929;0.7597515132525172;-0.12579492638522352;0.7699952585192273
83.616929;1.093804812118058;0.8334142034243853;0.7619376949685005;0.1235039699591739;0.11291897037804269;1.0971316026994582;9.9995807049576;0.8335448183723517;1.097078796367818;1.096927777448865;0.7597516405360046;-0.12579492655711316;0.7699940782351018
83.626929;1.0938060659101476;0.8334148511788053;0.7619371923599033;0.12350386496882526;0.11291905166647886;1.097131815754217;9.999573701492643;0.8335423908815843;1.0970795609493607;1.0969273308081764;0.7597516994430052;-0.12579492676312387;0.7699929558323522
83.636929;1.093807338440149;0.833415499797938;0.7619367138452258;0.12350376218163384;0.11291913581930081;1.0971319943525217;9.999567743641352;0.8335399710914392;1.097080211597628;1.096926932762139;0.7597516882376432;-0.12579492700570172;0.7699918957554261
83.646929;1.093808629121987;0.8334161424576516;0.761936263083097;0.1235036621796582;0.11291922330122238;1.0971321424972817;9.999562838458992;0.8335375604618885;1.0970807592911702;1.0969265807861333;0.7597516027087465;-0.12579492728641906;0.7699909006553893
83.656929;1.0938099369454246;0.8334167733402935;0.7619358428654662;0.12350356543602319;0.11291931465634841;1.0971322654842262;9.999559007483171;0.8335351606374538;1.097081216140997;1.0969262735424283;0.7597514367528964;-0.12579492760567523;0.7699899707372333
83.666929;1.0938112595508516;0.8334173860411382;0.7619354537093287;0.12350347229608627;0.11291941046261676;1.0971323710263943;9.99955627843075;0.8335327742433571;1.0970815939465068;1.0969260106005156;0.7597511843970329;-0.12579492796284814;0.7699891036095192
83.676929;1.0938125929902935;0.8334179730114971;0.7619350929789205;0.12350338302695577;0.11291951114734636;1.0971324695255962;9.999554681883861;0.8335304047215626;1.097081903055493;1.0969257937153793;0.7597508420223251;-0.12579492835687542;0.7699882940729784
83.686929;1.0938139329205538;0.8334185252455777;0.7619347559623467;0.12350329790981106;0.11291961691442369;1.0971325729388406;9.999554251457006;0.833528055637077;1.0970821521948109;1.0969256275022956;0.7597504090579686;-0.12579492878664772;0.7699875344766394
83.696929;1.093815275803821;0.8334190326865307;0.76193443750518;0.12350321728131892;0.11291972777773297;1.0971326934326895;9.999555020079233;0.8335257308517771;1.0970823484310377;1.0969255183134468;0.7597498864446242;-0.1257949292511019;0.7699868169873011
83.706929;1.0938166193052046;0.833419486078802;0.7619341329180941;0.12350314157325415;0.11291984370523242;1.0971328424374271;9.999557026585181;0.8335234354355312;1.0970824968833375;1.0969254726501454;0.7597492742264682;-0.1257949297494771;0.7699861360417664
83.716929;1.093817962287669;0.8334198784561744;0.7619338381135086;0.12350307130353698;0.1129199647385156;1.0971330306041878;9.999560328853828;0.8335211754702491;1.0970826020615934;1.0969254957136372;0.759748570735952;-0.1257949302816006;0.7699854884471002
83.726929;1.0938193050478247;0.8334202048261217;0.7619335491533205;0.12350300705611333;0.11292009087484166;1.097133268160872;9.999564992656452;0.8335189568097982;1.097082670482376;1.096925590104883;0.7597477741193482;-0.1257949308479235;0.7699848719585936
83.736929;1.0938206494919105;0.833420460850926;0.7619332615492767;0.12350294954937709;0.11292022188643873;1.0971335643806934;9.999571066334463;0.8335167843634307;1.0970827112963553;1.0969257555364;0.7597468841913675;-0.12579493144947035;0.7699842845720988
83.746929;1.0938219984963715;0.8334206416893181;0.7619329700810453;0.12350289967252431;0.11292035727598686;1.0971339277230039;9.999578575789336;0.8335146619827577;1.0970827344081813;1.0969259896857706;0.7597459028950928;-0.12579493208768955;0.7699837250519489
83.756929;1.09382335469528;0.8334207420817586;0.7619326694361771;0.12350285846812474;0.11292049628214715;1.097134367597943;9.999587528467396;0.8335125920928482;1.0970827480366445;1.0969262897403447;0.7597448339629601;-0.12579493276413636;0.7699831938228983
83.766929;1.0938247195394266;0.8334207575352488;0.7619323547348062;0.1235028271018628;0.11292063790906852;1.0971348944403523;9.999597906415103;0.8335105752195779;1.0970827570536723;1.096926654186446;0.7597436824411927;-0.12579493348022558;0.7699826934031421
83.776929;1.0938260927741699;0.8334206853038825;0.7619320214406748;0.12350280666043068;0.11292078106364374;1.0971355166451853;9.99960966475208;0.8335086104098318;1.0970827629501925;1.0969270843980612;0.7597424539239901;-0.125794934237153;0.7699822278646823
83.786929;1.0938274714494587;0.8334205249503529;0.7619316653232858;0.12350279781738364;0.11292092484246445;1.0971362381536038;9.999622743172477;0.8335066965055219;1.0970827647241357;1.096927585533606;0.7597411538279647;-0.1257949350358607;0.7699818017561824
83.796929;1.0938288490618708;0.8334202784164686;0.7619312823826762;0.12350280063998682;0.11292106879794436;1.097137059018761;9.999637073129389;0.8335048331920085;1.0970827595573598;1.0969281665575146;0.759739787484469;-0.12579493587682086;0.7699814197574656
83.806929;1.0938302169832415;0.833419948921189;0.761930868360471;0.12350281462163142;0.11292121293449725;1.0971379760720257;9.99965257845533;0.8335030208666601;1.0970827440196822;1.096928839805245;0.7597383610117642;-0.12579493675953568;0.7699810869112788
83.816929;1.0938315678401387;0.8334195393415722;0.7619304186164594;0.12350283881948408;0.11292135747964771;1.0971389820215172;9.999669180230793;0.8335012597120097;1.0970827164691206;1.0969296196528602;0.759736881802909;-0.1257949376821787;0.7699808081511049
83.826929;1.0938328976425278;0.8334190519596161;0.7619299287285848;0.12350287198715088;0.11292150261727994;1.097140065549165;9.999686800311034;0.8334995496629316;1.0970826788734023;1.0969305200012087;0.7597353580540416;-0.12579493864194347;0.7699805871372416
83.836929;1.0938342053296166;0.8334184896305689;0.761929395458192;0.12350291263085814;0.11292164838577232;1.097141213237807;9.999705358641116;0.8334978911852445;1.097082635506403;1.0969315520981813;0.7597337977299008;-0.12579493963577185;0.7699804253709784
83.846929;1.0938354916388906;0.8334178560480321;0.76192881768209;0.12350295897818718;0.11292179482860215;1.097142410622111;9.999724774356977;0.8334962851111332;1.097082589559713;1.0969327244462517;0.7597322072891927;-0.1257949406607089;0.7699803226727014
83.856929;1.0938367578507233;0.8334171547423403;0.7619281961534686;0.12350300907632923;0.11292194213542013;1.0971436417424594;9.999744970426635;0.8334947315078206;1.0970825412144138;1.0969340446855858;0.759730590877494;-0.12579494171390324;0.7699802788165621
83.866929;1.0938380036672655;0.8334163890689765;0.7619275320388093;0.12350306107625018;0.11292209061393052;1.0971448898240297;9.999765872920168;0.8334932292253748;1.0970824881609904;1.0969355215767136;0.7597289513601996;-0.12579494279275322;0.7699802942354788
83.876929;1.0938392261584355;0.8334155634895584;0.7619268258807571;0.12350311330191986;0.11292224059766612;1.0971461396794129;9.999787408990363;0.8334917769430006;1.0970824274567252;1.0969371656430726;0.7597272926907533;-0.12579494389499635;0.769980369559027
83.886929;1.0938404214171629;0.8334146843137744;0.7619260774712109;0.1235031640800097;0.11292239229188106;1.0971473792892334;9.99980950885606;0.8334903742212895;1.0970823577628694;1.096938988219697;0.7597256207103185;-0.12579494501830632;0.7699805054654751
83.896929;1.0938415861362236;0.8334137591186979;0.7619252859410656;0.12350321177486052;0.11292254562711941;1.0971485993015042;9.999832102377447;0.8334890209876912;1.0970822808192342;1.0969410000740043;0.759723941821047;-0.1257949461598033;0.7699807030105321
83.906929;1.0938427167435838;0.8334127955568392;0.7619244501086234;0.12350325495507958;0.11292270024243785;1.0971497922607292;9.99985510953148;0.8334877166427276;1.0970822011770471;1.096943211121644;0.7597222619312056;-0.1257949473160974;0.7699809640919517
83.916929;1.0938438085544735;0.8334118010041744;0.7619235690711662;0.1235032923230772;0.11292285551150806;1.097150952970728;9.999878442368843;0.8334864601292188;1.0970821243957556;1.0969456294080882;0.7597205866425786;-0.12579494848388317;0.7699812920058144
83.926929;1.0938448564701249;0.8334107837859808;0.7619226417940412;0.12350332260857717;0.11292301062329134;1.0971520788646754;9.99990201955203;0.8334852501571058;1.0970820551965732;1.0969482585004542;0.7597189217735997;-0.12579494966055407;0.7699816916953968
83.936929;1.0938458556702628;0.833409754035212;0.7619216657776967;0.12350334475182348;0.11292316476713453;1.097153169684804;9.999925777457188;0.8334840854435707;1.0970819967645151;1.0969510974156118;0.7597172730336881;-0.12579495084423503;0.7699821688005176
83.946929;1.0938468021796315;0.8334087223992408;0.7619206371035228;0.12350335806210024;0.1129233172527381;1.0971542271085921;9.999949674573385;0.8334829656749818;1.0970819505742875;1.0969541431215704;0.7597156447475559;-0.125794952033381;0.7699827280625858
83.956929;1.0938476933234988;0.8334076987053667;0.7619195518845371;0.12350336201743929;0.11292346754685115;1.0971552542613214;9.999973697448771;0.8334818920453461;1.0970819160405223;1.0969573910081314;0.7597140394799995;-0.12579495322654954;0.7699833728929073
83.966929;1.0938485273759353;0.8334066921774778;0.761918406665219;0.12350335600441374;0.11292361531223737;1.0971562554902272;9.999997868263147;0.8334808666052048;1.097081890318353;1.0969608336097012;0.7597124592838551;-0.12579495442235222;0.7699841058736779
83.976929;1.0938493029011804;0.8334057113219201;0.761917197690647;0.12350333935213324;0.11292376038329326;1.0971572364793083;10.000022242119423;0.8334798915432667;1.0970818686563175;1.0969644609000113;0.7597109064169275;-0.12579495561926018;0.7699849287384142
83.986929;1.093850018266437;0.8334047633919943;0.7619159209729268;0.12350331157131128;0.11292390265150952;1.0971582033524026;10.00004689459853;0.8334789685329451;1.0970818457913118;1.0969682619862293;0.7597093822398786;-0.12579495681539812;0.7699858420439457
83.996929;1.0938506715006122;0.8334038548791547;0.7619145732800864;0.1235032725389846;0.11292404190538147;1.0971591617258412;10.000071916649157;0.8334780981844113;1.0970818172150965;1.0969722251141776;0.7597078864005998;-0.1257949580085037;0.7699868454965999
84.006929;1.0938512601026178;0.8334029921928567;0.7619131526122743;0.12350322247528571;0.11292417770458597;1.0971601170334369;10.000097417317441;0.8334772804955713;1.0970817782245197;1.096976335659544;0.7597064186513127;-0.12579495919590064;0.7699879383901292
84.016929;1.093851780135435;0.8334021819133864;0.7619116577214294;0.12350316169717059;0.11292430938279269;1.0971610744834495;10.0001235165312;0.8334765155707502;1.0970817224489993;1.096980575194953;0.7597049816170766;-0.12579496037477972;0.76998911877716
84.026929;1.093852226123844;0.8334014305172441;0.7619100876743732;0.12350309038170482;0.11292443617325869;1.0971620385758922;10.000150326798039;0.8334758034055472;1.0970816427293788;1.0969849222177823;0.7597035811959229;-0.12579496154280523;0.7699903820373797
84.036929;1.0938525928402842;0.8334007431653085;0.7619084420792224;0.12350300854917151;0.11292455735381178;1.0971630130249304;10.000177946179024;0.8334751431689141;1.097081532974323;1.0969893534185269;0.7597022246720466;-0.1257949626981161;0.7699917211394842
84.046929;1.0938528762313429;0.8334001230256681;0.7619067214688423;0.12350291616125587;0.11292467230209331;1.0971639996200022;10.000206468676092;0.833474532786141;1.0970813888832724;1.0969938459558184;0.7597009188926046;-0.12579496383879793;0.7699931283622169
84.056929;1.0938530724595925;0.8333995722856788;0.761904927765052;0.12350281329394909;0.11292478045825809;1.0971649967275785;10.000235985246528;0.833473968860552;1.097081208224127;1.0969983799741767;0.7596996694147921;-0.12579496496285394;0.7699945965519245
84.066929;1.0938531778949359;0.8333990933272786;0.7619030647391091;0.12350270039718572;0.11292488130688037;1.097165999830869;10.000266569346838;0.8334734468938149;1.0970809909820232;1.0970029394244836;0.7596984796807904;-0.1257949660684993;0.7699961197115992
84.076929;1.0938531898517454;0.8333986884647033;0.7619011374504987;0.12350257845242027;0.11292497436213239;1.097167003486348;10.0002982699887;0.8334729618236373;1.097080739075116;1.0970075111937563;0.7596973505366622;-0.12579496715405206;0.7699976933903322
84.086929;1.0938531061913062;0.8333983589058409;0.7618991509771548;0.12350244896528897;0.11292505905585745;1.0971680030264466;10.000331111727522;0.8334725086650532;1.0970804557454195;1.0970120840345883;0.759696281748591;-0.1257949682176153;0.7699993150535646
84.096929;1.093852924871743;0.833398104653356;0.7618971099558776;0.1235023138361963;0.1129251347036975;1.0971689951862702;10.000365095778399;0.8334720832136586;1.0970801435523556;1.0970166483303856;0.7596952737870077;-0.12579496925695285;0.7700009840592019
84.106929;1.0938526441342007;0.8333979252497571;0.761895018813074;0.1235021750819823;0.11292520067679651;1.0971699782116182;10.000400212084608;0.8334716826313079;1.0970798015895;1.097021196202981;0.7596943272762373;-0.125794970269518;0.7700027006379528
84.116929;1.0938522627690297;0.8333978197697121;0.7618928818437005;0.12350203453744772;0.11292525649330314;1.0971709525788427;10.000436456836562;0.8334713055431412;1.0970794254680267;1.0970257216110189;0.7596934416187815;-0.12579497125262623;0.7700044645363003
84.126929;1.093851780586955;0.8333977861133893;0.7618907035983473;0.12350189366698497;0.1129253016976189;1.097171920636041;10.000473836270077;0.8334709513063064;1.0970790107888047;1.0970302208953355;0.7596926146325559;-0.1257949722038974;0.7700062745252834
84.136929;1.0938511988924697;0.8333978209650096;0.7618884899521304;0.1235017534685522;0.11292533581509341;1.0971728840270338;10.000512351952398;0.8334706187129806;1.0970785558690406;1.0970346920918743;0.7596918432522444;-0.12579497312177118;0.7700081288236948
84.146929;1.0938505201688142;0.8333979199546304;0.7618862486913113;0.12350161455140231;0.11292535845878525;1.0971738417643957;10.000551988687398;0.8334703050120313;1.097078060592572;1.0970391321730755;0.7596911251517018;-0.12579497400571332;0.7700100253003205
84.156929;1.093849746904412;0.8333980770945605;0.7618839888645613;0.12350147738529248;0.1129253693371156;1.0971747905678828;10.000592724963465;0.8334700055848676;1.0970775239403945;1.0970435353055135;0.759690459943283;-0.12579497485586616;0.7700119608846632
84.166929;1.0938488813610552;0.8333982854820372;0.7618817196747152;0.12350134247726828;0.11292536818816601;1.0971757257112653;10.000634552069982;0.8334697146281997;1.097076943556523;1.0970478932403507;0.7596898485142044;-0.12579497567255427;0.7700139311195311
84.176929;1.0938479278116733;0.8333985405393222;0.7618794491444173;0.12350121040297185;0.11292535484022671;1.097176641233164;10.000677480937556;0.833469426737751;1.0970763168511954;1.0970521958664219;0.7596892916792715;-0.12579497645625842;0.7700159308399944
84.186929;1.0938468948017015;0.833398842431166;0.761877182868828;0.12350108177249468;0.1129253292901221;1.0971775301407567;10.000721537669488;0.8334691379721874;1.0970756419906063;1.097056431865442;0.7596887897039182;-0.12579497720771457;0.7700179555426365
84.196929;1.0938457949887266;0.8333991952070823;0.7618749242901388;0.12350095713253297;0.11292529166233421;1.0971783848939045;10.000766747925617;0.833468845657016;1.097074918088543;1.0970605903195478;0.7596883419196883;-0.1257949779276618;0.7700200020346054
84.206929;1.09384464389044;0.8333996043274858;0.761872676093888;0.12350083687331126;0.11292524222433514;1.097179198239877;10.000813112264352;0.8334685473003659;1.097074144572563;1.097064662705078;0.759687946379432;-0.1257949786166893;0.7700220680109966
84.216929;1.093843458156767;0.8334000744612461;0.7618704406421686;0.12350072119853696;0.11292518155666656;1.097179964598732;10.000860588316618;0.8334682394360661;1.0970733203945864;1.0970686441576827;0.7596876008587788;-0.12579497927540265;0.7700241518283247
84.226929;1.0938422534295151;0.8334006086030671;0.7618682191955676;0.12350061014600025;0.1129251106022553;1.0971806807307563;10.000909088919355;0.8334679175473068;1.097072443515407;1.0970725333571794;0.7596873038565934;-0.12579497990430655;0.7700262529638919
84.236929;1.0938410435754196;0.8334012081157461;0.7618660111273258;0.12350050358636096;0.112925030470611;1.0971813446744612;10.000958497927268;0.8334675769394088;1.0970715104602173;1.0970763315793803;0.7596870539227252;-0.12579498050336013;0.7700283720596214
84.246929;1.0938398416694006;0.833401872122358;0.7618638140116315;0.12350040114838523;0.11292494224723958;1.0971819542576786;10.001008690719637;0.8334672130194006;1.097070516288551;1.0970800414354684;0.7596868491132186;-0.12579498107191614;0.7700305101441176
84.256929;1.0938386610661577;0.8334025971213642;0.7618616248325347;0.12350030226120878;0.11292484692200373;1.0971825064843754;10.00105954066836;0.8334668207055216;1.097069455503524;1.0970836657539158;0.7596866877166871;-0.12579498160896568;0.7700326681550475
84.266929;1.093837515060062;0.8334033782916717;0.761859441464069;0.12350020637527448;0.1129247453641947;1.097182997722486;10.001110922011;0.8334663946862101;1.0970683234650884;1.0970872073894913;0.7596865688308849;-0.12579498211309953;0.7700348475060332
84.276929;1.093836415607088;0.8334042110222125;0.7618572633909678;0.12350011309209512;0.11292463833284308;1.09718342468588;10.00116271731111;0.833465931110887;1.0970671173093762;1.0970906696124643;0.7596864922965622;-0.12579498258251534;0.7700370506826597
84.286929;1.0938353728300205;0.8334050914474147;0.7618550913139912;0.12350002206451537;0.1129245265170467;1.09718378623861;10.001214816572116;0.8334654287225277;1.0970658356500242;1.0970940568742353;0.7596864585648312;-0.125794983015439;0.7700392807986267
84.296929;1.0938343953028984;0.8334060167133857;0.7618529257681697;0.12349993283238954;0.11292441058141467;1.0971840847472394;10.001267108720668;0.8334648884805487;1.097064477237047;1.0970973758795697;0.7596864683114645;-0.12579498341049483;0.7700415404800903
84.306929;1.0938334899209603;0.8334069848894845;0.7618507659254706;0.12349984482029865;0.1129242911718123;1.0971843253414921;10.001319475357807;0.833464313061805;1.0970630399559056;1.0971006359518727;0.7596865213182022;-0.1257949837667196;0.7700438307086782
84.316929;1.093832661156374;0.8334079942451399;0.7618486099387198;0.12349975741596521;0.11292416886684611;1.0971845135749942;10.00137178973093;0.8334637064523616;1.0970615212422623;1.097103847931412;0.7596866151363985;-0.12579498408343207;0.7700461500588874
84.326929;1.0938319109462047;0.8334090433983753;0.7618464567326168;0.12349966988701479;0.11292404414937644;1.09718465374719;10.001423920519823;0.8334630727302721;1.0970599189343901;1.0971070223025603;0.7596867446417822;-0.12579498436007375;0.7700484949378162
84.336929;1.0938312399694026;0.8334101326287313;0.7618443080849803;0.1234995812912432;0.1129239174112959;1.0971847490425393;10.001475740139803;0.8334624150009787;1.097058231491551;1.0971101685971167;0.7596869025465649;-0.12579498459615288;0.7700508608721691
84.346929;1.0938306487569476;0.8334112640037648;0.7618421693587487;0.12349949063407469;0.11292378891403435;1.0971848027110331;10.001527136183109;0.8334617357830643;1.0970564578229478;1.0971132960857817;0.7596870798068879;-0.12579498479146387;0.7700532436593156
84.356929;1.0938301380133957;0.8334124402119722;0.7618400479011703;0.12349939706135314;0.11292365866341615;1.0971848188851439;10.001578021690467;0.8334610382679927;1.0970545966909389;1.0971164137736933;0.7596872657172639;-0.12579498494637004;0.7700556394205997
84.366929;1.0938297089646547;0.8334136644429455;0.7618379505991579;0.12349929982833195;0.11292352631807273;1.0971848024168414;10.001628335510835;0.8334603272662613;1.0970526460693002;1.0971195296105434;0.7596874489647174;-0.1257949850620333;0.7700580441878793
84.376929;1.093829362696312;0.8334149406375115;0.7618358830484218;0.12349919818953957;0.11292339131315027;1.0971847578881861;10.001678027909927;0.83345960934149;1.0970506037923722;1.0971226498116962;0.759687619990102;-0.12579498514058193;0.7700604538704401
84.386929;1.0938290986772439;0.8334162724145878;0.7618338505927236;0.12349909145299928;0.11292325311745227;1.0971846879918568;10.001727047197447;0.8334588924299862;1.0970484690222098;1.0971257781672714;0.759687772565617;-0.12579498518504867;0.7700628645868599
84.396929;1.0938289153199932;0.8334176626226616;0.7618318592245424;0.12349897919644051;0.11292311142072149;1.0971845924279993;10.001775340052086;0.8334581849484689;1.097046242344351;1.0971289154449566;0.7596879030852085;-0.12579498519923543;0.7700652729354583
84.406929;1.0938288119298558;0.8334191147625111;0.7618299151492148;0.1234988613850318;0.11292296617597865;1.0971844689547618;10.001822853943048;0.8334574942866294;1.0970439246424422;1.0971320596793086;0.7596880093891103;-0.1257949851874575;0.7700676758702573
84.416929;1.0938287887557345;0.833420633611444;0.7618280239425468;0.12349873819690656;0.11292281755474255;1.0971843157921817;10.001869535654139;0.8334568257120922;1.0970415161917504;1.097135206982247;0.7596880910150338;-0.12579498515376583;0.7700700701403987
84.426929;1.09382884567422;0.833422224196381;0.7618261901296922;0.12349860978490501;0.11292266598176907;1.0971841326496348;10.00191533197717;0.8334561822284527;1.09703901558782;1.0971383517774982;0.7596881497135882;-0.12579498510125944;0.7700724515417383
84.436929;1.0938289808054773;0.8334238911748078;0.7618244171475903;0.12349847633809581;0.11292251224609187;1.0971839197520683;10.001960189382018;0.8334555646125597;1.0970364191073803;1.0971414872607144;0.7596881887833243;-0.12579498503244338;0.7700748148948793
84.446929;1.0938291888575522;0.8334256386834775;0.7618227074890958;0.12349833832952724;0.1129223574713372;1.0971836762017955;10.00200404688351;0.8334549715042221;1.0970337213200398;1.097144606891514;0.7596882118177692;-0.1257949849499283;0.7700771552083083
84.456929;1.0938294611107986;0.8334274700201214;0.7618210625999049;0.123498196498492;0.11292220286161153;1.0971833985749933;10.002046831801556;0.8334543999687585;1.0970309154330409;1.0971477048576648;0.7596882218741171;-0.12579498485630625;0.7700794689818434
84.466929;1.0938297877885925;0.8334293874680531;0.7618194825332155;0.12349805151432548;0.11292204944113249;1.0971830808260172;10.002088473830499;0.8334538458912364;1.0970279932530316;1.0971507748586915;0.7596882214275796;-0.125794984753668;0.7700817547488165
84.476929;1.0938301598017959;0.8334313919546316;0.7618179658729464;0.12349790374136745;0.11292189798476673;1.0971827160146896;10.002128929287139;0.8334533037899179;1.0970249459080341;1.0971538096041875;0.759688212598018;-0.12579498464355077;0.7700840124102584
84.486929;1.093830568195711;0.833433482417845;0.7618165100962646;0.12349775337135725;0.11292174903924758;1.0971822988414588;10.002168188881331;0.833452767353982;1.09702176537999;1.0971568017830873;0.7596881967482437;-0.12579498452705656;0.7700862414084095
84.496929;1.0938310033144918;0.8334356551961557;0.7618151122407678;0.1234976007203468;0.11292160298134132;1.0971818275571898;10.002206264096701;0.8334522318511379;1.0970184466249624;1.0971597459131037;0.7596881738285634;-0.12579498440499928;0.7700884392458786
84.506929;1.0938314550773618;0.8334379039711467;0.7618137698752092;0.1234974463090414;0.11292146014374795;1.0971813036331943;10.0022431748717;0.8334516967228034;1.0970149891070073;1.097162639743034;0.7596881423406943;-0.12579498427833377;0.7700906015024944
84.516929;1.0938319136020838;0.8334402209412074;0.7618124824503653;0.12349729063147566;0.11292132086281338;1.0971807288583975;10.002278949589645;0.8334511657229065;1.0970113966644375;1.0971654832642987;0.759688100014474;-0.12579498414846285;0.7700927226873405
84.526929;1.093832370779297;0.8334425985021146;0.7618112523564171;0.12349713389454323;0.1129211853967633;1.0971801023435455;10.002313626232025;0.8334506450883172;1.097007676005828;1.0971682769438968;0.7596880450262823;-0.12579498401708475;0.7700947969956374
84.536929;1.093832822992509;0.8334450295670311;0.761810084450595;0.12349697597921935;0.11292105384474459;1.0971794197943134;10.00234725108738;0.8334501413547372;1.0970038347022493;1.0971710216133732;0.7596879768390228;-0.1257949838860011;0.7700968189373969
84.546929;1.0938332723392208;0.8334475069735423;0.7618089847796172;0.12349681657668904;0.11292092612480138;1.097178674829318;10.002379876682731;0.833449659426855;1.0969998805422636;1.0971737184215258;0.759687895519978;-0.12579498375710804;0.770098783845044
84.556929;1.093833725152528;0.8334500239309723;0.761807960413969;0.12349665536825792;0.11292080201598793;1.09717786106345;10.002411554420013;0.8334492022156446;1.0969958232353423;1.0971763670258188;0.7596878002991027;-0.12579498363238725;0.7701006882872354
84.566929;1.093834189984367;0.8334525742502521;0.7618070194284304;0.12349649212034203;0.11292068123446047;1.0971769738177246;10.00244232677863;0.8334487720456382;1.096991675403354;1.0971789631094369;0.7596876894968652;-0.12579498351366783;0.7701025309683966
84.576929;1.0938346764873286;0.8334551511214862;0.7618061695185268;0.12349632661463632;0.1129205634254885;1.097176011060002;10.002472229868825;0.8334483715464671;1.096987450327957;1.0971814981450143;0.7596875618190118;-0.1257949834023463;0.7701043137080487
84.586929;1.093835193247578;0.833457746756295;0.7618054167645184;0.12349615857497886;0.11292044807197511;1.0971749739598256;10.002501304526477;0.8334480025671873;1.096983159801185;1.097183962182102;0.7596874165896567;-0.1257949832993998;0.770106041254302
84.596929;1.0938357443399342;0.8334603535958709;0.7618047657103514;0.12349598775541697;0.11292033448987734;1.0971738668595175;10.002529600060761;0.8334476648862463;1.0969788152192388;1.0971863455518163;0.7596872527806047;-0.12579498320548685;0.7701077199195832
84.606929;1.0938363289757989;0.8334629653007262;0.7618042195221382;0.12349581411470774;0.11292022194399479;1.0971726957148518;10.002557165311405;0.8334473566785494;1.0969744297707247;1.0971886370682185;0.7596870685292769;-0.1257949831208821;0.7701093558217064
84.616929;1.093836945282598;0.8334655770940415;0.7618037794169429;0.12349563792271835;0.11292010976743011;1.0971714658401885;10.00258404305895;0.8334470756897121;1.0969700188937839;1.0971908221517828;0.7596868608341405;-0.12579498304537304;0.7701109534730389
84.626929;1.0938375938300129;0.8334681859867213;0.7618034442625591;0.1234954597171661;0.1129199974113428;1.097170181794006;10.002610270607732;0.8334468199567796;1.0969655992809266;1.0971928837013416;0.7596866254015074;-0.1257949829783432;0.7701125153797144
84.636929;1.0938382785107712;0.8334707906073613;0.7618032107609523;0.12349528023142856;0.11291988444562297;1.0971688489158467;10.002635872281589;0.8334465883499322;1.0969611880924242;1.0971948043704915;0.7596863575508992;-0.12579498291902208;0.7701140420156112
84.646929;1.093839005703088;0.8334733896446435;0.7618030738621423;0.12349510042866728;0.11291977058194026;1.097167473350616;10.002660850547654;0.8334463808440501;1.0969568022241192;1.0971965685679217;0.759686053822398;-0.12579498286660562;0.7701155310960797
84.656929;1.0938397826188853;0.8334759797299996;0.7618030274633013;0.123494921463601;0.1129196556674244;1.0971660606086586;10.002685190876408;0.8334461987006666;1.0969524573695109;1.097198163162314;0.7596857137521648;-0.12579498282017076;0.7701169769846915
84.666929;1.0938406153288414;0.8334785551784052;0.7618030647969722;0.1234947444594014;0.11291953960568551;1.0971646138559843;10.002708868434537;0.8334460448346197;1.0969481683326476;1.0971995762410067;0.7596853408604757;-0.12579498277866052;0.7701183713223654
84.676929;1.0938415077922976;0.8334811092465122;0.7618031779746741;0.12349457038897037;0.1129194223594979;1.0971631324637146;10.002731842483229;0.8334459234513907;1.0969439498326947;1.0972007959573344;0.759684941885445;-0.12579498274101933;0.7701197045889795
84.686929;1.0938424630958572;0.833483634967845;0.7618033576420935;0.12349440015889611;0.11291930406946316;1.0971616122450203;10.002754056987559;0.8334458384311804;1.0969398153556118;1.097201811268348;0.7596845254993511;-0.12579498270614636;0.7701209679709525
84.696929;1.0938434853907224;0.8334861252384645;0.7618035936106288;0.12349423459824352;0.11291918508813978;1.0971600470955911;10.002775460421299;0.8334457918990014;1.0969357751399393;1.097202613966459;0.7596841018282016;-0.12579498267269387;0.7701221544704469
84.706929;1.0938445801944852;0.8334885724301797;0.7618038760363391;0.12349407429271497;0.11291906579712263;1.097158429886677;10.00279601770993;0.8334457845332056;1.0969318358591371;1.0972032010278978;0.7596836820391001;-0.12579498263917088;0.7701232588389697
84.716929;1.0938457531267094;0.8334909680926547;0.761804196478545;0.12349391946118984;0.11291894636248428;1.0971567520676697;10.002815699292274;0.8334458171628729;1.096928001372743;1.097203575499976;0.7596832772951007;-0.12579498260431204;0.7701242773824307
84.726929;1.0938470083893288;0.8334933030900746;0.7618045481795176;0.1234937699635022;0.11291882677751515;1.0971550033514927;10.002834467781451;0.8334458917338056;1.096924273309214;1.097203745059123;0.7596828976536826;-0.12579498256726446;0.7701252083183754
84.736929;1.0938483484534316;0.8334955675542524;0.7618049249377461;0.12349362542446873;0.11291870717877721;1.0971531721094354;10.002852271984924;0.8334460105479709;1.0969206518945431;1.0972037190472368;0.7596825515473659;-0.12579498252746255;0.770126052464314
84.746929;1.0938497753644794;0.8334977511073807;0.7618053198724237;0.12349348535905282;0.11291858799613166;1.0971512464097064;10.002869045901337;0.8334461747442072;1.0969171370790627;1.0972035052954523;0.7596822461734589;-0.12579498248450136;0.7701268130870116
84.756929;1.0938512920360537;0.8334998445509414;0.7618057260933235;0.12349334923965383;0.11291846982651706;1.0971492157093774;10.002884717523498;0.8334463834170261;1.0969137294833275;1.0972031090629049;0.7596819882436465;-0.1257949824382977;0.7701274943410091
84.766929;1.0938529015691656;0.8335018415411299;0.7618061386998526;0.12349321659625088;0.11291835333877791;1.097147071300392;10.002899222161204;0.8334466336577662;1.0969104303375485;1.0972025342311815;0.7596817840855975;-0.1257949823891786;0.7701280998395706
84.776929;1.0938546043734587;0.8335037377987562;0.761806555782555;0.12349308710991391;0.11291823930902245;1.09714480486;10.002912506394086;0.833446920847539;1.096907240404259;1.097201784850048;0.7596816395471505;-0.12579498233758676;0.7701286323300013
84.786929;1.0938563962247911;0.8335055286410098;0.7618069776289846;0.12349296052615612;0.11291812855237485;1.0971424081991754;10.002924522642482;0.8334472387209827;1.0969041591743542;1.097200866856785;0.7596815598395783;-0.12579498228385005;0.770129094104104
84.796929;1.0938582700557309;0.8335072077195841;0.7618074056358553;0.12349283648840689;0.11291802170214604;1.097139875119374;10.002935228196627;0.8334475796392843;1.096901184351279;1.0971997896309955;0.7596815484788189;-0.12579498222817576;0.7701294873293939
84.806929;1.093860219170248;0.8335087681098143;0.7618078417388026;0.12349271451400605;0.11291791909592445;1.0971372025895858;10.002944594653224;0.8334479353312609;1.0968983115795135;1.0971985659059669;0.7596816060464364;-0.1257949821703863;0.7701298132292256
84.816929;1.0938622386023233;0.8335102044425945;0.7618082875298409;0.12349259399253538;0.11291782078517403;1.0971343906625692;10.00295261780724;0.8334482977015517;1.0968955352357244;1.097197209558251;0.7596817301171437;-0.12579498210942355;0.7701300709781724
84.826929;1.093864324716212;0.8335115147060342;0.7618087429146368;0.12349247409739886;0.11291772647114483;1.0971314424285556;10.002959314766173;0.8334486592454812;1.0968928493946033;1.0971957329203756;0.759681916243529;-0.12579498204317088;0.7701302580091263
84.836929;1.0938664738856814;0.8335127009741442;0.7618092053195763;0.12349235376227952;0.11291763550675146;1.0971283632277034;10.002964704932905;0.8334490128608744;1.0968902482214429;1.097194146117766;0.759682159022688;-0.12579498196855132;0.7701303709574713
84.846929;1.093868680754202;0.8335137687022974;0.7618096700319218;0.12349223185737855;0.11291754715751837;1.0971251597167324;10.002968793130009;0.8334493514918241;1.0968877266711317;1.0971924584770005;0.7596824527209853;-0.1257949818819274;0.7701304060865322
84.856929;1.093870938028168;0.833514725171309;0.7618101311392527;0.12349210750426577;0.11291746080245102;1.0971218409989478;10.002971571142917;0.8334496678493193;1.0968852816868133;1.0971906798680005;0.7596827913060604;-0.125794981780147;0.7701303601335077
84.866929;1.0938732382613086;0.8335155780041201;0.7618105829491698;0.12349198025582156;0.11291737578858276;1.097118420798069;10.002973032936763;0.8334499542781965;1.0968829130361177;1.0971888212040004;0.7596831680632384;-0.12579498166152556;0.770130231964804
84.876929;1.0938755754487453;0.833516334189513;0.7618110217133861;0.12349185002607015;0.11291729125225822;1.0971149177257846;10.002973196654855;0.8334502034286714;1.0968806226189032;1.0971868944504455;0.7596835756311732;-0.1257949815259216;0.7701300230318568
84.886929;1.0938779454659202;0.833516999554928;0.7618114461298469;0.12349171692867374;0.1129172061885934;1.0971113527657657;10.00297211634752;0.8334504091670801;1.0968784122277593;1.0971849113446779;0.759684006602113;-0.12579498137416012;0.7701297357300967
84.896929;1.093880345170469;0.8335175786820934;0.7618118567965211;0.12349158122818726;0.11291711955831572;1.0971077463676153;10.00296986605114;0.8334505664379678;1.0968762812419335;1.0971828810146849;0.7596844540077118;-0.12579498120747445;0.7701293719379814
84.906929;1.0938827708934933;0.8335180752416705;0.76181225632148;0.12349144346278455;0.112917030280424;1.0971041171848013;10.002966511263846;0.8334506707985815;1.0968742260661155;1.0971808087834871;0.7596849112445916;-0.12579498102734046;0.770128933218495
84.916929;1.0938852185020032;0.8335184925222476;0.7618126494605926;0.12349130448919632;0.11291693725581016;1.0971004818936683;10.002962095475235;0.8334507192624959;1.0968722420863006;1.09717869725994;0.7596853713789393;-0.1257949808352993;0.7701284217419795
84.926929;1.0938876844594343;0.8335188340677613;0.7618130422905924;0.12349116526595891;0.11291683942176672;1.097096854829436;10.002956649170889;0.8334507119729966;1.0968703261711055;1.097176548735678;0.7596858270392587;-0.12579498063237723;0.7701278409763233
84.936929;1.0938901661109486;0.8335191040639688;0.7618134414227377;0.12349102651787587;0.11291673580875126;1.0970932472043669;10.00295021165851;0.8334506526494534;1.0968684771517463;1.0971743665672593;0.7596862717807031;-0.1257949804185143;0.7701271955393666
84.946929;1.0938926617749207;0.8335193069245675;0.7618138540572205;0.12349088849895123;0.11291662566334233;1.0970896680534283;10.002942847007875;0.8334505473957506;1.0968666940746352;1.097172154681762;0.7596867013091242;-0.12579498019261207;0.7701264904918282
84.956929;1.093895170600638;0.8335194466480899;0.7618142880848013;0.12349075105416142;0.1129165084367756;1.0970861270233974;10.002934632629586;0.8334504033356458;1.0968649743911034;1.0971699171906095;0.7596871132610531;-0.12579497995320701;0.7701257315552913
84.966929;1.0938976913903073;0.8335195269740402;0.7618147513800952;0.12349061390212358;0.11291638357856956;1.0970826359196122;10.002925630661617;0.8334502279282608;1.0968633140699668;1.0971676584596117;0.7596875063931751;-0.12579497969894216;0.7701249263398844
84.976929;1.0939002213856124;0.8335195518701644;0.7618152509617281;0.1234904767518601;0.11291625049169382;1.0970792086704586;10.002915877164607;0.8334500281807506;1.0968617082392471;1.097165382836847;0.759687879986637;-0.12579497942855444;0.7701240846996272
84.986929;1.0939027566033985;0.8335195256816963;0.7618157924560199;0.12349033921261275;0.11291610873461025;1.097075859955969;10.002905392441228;0.8334498096067536;1.096860151277779;1.0971630941479704;0.7596882335653234;-0.12579497914116894;0.7701232174027198
84.996929;1.0939052936702856;0.8335194531834248;0.7618163795096755;0.12349020083067454;0.11291595814643454;1.0970726017234562;10.002894191416798;0.8334495765839557;1.0968586388946593;1.09716079448742;0.7596885667350732;-0.1257949788368094;0.7701223345814525
85.006929;1.0939078314475197;0.8335193393451691;0.7618170138129708;0.12349006129624378;0.11291579875324134;1.0970694397337297;10.002882289673655;0.8334493342981208;1.096857171467648;1.0971584834687718;0.7596888784225645;-0.12579497851623078;0.7701214453604625
85.016929;1.0939103710012998;0.8335191887920325;0.7618176960335659;0.12348992055321688;0.11291563065232123;1.0970663734830906;10.002869707734353;0.8334490900290846;1.0968557540576414;1.09715615940848;0.7596891659420988;-0.12579497818025237;0.7701205585387975
85.026929;1.0939129139187758;0.8335190056613601;0.7618184268537843;0.1234897787419252;0.11291545404361128;1.097063400166755;10.0028564674908;0.8334488524302394;1.0968543935388417;1.0971538203874382;0.7596894251969888;-0.12579497782934865;0.7701196834033938
85.036929;1.0939154607872474;0.8335187937642456;0.7618192073146361;0.12348963606890644;0.11291526936616371;1.0970605185218127;10.002842582095647;0.8334486299276667;1.0968530964433978;1.097151463336359;0.759689651606434;-0.1257949774635429;0.7701188294263497
85.046929;1.0939180116861917;0.8335185562401248;0.7618200380425088;0.12348949262937595;0.11291507738534166;1.0970577281978113;10.002828049380064;0.8334484302168856;1.0968518681330452;1.0971490831564368;0.7596898406015576;-0.1257949770824998;0.7701180045165035
85.056929;1.093920567383053;0.8335182950609986;0.7618209181247212;0.12348934833667614;0.11291487911505287;1.0970550274262203;10.002812855505326;0.8334482609690134;1.0968507129147929;1.0971466739262974;0.759689987343489;-0.12579497668590853;0.7701172131904447
85.066929;1.0939231291439955;0.8335180112284234;0.7618218446881383;0.12348920311331639;0.11291467566110214;1.0970524126181425;10.00279698500446;0.8334481298963542;1.0968496346847332;1.0971442302355565;0.7596900865410681;-0.12579497627366498;0.770116456235881
85.076929;1.0939256978623562;0.8335177051110922;0.7618228131357725;0.12348905710400974;0.11291446812337573;1.0970498786143652;10.002780422856237;0.8334480438090339;1.0968486373043902;1.0971417462044708;0.7596901337513647;-0.12579497584552884;0.77011573246916
85.086929;1.0939282735030005;0.8335173768163524;0.7618238177701081;0.12348891066139253;0.11291425755235031;1.0970474191656776;10.00276314617399;0.8334480081997451;1.0968477246210317;1.0971392138046991;0.7596901269917681;-0.12579497540069554;0.7701150410917121
85.096929;1.093930854365079;0.8335170274635362;0.7618248526933843;0.12348876423866866;0.11291404493840891;1.0970450282954387;10.002745116168864;0.8334480277343183;1.0968469001052108;1.0971366229324857;0.7596900667163677;-0.12579497493753694;0.7701143821763187
85.106929;1.0939334367584979;0.8335166602510382;0.7618259124493483;0.1234886182490455;0.11291383120236942;1.097042701684133;10.002726278112867;0.8334481070514265;1.0968461661474311;1.0971339618493745;0.7596899550139002;-0.12579497445359472;0.7701137553761219
85.116929;1.0939360163249126;0.8335162795981474;0.7618269922454188;0.12348847288198393;0.11291361711296218;1.0970404369895954;10.002706570476752;0.8334482518291357;1.0968455229917713;1.0971312168624299;0.759689794788319;-0.12579497394605305;0.7701131587930976
85.126929;1.0939385897116827;0.8335158892308383;0.7618280881545808;0.12348832810074202;0.112913403215531;1.0970382328192059;10.00268593239586;0.8334484693910885;1.0968449677498715;1.0971283734527577;0.7596895885638142;-0.1257949734125142;0.7701125891223255
85.136929;1.0939411541355482;0.8335154911314712;0.7618291971769658;0.12348818388483764;0.11291318997283249;1.0970360876027405;10.002664303917427;0.8334487677813822;1.0968444949396747;1.0971254184050003;0.7596893382679902;-0.12579497285140148;0.7701120429625865
85.146929;1.0939437051338536;0.8335150861134067;0.7618303172909158;0.12348804047472096;0.11291297802555304;1.0970339991584288;10.002641628274962;0.8334491543686047;1.0968440983575456;1.0971223409151967;0.7596890467908104;-0.12579497226194247;0.7701115180664106
85.156929;1.0939462356578038;0.8335146756323308;0.7618314476198136;0.12348789833673206;0.11291276825470022;1.0970319652344547;10.002617860121484;0.8334496351753748;1.0968437725343354;1.0971191330839432;0.7596887186898831;-0.12579497164426903;0.7701110133126199
85.166929;1.0939487379730741;0.8335142634366345;0.7618325878964657;0.12348775787373693;0.11291256161400061;1.0970299855549213;10.002592976421901;0.8334502143344494;1.0968435127533191;1.0971157895059886;0.7596883588182322;-0.12579497099930464;0.7701105277032387
85.176929;1.0939512060659804;0.8335138552482911;0.7618337375985373;0.1234876193224358;0.11291235896627243;1.0970280630018228;10.00256698211062;0.8334508939664248;1.0968433138770495;1.0971123064159798;0.7596879712881465;-0.1257949703281279;0.7701100595826619
85.186929;1.0939536364929283;0.8335134566331323;0.7618348960990317;0.12348748297975491;0.11291216106128169;1.097026201678083;10.00253990630751;0.8334516747117944;1.0968431697070269;1.0971086823754577;0.759687559312453;-0.12579496963143516;0.7701096068929745
85.196929;1.0939560280147889;0.8335130716231324;0.7618360632516389;0.12348734933915549;0.11291196861968339;1.0970244046002005;10.002511794368315;0.8334525557418491;1.0968430738795645;1.097104919796884;0.7596871250710769;-0.1257949689095347;0.7701091686000573
85.206929;1.093958380475106;0.8335127032670898;0.761837239457298;0.12348721897738585;0.11291178236810133;1.09702267393033;10.002482695403302;0.8334535346280191;1.0968430206176223;1.097101024973569;0.7596866704376102;-0.12579496816283828;0.7701087462557968
85.216929;1.093960693226122;0.8335123548501813;0.7618384262892537;0.1234870924197675;0.11291160292705874;1.097021012348678;10.002452650369895;0.8334546081284839;1.0968430040011876;1.097097006585942;0.75968619811534;-0.1257949673923236;0.7701083442195383
85.226929;1.0939629642134956;0.8335120306071057;0.7618396277760139;0.12348697002592919;0.11291143071688109;1.0970194234640325;10.002421690790458;0.8334557728776064;1.0968430171874364;1.0970928742885577;0.7596857115004754;-0.12579496659939599;0.7701079686395695
85.236929;1.0939651902534442;0.8335117356061164;0.7618408500555436;0.12348685190364117;0.11291126598295675;1.0970179113498875;10.002389844152127;0.8334570248113565;1.0968430533870266;1.0970886376244806;0.7596852137706703;-0.1257949657854607;0.7701076264546218
85.246929;1.0939673680429478;0.8335114752692299;0.7618420992027515;0.1234867380113341;0.11291110881867152;1.0970164801467694;10.002357144289471;0.8334583581781299;1.0968431081258467;1.0970843057009143;0.7596847079675294;-0.12579496495179526;0.7701073248791823
85.256929;1.0939694950304886;0.8335112548347864;0.7618433793375379;0.12348662837979903;0.11291095923939555;1.097015133801404;10.002323644782479;0.8334597650873011;1.0968431802555603;1.097079888878097;0.7596841980740757;-0.12579496409982557;0.7701070712091488
85.266929;1.0939715696311345;0.8335110784643993;0.7618446916615492;0.12348652317546484;0.11291081735216675;1.0970138753466243;10.002289422029108;0.8334612358671818;1.0968432706927114;1.0970754008252097;0.7596836894252319;-0.12579496323142336;0.7701068729229233
85.276929;1.0939735919653468;0.8335109482730302;0.7618460343061187;0.1234864225449966;0.1129106833760342;1.097012706021453;10.002254566363538;0.8334627607499789;1.0968433812757905;1.0970708584405282;0.7596831877797173;-0.1257949623488517;0.7701067377406593
85.286929;1.0939755647618399;0.8335108633092273;0.7618474033769567;0.12348632641758978;0.11291055743704469;1.0970116250978657;10.002219178774213;0.8334643317214429;1.0968435148600364;1.0970662802851163;0.7596826984457069;-0.12579496145437277;0.7701066733842958
85.296929;1.0939774919520835;0.8335108185531205;0.7618487949312274;0.12348623446510483;0.11291043942196055;1.0970106311105474;10.002183381055396;0.8334659427432408;1.096843674234698;1.0970616847902148;0.7596822265385272;-0.125794960549716;0.7701066869789801
85.306929;1.0939793762707157;0.8335108052407363;0.7618502063788277;0.12348614630839158;0.11291032902932252;1.097009723672282;10.002147313873591;0.8334675885860963;1.0968438594217234;1.097057088154166;0.7596817772012165;-0.12579495963580703;0.770106784101864
85.316929;1.0939812188167533;0.833510812458654;0.7618516361410446;0.12348606182713764;0.11291022586429143;1.0970089031090626;10.002111108480022;0.833469263124217;1.0968440668359232;1.0970525030735354;0.7596813554569238;-0.12579495871312113;0.7701069684126678
85.326929;1.0939830199905431;0.833510828531663;0.7618530825409439;0.12348598133607752;0.11291012950418433;1.0970081682366;10.002074865732425;0.8334709585271136;1.096844290914627;1.0970479397869686;0.7596809667674174;-0.12579495778227978;0.770107242385926
85.336929;1.0939847803778477;0.8335108417472893;0.7618545434777777;0.12348590550382164;0.1129100395224721;1.0970075152960694;10.002038658339233;0.8334726663114579;1.0968445255526886;1.0970434079412077;0.7596806172018444;-0.12579495684422987;0.7701076081210242
85.346929;1.0939865015479149;0.8335108404995093;0.7618560166941797;0.12348583504877865;0.11290995546003883;1.097006937938579;10.0020025369943;0.8334743784736997;1.0968447664104852;1.09703891740076;0.7596803123324373;-0.12579495590019932;0.770108067218462
85.356929;1.0939881866397891;0.833510813457841;0.761857499834524;0.1234857704692584;0.11290987680818226;1.097006427965868;10.001966542057914;0.8334760877412226;1.0968450143710944;1.0970344780907455;0.7596800561227683;-0.1257949549519995;0.7701086202285076
85.366929;1.093989839910112;0.8335107502521442;0.7618589904534894;0.12348571205557902;0.11290980294152186;1.0970059780133015;10.001930721580385;0.8334777883799349;1.0968452753513533;1.0970300993854176;0.7596798505709337;-0.12579495400233592;0.7701092671161072
85.376929;1.0939914651596492;0.83351064181435;0.7618604861975562;0.12348566007565247;0.11290973302557379;1.097005584018194;10.001895131660385;0.8334794770864463;1.0968455565512276;1.0970257897916882;0.7596796958625184;-0.12579495305458224;0.7701100080930411
85.386929;1.0939930649778136;0.8335104801716254;0.7618619852920016;0.1234856148688883;0.11290966609744016;1.097005245377506;10.001859816789919;0.8334811521431771;1.0968458644337462;1.097021557430331;0.7596795905869811;-0.12579495211250752;0.7701108432262816
85.396929;1.0939946419532882;0.8335102586697758;0.7618634871577281;0.12348557677139108;0.11290960121690277;1.0970049643073303;10.001824796413954;0.8334828119014757;1.0968462049214345;1.0970174106487727;0.7596795324294559;-0.1257949511803451;0.7701117720427704
85.406929;1.0939962000062364;0.8335099721716873;0.761864992017083;0.12348554597974817;0.11290953751933513;1.0970047445034103;10.001790074694592;0.8334844546184846;1.0968465836012458;1.097013358209389;0.7596795194048552;-0.12579495026272935;0.7701127939319521
85.416929;1.0939977446799019;0.8335096163275373;0.7618664997145715;0.12348552249290262;0.11290947423603312;1.0970045891274531;10.001755663513118;0.8334860790595806;1.0968470054581065;1.0970094091421598;0.7596795504122453;-0.1257949493643275;0.770113907606242
85.426929;1.093999282778677;0.8335091870218478;0.761868009284421;0.12348550614829343;0.11290941068720683;1.0970045007756595;10.001721591274283;0.833487684478495;1.0968474737686493;1.097005571758842;0.7596796255335985;-0.12579494848933157;0.7701151099695489
85.436929;1.0940008213293004;0.8335086805220073;0.7618695194164355;0.1234854966475037;0.11290934624654278;1.0970044822687341;10.001687889479781;0.8334892698865817;1.096847989144908;1.0970018520416729;0.7596797468896563;-0.1257949476410141;0.7701163961706996
85.446929;1.0940023663814376;0.8335080929692263;0.7618710292440983;0.12348549354994591;0.11290928031207981;1.0970045345359767;10.001654578598982;0.8334908335131368;1.0968485500399794;1.096998253179354;0.7596799182587514;-0.12579494682179976;0.7701177600552082
85.456929;1.0940039217313653;0.8335074197451106;0.761872538626222;0.12348549627937795;0.11290921225876503;1.0970046541070777;10.001621671608111;0.8334923733607886;1.0968491532788338;1.0969947770121486;0.7596801431875089;-0.12579494603381913;0.770119193921206
85.466929;1.094005487459694;0.8335066563965569;0.7618740470814436;0.12348550408804758;0.11290914136809826;1.09700483444643;10.001589190793206;0.8334938882441143;1.096849793649411;1.096991426283744;0.7596804243747313;-0.12579494527936821;0.77012068818595
85.476929;1.094007059404399;0.8335057994951138;0.7618755521964671;0.12348551599429151;0.11290906671545406;1.0970050685507495;10.001557179299475;0.8334953781170712;1.0968504641389976;1.0969882059735039;0.7596807646969017;-0.125794944560912;0.7701222317388919
85.486929;1.0940086295083256;0.8335048460625699;0.7618770494414496;0.12348553088116343;0.11290898710292832;1.09700534910048;10.001525697417902;0.8334968437979148;1.0968511573669621;1.0969851227569622;0.7596811678291464;-0.12579494388072168;0.7701238129650834
85.496929;1.0940101865310212;0.8335037941412136;0.7618785335978574;0.12348554774765666;0.11290890117537779;1.0970056677455708;10.001494809567536;0.8334982868267827;1.0968518671104084;1.0969821833633264;0.7596816375734814;-0.1257949432406971;0.7701254206903793
85.506929;1.094011717612564;0.833502644607968;0.7618799996346087;0.12348556584309854;0.11290880762410363;1.0970060154880994;10.001464580419984;0.8334997099535763;1.0968525894843466;1.0969793935105354;0.759682176516544;-0.12579494264263877;0.7701270441685251
85.516929;1.0940132095135682;0.8335014008007894;0.7618814422678352;0.1234855846042431;0.11290870535064283;1.0970063833657608;10.001435087239544;0.8335011178496841;1.0968533237108677;1.0969767581746457;0.7596827856495256;-0.1257949420884629;0.7701286720739157
85.526929;1.0940146487343623;0.833500065868091;0.7618828558155996;0.1234856035365275;0.11290859357281449;1.097006763443792;10.001406424599823;0.8335025167714641;1.0968540720812743;1.0969742821813888;0.7596834653619039;-0.12579494158014198;0.7701302919825653
85.536929;1.0940160225592963;0.8334986407090706;0.7618842349203342;0.12348562217666595;0.1129084718353624;1.0970071502984997;10.00137869127785;0.8335039133376643;1.0968548383819081;1.0969719697399285;0.7596842164666333;-0.12579494111969153;0.7701318916243817
85.546929;1.0940173207818147;0.8334971240679544;0.7618855750479016;0.12348564021206168;0.11290833995218436;1.0970075413939249;10.001351975072874;0.8335053136928618;1.096855625300495;1.0969698233321807;0.7596850403323688;-0.12579494070918057;0.7701334610184511
85.556929;1.0940185354448124;0.8334955139807516;0.7618868721355488;0.12348565760129396;0.11290819790760077;1.0970079359781222;10.001326344652087;0.8335067228746968;1.0968564337656954;1.0969678432137346;0.7596859382808268;-0.12579494035057728;0.7701349936319274
85.566929;1.0940196598163938;0.8334938093218561;0.7618881222944937;0.123485674515323;0.11290804570025835;1.0970083342092356;10.001301849767586;0.8335081439611893;1.0968572650801875;1.0969660269976944;0.7596869113909591;-0.1257949400455666;0.7701364858959345
85.576929;1.0940206891541915;0.8334920113137569;0.761889322098594;0.12348569116975051;0.11290788327804568;1.0970087373210045;10.001278519521177;0.8335095780335994;1.0968581227881944;1.0969643692210322;0.759687961016761;-0.12579493979558368;0.7701379356825018
85.586929;1.0940216219165158;0.8334901244063406;0.7618904687566912;0.12348570769678105;0.1129077106567142;1.0970091473685348;10.001256353920692;0.8335110256879769;1.0968590125570168;1.0969628623268068;0.7596890886733332;-0.12579493960216198;0.7701393405430329
85.596929;1.0940224596544075;0.833488155336745;0.7618915598966889;0.12348572422137491;0.11290752804912349;1.0970095658606531;10.001235326612852;0.8335124884666161;1.0968599412469369;1.0969614978514957;0.7596902953321588;-0.12579493946731782;0.7701406963384921
85.606929;1.0940232055690626;0.8334861104671003;0.7618925933516276;0.123485741101265;0.11290733584230837;1.0970099936486972;10.001215400885556;0.8335139684028209;1.0968609161277496;1.0969602659430473;0.7596915816950642;-0.12579493939350794;0.7701419967905521
85.616929;1.0940238622212959;0.8334839936094673;0.7618935670659077;0.12348575900068938;0.11290713445593817;1.0970104333660127;10.001196535925834;0.8335154668864415;1.0968619440097582;1.096959154258537;0.7596929490762254;-0.12579493938344627;0.7701432344732029
85.626929;1.0940244303536146;0.8334818064089158;0.7618944785759721;0.12348577876089682;0.11290692427958056;1.0970108916815742;10.00117867993164;0.8335169851969572;1.0968630297278419;1.096958147476817;0.759694399231472;-0.12579493944021128;0.7701444025517995
85.636929;1.0940249096317558;0.8334795500328105;0.7618953246219438;0.1234858014305176;0.11290670576677106;1.0970113784433122;10.001161767499253;0.833518526365198;1.0968641748607366;1.0969572277603967;0.7596959334354836;-0.12579493956707774;0.7701454954411051
85.646929;1.0940252997459552;0.8334772259201056;0.761896101792878;0.12348582846389265;0.11290647948539236;1.0970119038551407;10.001145725963955;0.833520095459054;1.0968653787206992;1.0969563763478452;0.7596975522844334;-0.1257949397669137;0.7701465081399886
85.656929;1.0940256014239722;0.8334748355486595;0.7618968073685699;0.12348586164130104;0.11290624600476905;1.0970124770748075;10.001130482026987;0.8335216977529064;1.0968666403454295;1.0969555752554112;0.7596992559637502;-0.12579494004198033;0.7701474353967006
85.666929;1.0940258173640232;0.8334723797777206;0.7618974399749616;0.12348590268121443;0.11290600577748983;1.0970131063462096;10.001115960051882;0.8335233373161401;1.0968679587538197;1.0969548068694326;0.7597010435482431;-0.1257949403941867;0.7701482715122209
85.676929;1.0940259524890517;0.8334698582683447;0.7618979997696256;0.12348595298600824;0.11290575918171164;1.097013798690616;10.001102077421626;0.8335250166824719;1.0968693325957477;1.0969540518076688;0.7597029117949471;-0.12579494082517514;0.7701490112216505
85.686929;1.0940260135682354;0.8334672700097582;0.7618984874721532;0.12348601363192255;0.11290550668577706;1.0970145595454872;10.001088748130629;0.8335267372974358;1.0968707609991828;1.0969532885929165;0.7597048553808439;-0.12579494133629654;0.7701496509721659
85.696929;1.0940260089620915;0.8334646147452426;0.7618989032020813;0.12348608537929794;0.11290524899937732;1.097015392806674;10.001075884279883;0.8335285007377483;1.0968722446313512;1.0969524954525232;0.7597068685317068;-0.12579494192871132;0.7701501892739306
85.706929;1.0940259489560165;0.8334618938552135;0.7618992465363459;0.12348616867667629;0.11290498715041512;1.0970163006899305;10.001063382394126;0.833530308856554;1.0968737852400627;1.0969516510609536;0.7597089459850603;-0.12579494260322469;0.7701506264872846
85.716929;1.0940258459065295;0.8334591103517601;0.7618995179538851;0.12348626374540296;0.11290472245464481;1.0970172840589214;10.001051108216007;0.8335321622294644;1.0968753839143368;1.0969507345903684;0.7597110829467478;-0.12579494335970842;0.7701509652407075
85.726929;1.0940257137108798;0.8334562685928582;0.7618997203676627;0.12348637070661778;0.11290445633067414;1.0970183435717558;10.001038900729732;0.8335340585835196;1.0968770400922039;1.0969497276618068;0.7597132755832454;-0.1257949441967829;0.7701512109429307
85.736929;1.0940255672605008;0.8334533741021821;0.7618998594548697;0.12348648971712285;0.11290419008321283;1.097019480589873;10.001026597915136;0.833535992570725;1.0968787520592813;1.0969486160481694;0.7597155215670723;-0.1257949451121107;0.7701513710783101
85.746929;1.0940254220716668;0.8334504334537582;0.761899942738448;0.12348662103671781;0.1129039248433306;1.0970206970853593;10.001014065510354;0.8335379572468521;1.0968805175284337;1.0969473883606244;0.7597178189649323;-0.1257949461029497;0.770151453653428
85.756929;1.09402529354157;0.8334474538853595;0.7618999778448572;0.1234867649104159;0.11290366159989616;1.0970219946155586;10.00100120365153;0.8335399458308645;1.0968823326226016;1.09694603457016;0.7597201650688649;-0.12579494716668707;0.7701514660504806
85.766929;1.0940251955872016;0.8334444428201624;0.7618999710546148;0.12348692142127354;0.11290340123134907;1.097023373145809;10.00098793691575;0.8335419523346661;1.0968841903219513;1.096944547022301;0.759722557144123;-0.1257949483010958;0.7701514145655869
85.776929;1.0940251393501053;0.8334414071908468;0.761899927291695;0.1234870905770882;0.11290314457815302;1.0970248309325106;10.000974214554764;0.8335439715471472;1.096886081252513;1.0969429220002227;0.7597249931214963;-0.1257949495042221;0.77015130434246
85.786929;1.0940251323409942;0.8334383526091139;0.7618998509470684;0.12348727253713064;0.11290289250581668;1.0970263653661143;10.000960013335915;0.8335459990954176;1.096887995705114;1.096941159853;0.7597274710212918;-0.125794950774131;0.7701511392886056
85.796929;1.0940251779444452;0.8334352839584043;0.7618997464073296;0.12348746772204085;0.11290264593213122;1.0970279735522115;10.00094532726975;0.8335480310549613;1.0968899242250139;1.096939264551349;0.759729988787427;-0.12579495210865108;0.7701509216053672
85.806929;1.0940252761170222;0.8334322073118879;0.7618996181973482;0.12348767679113248;0.11290240584313303;1.0970296526218992;10.0009301605596;0.8335500625022506;1.0968918575446238;1.0969372435833908;0.7597325446652682;-0.12579495350519365;0.7701506512843289
85.816929;1.0940254253987702;0.833429131422685;0.7618994705202422;0.123487900578889;0.11290217323967573;1.0970313999177066;10.000914526286985;0.8335520863025577;1.0968937867838982;1.0969351072137032;0.7597351369511031;-0.12579495496072868;0.7701503262866718
85.826929;1.0940256245981035;0.8334260686437579;0.761899306411182;0.12348814003659332;0.11290194899993979;1.0970332123483213;10.000898436791747;0.833554093553478;1.096895703910252;1.0969328664406262;0.7597377633420176;-0.12579495647184982;0.770149943468123
85.836929;1.0940258729665069;0.8334230347528645;0.7618991283512541;0.12348839626713604;0.1129017337147547;1.097035085499753;10.000881899634514;0.8335560748193009;1.0968976023210084;1.0969305308118678;0.7597404205257188;-0.12579495803468685;0.7701494995056389
85.846929;1.0940261693822964;0.8334200466318145;0.7618989400296005;0.12348867055586761;0.11290152752018222;1.097037014078038;10.000864932921795;0.8335580206047022;1.0968994767216034;1.0969281078721476;0.7597431045344992;-0.12579495964464293;0.7701489914003042
85.856929;1.094026511179645;0.8334171190918686;0.7618987462740888;0.12348896408721191;0.1129013299839692;1.0970389937348832;10.000847576094413;0.8335599213421372;1.09690132242731;1.096925604713971;0.7597458118139236;-0.12579496129655732;0.7701484170378969
85.866929;1.0940268929605905;0.8334142633193099;0.7618985515649839;0.12348927749381462;0.11290114017038587;1.09704102296926;10.000829882387304;0.8335617680032865;1.0969031351473548;1.0969230299491244;0.7597485395529474;-0.12579496298537554;0.7701477760587909
85.876929;1.0940273064174282;0.8334114873629926;0.7618983594287285;0.12348961068708632;0.11290095692045948;1.0970431046601368;10.000811918941126;0.8335635527271738;1.0969049114235443;1.0969203941388812;0.759751285052368;-0.12579496470650145;0.7701470703471706
85.886929;1.0940277408844639;0.8334087967422095;0.7618981718514538;0.1234899629380153;0.11290077918089758;1.0970452461452862;10.000793778524109;0.8335652685681295;1.0969066485738366;1.0969177085739317;0.7597540455619642;-0.12579496645561256;0.7701463034943783
85.896929;1.0940281831757475;0.8334061948201198;0.7618979880464946;0.12349033297987312;0.11290060613949392;1.0970474563941637;10.000775577646138;0.8335669092761129;1.0969083431011353;1.0969149834395555;0.7597568185923946;-0.12579496822841663;0.7701454798752483
85.906929;1.0940286178771128;0.8334036838296661;0.7618978042889627;0.123490719125916;0.11290043717095745;1.0970497430458945;10.000757442869046;0.8335684697464915;1.0969099893492287;1.0969122262976587;0.7597596019072889;-0.12579497002064832;0.7701446043902561
85.916929;1.0940290302906868;0.8334012655246478;0.7618976153722159;0.12349111945287321;0.11290027175959227;1.097052112229069;10.000739498957065;0.8335699460390418;1.0969115807098861;1.0969094419088503;0.759762393582015;-0.12579497182848914;0.770143682539773
85.926929;1.0940294102991572;0.8333989413269044;0.7618974162968931;0.12349153198088289;0.11290010939022563;1.0970545698671583;10.000721858060464;0.8335713342702138;1.0969131110667496;1.0969066337920526;0.759765192362327;-0.12579497364895373;0.770142719999653
85.936929;1.0940297534019776;0.8333967127501986;0.7618972035923104;0.12349195468329453;0.11289994945161733;1.0970571229172705;10.000704612737538;0.833572629428162;1.0969145738728696;1.0969038061810348;0.7597679980704934;-0.12579497547960258;0.7701417218455268
85.946929;1.0940300592338807;0.8333945814561443;0.7618969763803761;0.1234923854207577;0.11289979133643811;1.0970597794316104;10.000687833499928;0.8335738250368476;1.0969159605995897;1.0969009651265877;0.7597708117981531;-0.12579497731796122;0.7701406920673805
85.956929;1.0940303308581405;0.8333925491329944;0.761896736212017;0.12349282207355916;0.11289963462852949;1.097062546936539;10.000671564273889;0.8335749135139987;1.0969172600931592;1.096898119220159;0.7597736348946127;-0.12579497916120924;0.7701396339021468
85.966929;1.0940305750497472;0.8333906175073945;0.7618964858270758;0.12349326279477646;0.11289947912481461;1.0970654312299308;10.000655820355327;0.8335758872576319;1.0969184593068042;1.0968952796087816;0.7597764673327914;-0.12579498100625836;0.7701385506157467
85.976929;1.094030801108702;0.8333887875255467;0.7618962288252106;0.12349370610633109;0.11289932473725765;1.097068436968414;10.000640597551763;0.8335767403104959;1.096919545937949;1.096892458305713;0.7597793074418383;-0.12579498285019958;0.770137445350754
85.986929;1.0940310186119349;0.8333870581080851;0.7618959700184055;0.12349415082430756;0.11289917140144246;1.0970715675536644;10.000625884277536;0.8335774699234771;1.0969205106433393;1.096889666815198;0.7597821525366026;-0.12579498469061162;0.7701363200300398
85.996929;1.0940312363927958;0.8333854260857178;0.761895714842321;0.12349459598438564;0.1128990189612685;1.0970748228653753;10.000611666960891;0.8335780774656657;1.096921346611663;1.0968869166580435;0.7597849990206725;-0.12579498652529297;0.7701351751667083
86.006929;1.0940314621306764;0.833383887532472;0.7618954686323521;0.12349504074804979;0.11289886709872196;1.0970781980932203;10.00059794032354;0.8335785681968388;1.0969220481328987;1.0968842201841422;0.7597878421184211;-0.12579498835174233;0.7701340111278494
86.016929;1.094031701454668;0.8333824395986155;0.7618952364561716;0.12349548415794848;0.1128987154803939;1.0970816853798968;10.000584721816159;0.8335789499043014;1.0969226098906033;1.0968815907648994;0.7597906760015385;-0.1257949901668136;0.7701328293451842
86.026929;1.0940319576509971;0.8333810821335816;0.7618950225928167;0.12349592492124432;0.112898563990563;1.0970852753764146;10.000572049281965;0.8335792308192865;1.0969230277554933;1.0968790417794658;0.7597934947655913;-0.12579499196677457;0.7701316323519439
86.036929;1.0940322321280866;0.8333798181088423;0.7618948297283137;0.12349636146075008;0.11289841276391994;1.0970889569807147;10.000559967234096;0.8335794178941089;1.0969233014617326;1.0968765843348922;0.7597962939065462;-0.12579499374761088;0.7701304233718913
86.046929;1.094032524481248;0.8333786522073029;0.7618946581302201;0.12349679211289236;0.11289826205326395;1.0970927168919806;10.000548523335642;0.8335795167413131;1.0969234363738154;1.0968742256608746;0.7597990713105083;-0.1257949955052637;0.7701292067312682
86.056929;1.0940328323793436;0.833377588798585;0.7618945053118473;0.12349721535998336;0.11289811203986469;1.0970965406780764;10.000537770003847;0.833579532603454;1.0969234418804898;1.09687196895544;0.7598018267586142;-0.12579499723618515;0.7701279883513539
86.066929;1.0940331525703832;0.8333766306940205;0.7618943673377718;0.12349763009991017;0.11289796259613746;1.0971004150661343;10.00052775115786;0.8335794710422375;1.0969233284946003;1.0968698144122;0.7598045603506305;-0.12579499893831755;0.7701267744242141
86.076929;1.0940334827597797;0.8333757786231567;0.7618942407163406;0.1234980357335206;0.11289781322553298;1.097104330100796;10.000518481185617;0.833579338242849;1.0969231065719314;1.0968677613184072;0.7598072717951536;-0.12579500061151777;0.770125569190524
86.086929;1.0940338221251946;0.8333750308677274;0.7618941230806665;0.12349843195895793;0.11289766327771397;1.0971082795085083;10.00050993758146;0.8335791407665192;1.0969227875487757;1.0968658102728877;0.7598099608808163;-0.1257950022569821;0.7701243748663497
86.096929;1.0940341700306198;0.8333743833133013;0.7618940130118552;0.12349881851939254;0.11289751217096455;1.097112258359688;10.000502067901614;0.8335788847747333;1.096922386069158;1.0968639642302207;0.7598126274497878;-0.12579500387638076;0.7701231933512375
86.106929;1.0940345260118294;0.8333738308851005;0.7618939099265166;0.12349919499694341;0.11289735942381025;1.0971162601823623;10.00049480138462;0.833578576041018;1.0969219198984206;1.0968622277838345;0.7598152703273447;-0.12579500547125513;0.7701220266065614
86.116929;1.0940348920403933;0.8333733696387977;0.7618938142207673;0.1234995606256884;0.11289720451407999;1.097120276357269;10.000488058484638;0.8335782209111634;1.0969214073327458;1.096860606222745;0.7598178862063732;-0.12579500704269045;0.7701208756034654
86.126929;1.094035273295011;0.8333729974383477;0.7618937273769166;0.12349991436874712;0.11289704673835628;1.0971242976750126;10.000481756202104;0.8335778262647885;1.0969208652966749;1.0968591057743027;0.7598204694250869;-0.12579500859124132;0.7701197400184219
86.136929;1.094035675650895;0.8333727135349975;0.7618936516543383;0.1235002552193371;0.11289688519888079;1.0971283160918055;10.000475809859877;0.8335773982919445;1.0969203099497054;1.096857733383106;0.7598230125817024;-0.12579501011706826;0.7701186192268697
86.146929;1.094036103099341;0.8333725185095634;0.7618935890680661;0.12350058232752974;0.1128967188551203;1.0971323250317442;10.000470130642231;0.8335769421863338;1.096919757338639;1.09685649480194;0.7598255070236737;-0.12579501162009463;0.7701175134839157
86.156929;1.094036557058293;0.8333724139264566;0.761893540136231;0.12350089504075824;0.1128965466428224;1.097136318426499;10.000464624125591;0.8335764631914018;1.0969192221334505;1.096855392897534;0.7598279427745851;-0.125795013100039;0.7701164240316261
86.166929;1.094037036064451;0.8333724014910184;0.7618935039860782;0.123501193095292;0.11289636766252029;1.0971402894507771;10.000459196579486;0.8335759668757594;1.0969187161065173;1.0968544276855836;0.7598303085585063;-0.12579501455639083;0.7701153522163334
86.176929;1.0940375351653717;0.8333724831298848;0.7618934794981136;0.12350147676771842;0.11289618125112402;1.0971442289860642;10.000453762723808;0.8335754580853465;1.0969182468609413;1.0968535973291902;0.7598325923702813;-0.12579501598851486;0.7701142991049634
86.186929;1.0940380462002004;0.833372661441313;0.7618934651259825;0.12350174683441148;0.11289598686885711;1.097148124379637;10.0004482468427;0.833574940968469;1.0969178162749398;1.096852899709877;0.7598347824579226;-0.1257950173960842;0.7701132662008275
86.196929;1.0940385594165987;0.8333729388057779;0.761893457468042;0.12350200438452576;0.1128957840222289;1.097151960115437;10.000442590644521;0.8335744201682992;1.0969174203035035;1.0968523339313492;0.7598368683502338;-0.12579501877956442;0.7701122561181654
86.206929;1.094039065324894;0.8333733161439808;0.7618934508107637;0.12350225057431265;0.11289557237186672;1.0971557201452302;10.000436772260667;0.8335739005345554;1.0969170511399593;1.0968519001926886;0.759838841360303;-0.1257950201402472;0.7701112720345363
86.216929;1.094039556008186;0.8333737934037736;0.7618934384033553;0.12350248646869962;0.1128953518730651;1.0971593887823452;10.000430806994117;0.8335733856519333;1.0969167004578233;1.096851598628703;0.7598406947891062;-0.1257950214800127;0.7701103161377504
86.226929;1.0940400256078187;0.833374371265284;0.7618934143281528;0.12350271299933785;0.11289512280066898;1.0971629495317274;10.000424726460997;0.8335728777672882;1.0969163617457565;1.09685142837033;0.7598424244198225;-0.12579502280100435;0.7701093883805237
86.236929;1.0940404690072458;0.8333750515709155;0.76189337478491;0.12350293095569329;0.11289488568929947;1.0971663851719635;10.00041856315687;0.8335723791955554;1.0969160305787948;1.0968513863233462;0.7598440288829685;-0.12579502410514595;0.7701084865259428
86.246929;1.094040879603378;0.8333758352221923;0.7618933186430945;0.12350314099175504;0.11289464125040527;1.0971696801775186;10.000412346728375;0.83357189315239;1.096915703515869;1.0968514662637174;0.759845509548938;-0.12579502539360513;0.7701076072319233
86.256929;1.094041249668249;0.8333767196542814;0.7618932469784516;0.12350334367007121;0.11289439030455346;1.0971728230323428;10.000406111160896;0.8335714230872787;1.0969153767018716;1.0968516598389;0.7598468699749836;-0.1257950266664569;0.7701067471450751
86.266929;1.0940415731656674;0.8333776989728362;0.7618931612383821;0.12350353950549345;0.11289413373860496;1.0971758063854309;10.000399901913502;0.8335709716404474;1.0969150448545364;1.0968519585487415;0.7598481146477264;-0.12579502792292396;0.7701059032825177
86.276929;1.0940418467867052;0.8333787663153757;0.7618930616346808;0.12350372895585436;0.1128938724668866;1.0971786255672824;10.000393767099428;0.8335705407720375;1.0969147015801497;1.0968523548985125;0.7598492475004609;-0.12579502916200777;0.770105072841089
86.286929;1.094042069205111;0.833379915721078;0.7618929474175976;0.12350391248760806;0.11289360739712541;1.0971812774119944;10.000387751332813;0.8335701329341849;1.0969143403832404;1.096852842850444;0.7598502713690283;-0.12579503038290699;0.7701042528985911
86.296929;1.0940422408767791;0.8333811425951082;0.7618928176230054;0.12350409074963331;0.11289333943044662;1.0971837598652094;10.000381902273299;0.8335697514218041;1.0969139551855835;1.0968534175914637;0.7598511887355556;-0.12579503158506147;0.7701034399770296
86.306929;1.0940423627791511;0.8333824432074156;0.7618926709482623;0.12350426464311771;0.11289306944754804;1.0971860715214128;10.000376263480684;0.8335693996786543;1.096913541477289;1.0968540741604844;0.7598520028956313;-0.12579503276779433;0.770102629345283
86.316929;1.0940424340417743;0.8333838137916697;0.7618925056888475;0.12350443528014363;0.11289279818250925;1.0971882112881681;10.000370850818046;0.8335690814158108;1.096913097361528;1.0968548066838328;0.7598527188210195;-0.12579503392989963;0.7701018147463273
86.326929;1.094042451333597;0.8333852501084479;0.7618923195517423;0.12350460387451737;0.11289252610428277;1.0971901788374945;10.000365641573932;0.8335688011835897;1.0969126224095636;1.0968556094083053;0.759853343458739;-0.12579503506963108;0.7701009893180706
86.336929;1.0940424101964579;0.8333867474894818;0.7618921089713009;0.1235047715753038;0.11289225355066239;1.0971919751132149;10.000360585924541;0.8335685641263082;1.0969121168438511;1.0968564773204068;0.7598538849606351;-0.12579503618484858;0.7701001468925945
86.346929;1.0940423064366436;0.8333883009009959;0.7618918691556886;0.12350493944765269;0.11289198102240011;1.0971936024399815;10.000355619112495;0.8335683753736661;1.0969115822899205;1.0968574054565456;0.7598543515043142;-0.1257950372733275;0.7700992827291505
86.356929;1.0940421362024486;0.8333899050251673;0.7618915945962771;0.12350510857674217;0.11289170933449132;1.0971950646279145;10.000350660981924;0.8335682391654693;1.0969110215897724;1.0968583890354264;0.7598547507213376;-0.1257950383332804;0.770098393832187
86.366929;1.0940418956199396;0.833391554105221;0.7618912791909033;0.12350528008228781;0.11289143955184089;1.097196366050874;10.000345617415194;0.8335681581951911;1.0969104391572422;1.0968594246542323;0.7598550890730283;-0.12579503936340983;0.7700974782783246
86.376929;1.0940415817614206;0.8333932417322447;0.7618909168537887;0.12350545514992758;0.11289117282489827;1.0971975100257685;10.00034039342912;0.8335681342008954;1.0969098431042685;1.096860510170284;0.7598553711818882;-0.12579504036250075;0.7700965340793176
86.386929;1.094041193500217;0.8333949613288909;0.7618905027188551;0.12350563514023628;0.1128909102772283;1.0971984992151356;10.000334909623467;0.8335681689221917;1.0969092452639022;1.0968616430629532;0.7598555998977616;-0.12579504132927932;0.7700955595143943
86.396929;1.0940407306286994;0.8333967066872674;0.7618900335851686;0.12350582147511568;0.11289065301680416;1.0971993374330815;10.000329109221116;0.833568264160528;1.0969086579697602;1.0968628203215836;0.7598557764873252;-0.12579504226247354;0.7700945543562873
86.406929;1.0940401933845711;0.8333984714397624;0.7618895072471095;0.12350601531424206;0.11289040215629255;1.0972000302063314;10.000322949404586;0.8335684210520194;1.0969080907341204;1.0968640409495234;0.7598559005917069;-0.125795043160744;0.7700935202729601
86.416929;1.0940395835494516;0.8334002482139319;0.761888921796356;0.12350621747196334;0.11289015869924177;1.0972005843169736;10.000316396219628;0.8335686393425643;1.09690754876944;1.0968653077950041;0.7598559702491468;-0.12579504402266933;0.7700924603764526
86.426929;1.0940389047341201;0.8334020285264973;0.7618882756322194;0.12350642856637299;0.1128899233251889;1.097201007103082;10.00030943408724;0.833568917604941;1.0969070330343145;1.09686662610569;0.75985598173127;-0.12579504484675635;0.7700913782454256
86.436929;1.0940381606820686;0.8334038032238241;0.761887567878762;0.12350664896482177;0.11288969626325401;1.0972013057395855;10.000302064897046;0.8335692540588259;1.096906541425494;1.0968680006605322;0.7598559292955873;-0.12579504563138943;0.7700902767677943
86.446929;1.0940373538421533;0.8334055629533438;0.7618867986489114;0.12350687857449812;0.11288947744185544;1.0972014873767961;10.00029429395878;0.8335696466784748;1.0969060718049417;1.0968694346480612;0.7598558054085827;-0.1257950463750911;0.7700891578866649
86.456929;1.094036485961678;0.8334072983624438;0.7618859687183748;0.12350711687510968;0.11288926686725151;1.0972015596842033;10.000286122202674;0.8335700927269227;1.0969056249581832;1.0968709304990805;0.7598556018935922;-0.1257950470769184;0.7700880228088479
86.466929;1.094035559202054;0.833409000296535;0.7618850789078819;0.12350736318630771;0.11288906486490864;1.0972015300749194;10.000277539063482;0.8335705885870021;1.0969052038884515;1.0968724908460472;0.7598553117719823;-0.12579504773641811;0.7700868713156979
86.476929;1.0940345755881353;0.8334106602602295;0.7618841297451394;0.1235076169131763;0.11288887196243406;1.0972014035677262;10.00026851208672;0.8335711300330186;1.0969048109360597;1.096874119323753;0.759854930221996;-0.12579504835332778;0.77008570130591
86.486929;1.094033535268374;0.8334122705262138;0.761883121395072;0.12350787776143832;0.11288868860127758;1.097201181016544;10.000258984210104;0.8335717127875302;1.096904446723466;1.0968758216098602;0.7598544538645496;-0.1257950489272764;0.7700845094832488
86.496929;1.0940324361361848;0.8334138234839833;0.761882054025785;0.1235081458912772;0.11288851496117769;1.0972008594494183;10.00024887551664;0.8335723328272775;1.0969041107445616;1.09687760573624;0.7598538796091795;-0.12579504945757716;0.7700832918299595
86.506929;1.0940312755696275;0.8334153107797498;0.761880928417682;0.1235084217457642;0.11288835105325419;1.0972004347656152;10.000238082111636;0.8335729859149429;1.096903800918433;1.0968794808380646;0.7598532038905167;-0.1257950499432419;0.770082043601245
86.516929;1.094030051917214;0.8334167228352735;0.7618797460594159;0.12350870566844607;0.11288819690538829;1.0971999046452279;10.00022648074479;0.8335736667858863;1.0969035128106068;1.0968814550786512;0.7598524221877502;-0.12579505038292546;0.7700807598239664
86.526929;1.0940287642144004;0.8334180488505988;0.7618785089149032;0.12350899775183526;0.11288805257533374;1.097199269676613;10.000213944685456;0.833574369223404;1.0969032418900801;1.096883534583766;0.7598515288440306;-0.12579505077489936;0.7700794361108918
86.536929;1.0940274117418025;0.8334192771403849;0.7618772197881057;0.1235092979390769;0.11288791809262094;1.0971985331311847;10.000200360140482;0.833575087196327;1.096902987213661;1.096885724069671;0.7598505172850335;-0.12579505111749995;0.7700780690852279
86.546929;1.0940259950293116;0.8334203959702764;0.761875883075637;0.12350960611660904;0.11288779344956903;1.0971977008502145;10.000185638464043;0.8335758153105141;1.0969027516896834;1.0968880276415915;0.759849381187086;-0.12579505140959862;0.7700766565788095
86.556929;1.0940245173719136;0.8334213949959983;0.7618745042529823;0.12350992207370871;0.11288767851300249;1.0971967812942267;10.000169728410816;0.8335765479918859;1.0969025397427652;1.096890448649591;0.759848116690977;-0.12579505165054894;0.7700751976600138
86.566929;1.0940229847475986;0.833422266143369;0.7618730881002438;0.12351024535624973;0.11288757289881783;1.0971957842163076;10.000152620457818;0.8335772793638057;1.0969023559865603;1.0968929894763253;0.7598467240310025;-0.1257950518397034;0.7700736920881165
86.576929;1.0940214041436975;0.833423003498663;0.7618716377371016;0.12351057511092459;0.11288747600067014;1.0971947185822553;10.000134339157848;0.8335780043758223;1.096902205289289;1.0968956520847568;0.759845207313084;-0.12579505197593596;0.7700721394909875
86.586929;1.0940197825335607;0.8334236032962203;0.7618701547756693;0.12351091003726697;0.11288738705293337;1.0971935919633065;10.000114934466854;0.8335787193094085;1.0969020931015439;1.0968984384880411;0.7598435730334338;-0.12579505205769856;0.77007053915465
86.596929;1.0940181273112346;0.8334240640946309;0.7618686396890476;0.12351124853845838;0.11288730511519733;1.097192410625149;10.000094479625066;0.8335794214756362;1.0969020251465242;1.096901349839711;0.7598418284134948;-0.12579505208355674;0.770068890688571
86.606929;1.0940164466093696;0.8334243868566549;0.7618670924891527;0.12351158889647179;0.11288722920089032;1.09719117935685;10.00007307250823;0.8335801089368619;1.0969020066099398;1.0969043852061;0.7598399804905197;-0.12579505205266722;0.770067195126632
86.616929;1.0940147483540705;0.8334245744780222;0.7618655136934905;0.12351192919956554;0.11288715856971407;1.0971899020696985;10.00005082584612;0.8335807799194593;1.096902041611055;1.0969075424405526;0.7598380360545233;-0.12579505196490645;0.7700654558553995
86.626929;1.0940130391596947;0.8334246304702543;0.7618639053661784;0.12351226723860687;0.11288709284672188;1.0971885821631455;10.000027848343851;0.8335814327097505;1.0969021327517983;1.0969108197523725;0.7598360017902879;-0.12579505182072168;0.770063678453665
86.636929;1.0940113244408647;0.8334245585829316;0.7618622718404919;0.1235126007224661;0.11288703182760328;1.0971872219280285;10.000004240154839;0.8335820665965734;1.0969022805470794;1.0969142152458253;0.7598338847282999;-0.1257950516209408;0.7700618694912562
86.646929;1.0940096084708122;0.8334243640476421;0.7618606195238419;0.12351292759321753;0.1128869752235924;1.0971858231332332;9.999980102320349;0.8335826821661404;1.0969024833735854;1.0969177255796383;0.7598316928615854;-0.12579505136666405;0.7700600356058956
86.656929;1.094007893254904;0.8334240542108534;0.7618589562297542;0.1235132461351901;0.11288692259012478;1.0971843890306434;9.99995554353776;0.8335832803449187;1.0969027385422236;1.0969213454448705;0.7598294352911881;-0.12579505105916838;0.770058183223905
86.666929;1.0940061784373936;0.8334236374190473;0.7618572906103268;0.1235135549814223;0.11288687341380502;1.097182925356768;9.99993068040077;0.8335838617478204;1.0969030444670305;1.096925067914179;0.7598271221696965;-0.12579505069979321;0.7700563184439779
86.676929;1.0940044630196502;0.8334231216665828;0.7618556315883481;0.12351385312237433;0.11288682720340495;1.0971814388887398;9.999905631995532;0.8335844267150175;1.0969034023399182;1.0969288849312486;0.7598247647362434;-0.12579505028991653;0.7700544468844733
86.686929;1.0940027464008542;0.8334225145327226;0.7618539877581892;0.12351413989038237;0.11288678346995305;1.097179934721635;9.999880515539282;0.8335849752190839;1.09690381525104;1.0969327871470955;0.7598223751677345;-0.1257950498311504;0.7700525734393266
86.696929;1.0940010279569585;0.8334218239643977;0.7618523668715634;0.12351441490055698;0.11288674165027217;1.0971784153155861;9.999855448627741;0.83358550656823;1.0969042858506886;1.0969367641754668;0.7598199657669074;-0.12579504932560037;0.7700507025759976
86.706929;1.09399930661951;0.8334210582477307;0.7618507756787142;0.12351467782192962;0.1128867011039441;1.0971768820631522;9.999830552041608;0.8335860190269249;1.096904815456717;1.0969408058954062;0.7598175474198131;-0.1257950487757811;0.7700488390474275
86.716929;1.0939975812396996;0.8334202247177602;0.7618492198587016;0.12351492801638841;0.11288666113037145;1.097175336750461;9.999805950810043;0.8335865101221981;1.096905404411231;1.0969449033462624;0.7598151283202039;-0.12579504818427326;0.7700469875810697
86.726929;1.0939958512016035;0.8334193288885333;0.7618477033229497;0.12351516443876892;0.11288662097007812;1.0971737814869886;9.999781774481999;0.8335869777014151;1.0969060518660598;1.096949049063378;0.7598127137379063;-0.12579504755358148;0.770045152142288
86.736929;1.0939941165314455;0.8334183746008897;0.7618462272307168;0.1235153859395021;0.11288657990773879;1.0971722176579395;9.999758156272215;0.8335874200282625;1.0969067555775103;1.0969532372518478;0.7598103065759398;-0.12579504688616278;0.7700433362762532
86.746929;1.093992377708933;0.8334173640009934;0.7618447894620268;0.12351559160704775;0.11288653739185633;1.0971706453432664;9.999735230335538;0.8335878353353252;1.096907512596632;1.0969574629512089;0.7598079079410018;-0.12579504618439988;0.7700415440168692
86.756929;1.0939906354635065;0.8334162972126561;0.7618433847127308;0.12351578080121428;0.112886493027443;1.0971690650815744;9.999713126323279;0.8335882225343114;1.0969083198124139;1.096961720452566;0.7598055173769162;-0.12579504545059242;0.770039780102356
86.766929;1.0939888899417975;0.8334151721520497;0.7618420055471024;0.12351595297528241;0.11288644650595878;1.0971674800156423;9.999691970201145;0.833588582400251;1.0969091734224425;1.096966002053348;0.7598031332284908;-0.12579504468689434;0.7700380488055413
86.776929;1.0939871399391057;0.8334139847782213;0.7618406438205877;0.12351610764190189;0.11288639750868533;1.0971658938502782;9.999671894604365;0.83358891793694;1.0969100676203503;1.096970297877776;0.7598007532061707;-0.12579504389514506;0.7700363524239427
86.786929;1.0939853835939448;0.8334127297485427;0.761839291358085;0.12351624447600518;0.1128863455534938;1.0971643066252312;9.999653047400546;0.8335892334741499;1.0969109936057226;1.0969745972387892;0.7597983746736948;-0.12579504307686948;0.7700346914666776
86.796929;1.0939836198849409;0.8334114014427942;0.7618379405027392;0.12351636327700277;0.11288628987983121;1.0971627143512128;9.999635585436335;0.8335895327124891;1.0969119394849367;1.0969788898826793;0.7597959944438056;-0.12579504223354712;0.7700330660760947
86.806929;1.0939818495774651;0.8334099955741573;0.7618365847882618;0.12351646380976086;0.11288622951821267;1.0971611108813235;9.999619649781945;0.8335898175002244;1.0969128911296928;1.0969831654376434;0.7597936083973846;-0.1257950413669476;0.7700314763909807
86.816929;1.0939800747590713;0.833408509978588;0.7618352190157959;0.12351654574627698;0.11288616348511533;1.0971594879412194;9.999605341509174;0.8335900887818738;1.0969138347947966;1.096987412969626;0.7597912116840434;-0.12579504047921305;0.7700299216886076
86.826929;1.0939782971321736;0.8334069434405367;0.7618338392291693;0.1235166087935722;0.11288609094561475;1.0971578359325491;9.999592720129813;0.8335903483012469;1.09691475970657;1.0969916217354163;0.7597887997799431;-0.12579503957256372;0.7700284002658119
86.836929;1.0939765171766738;0.8334052947168111;0.7618324429331442;0.1235166528796946;0.11288601130930086;1.097156147180436;9.99958182496387;0.8335905993866976;1.0969156575234038;1.0969957810665127;0.7597863693158056;-0.12579503864895253;0.7700269108401976
86.846929;1.0939747358494378;0.8334035636298784;0.7618310289474597;0.12351667819941842;0.11288592420917265;1.097154418160057;9.999572700352614;0.8335908466106736;1.0969165211284368;1.096999879582878;0.7597839174512565;-0.1257950377099488;0.7700254539662442
86.856929;1.0939729567777463;0.8334017520727462;0.7618295967128973;0.12351668512715068;0.1128858293618988;1.0971526486991934;9.999565400123744;0.833591094458554;1.0969173457900858;1.0970039058741554;0.7597814405586705;-0.12579503675663373;0.7700240319636323
86.866929;1.0939711862280448;0.8333998626092545;0.7618281451142905;0.12351667419223888;0.1128857265803272;1.097150840039771;9.999559971703063;0.8335913464713064;1.0969181302202209;1.0970078500013445;0.7597789339621481;-0.12579503578944312;0.7700226473952982
86.876929;1.093969432167916;0.8333978966696065;0.7618266716805414;0.12351664611872963;0.1128856160100048;1.0971489933825795;9.999556440324335;0.8335916058502644;1.0969188752603631;1.097011704215018;0.759776392861458;-0.12579503480833773;0.7700213011292407
86.886929;1.0939677043154281;0.8333958553184447;0.7618251737632382;0.1235166017488331;0.11288549819520197;1.0971471082747482;9.999554795019433;0.8335918755901737;1.096919581552236;1.0970154628863893;0.7597738131106857;-0.12579503381340848;0.7700199915938175
86.896929;1.0939660144976233;0.8333937412058989;0.7618236508901178;0.12351654194424933;0.11288537386578915;1.0971451810037398;9.999554977629936;0.8335921574244172;1.0969202489256145;1.097019122113193;0.7597711912400582;-0.12579503280544346;0.7700187159705983
86.906929;1.0939643759633038;0.8333915582400225;0.7618221053213903;0.12351646764940728;0.1128852437557447;1.097143204722591;9.999556892931777;0.83359245180875;1.0969208781943096;1.097022679422085;0.7597685246294209;-0.1257950317861457;0.7700174712375379
86.916929;1.0939628013147726;0.8333893095341321;0.7618205399724706;0.12351637996505344;0.11288510854524314;1.0971411714509154;9.999560434867453;0.8335927594175793;1.0969214731768937;1.0970261337690272;0.759765812234627;-0.12579503075813306;0.7700162530945034
86.926929;1.0939613009304912;0.833386996753223;0.7618189562741664;0.1235162800781942;0.11288496880993654;1.0971390741022318;9.999565506329885;0.8335930817286941;1.096922041484869;1.0970294852071547;0.7597630550515836;-0.12579502972462034;0.7700150548117207
86.936929;1.0939598834926774;0.8333846211804926;0.7618173544671227;0.12351616913026738;0.1128848249636536;1.0971369075658413;9.999572024214803;0.8335934196728485;1.096922594356411;1.0970327333846852;0.7597602562217225;-0.1257950286888591;0.7700138679694869
86.946929;1.0939585571927177;0.8333821847279449;0.7618157355094836;0.12351604808688815;0.11288467722391309;1.0971346688581685;9.999579909921865;0.8335937722001187;1.0969231457001125;1.0970358754869558;0.759757420895837;-0.1257950276538573;0.7700126835461637
86.956929;1.0939573297707161;0.8333796901634605;0.7618141020213476;0.12351591764957526;0.11288452556033061;1.0971323571578881;9.99958907809159;0.8335941360243582;1.0969237099854148;1.0970389054026926;0.759754555207503;-0.12579502662240066;0.770011492187968
86.966929;1.0939562077484004;0.8333771411970972;0.7618124573913774;0.12351577833138516;0.11288436970802396;1.0971299748849783;9.99959944101339;0.8335945061696836;1.0969242994216748;1.0970418147357273;0.7597516648792026;-0.12579502559711722;0.7700102845736201
86.976929;1.0939551956775166;0.8333745428721858;0.7618108041643418;0.12351563070816665;0.11288420938146632;1.0971275284077442;9.999610922574952;0.8335948770473399;1.0969249220596018;1.0970445944616896;0.7597487551327193;-0.12579502458062145;0.7700090524356136
86.986929;1.0939542954289354;0.8333719019109161;0.7618091431709682;0.12351547558381185;0.1128840444629511;1.097125027690701;9.99962345984173;0.8335952436969448;1.0969255819692503;1.0970472356152532;0.7597458318238535;-0.12579502357564545;0.7700077894727215
86.996929;1.093953506154109;0.8333692270043989;0.7618074743549094;0.12351531381929758;0.112883874931612;1.0971224860683915;9.999636986837746;0.8335956024616;1.096926281436366;1.097049729100602;0.7597429019608022;-0.1257950225850432;0.7700064915651228
87.006929;1.0939528252087733;0.8333665289151285;0.7618057985024225;0.12351514606914687;0.11288370081796785;1.0971199189350913;9.999651423141936;0.8335959508882596;1.0969270236608837;1.0970520667548551;0.7597399728195152;-0.12579502161171618;0.7700051566429897
87.016929;1.0939522486162743;0.8333638197911747;0.7618041176876689;0.12351497281518248;0.11288352239414827;1.097117341330504;9.999666684016017;0.8335962875106568;1.0969278134975158;1.0970542435377444;0.7597370509701771;-0.1257950206583074;0.770003784592602
87.026929;1.093951770659914;0.8333611121776557;0.7618024340991097;0.1235147945935906;0.11288334021280959;1.09711476601983;9.999682692074273;0.8335966122233159;1.0969286551706254;1.0970562580553334;0.7597341427003672;-0.1257950197266979;0.7700023772122907
87.036929;1.0939513840810047;0.8333584190015434;0.7618007488657098;0.12351461216095194;0.11288315479631111;1.0971122018682042;9.99969936941037;0.8335969269874662;1.096929549373825;1.097058111377307;0.7597312549063449;-0.12579501881800945;0.7700009376708418
87.046929;1.0939510810734734;0.8333557540392569;0.7617990615168264;0.12351442657571735;0.11288296640022041;1.0971096533645779;9.999716628742567;0.8335972356706934;1.0969304937011346;1.0970598060804897;0.7597283944541746;-0.12579501793325212;0.7699994694631077
87.056929;1.093950853612143;0.833353131170384;0.7617973695936686;0.12351423916401012;0.112882775080823;1.0971071219688577;9.999734385662993;0.8335975424500992;1.0969314854421834;1.0970613456946798;0.7597255668539784;-0.1257950170738233;0.7699979761088387
87.066929;1.0939506930416178;0.8333505635713968;0.7617956686204852;0.12351405128711423;0.11288258087340303;1.0971046078767877;9.999752570364077;0.8335978504556141;1.0969325222268782;1.0970627334055536;0.7597227764290672;-0.12579501624133216;0.769996461548095
87.076929;1.0939505906119396;0.8333480646403114;0.7617939527924055;0.12351386408957037;0.11288238389200987;1.0971021110754702;9.999771116766459;0.8335981619595279;1.0969336006582964;1.0970639700157032;0.7597200272520584;-0.12579501543696048;0.7699949299674097
87.086929;1.0939505393092783;0.8333456488803713;0.7617922153713897;0.12351367843333166;0.11288218430552005;1.097099630779272;9.999789954728225;0.8335984789084218;1.0969347154196336;1.0970650529566712;0.7597173231225034;-0.12579501466108575;0.7699933854675453
87.096929;1.0939505352632708;0.8333433314510429;0.761790448410852;0.12351349489128871;0.11288198236590755;1.0970971639848215;9.999809019146985;0.8335988032605989;1.0969358587801075;1.0970659771240703;0.7597146668625827;-0.1257950139135928;0.7699918322062204
87.106929;1.0939505770088218;0.8333411275649295;0.7617886430769335;0.12351331380394409;0.11288177852308429;1.0970947055357672;9.999828248605866;0.8335991374464687;1.0969370211100824;1.0970667361617583;0.7597120597006276;-0.12579501319441388;0.7699902741411346
87.116929;1.0939506631016227;0.8333390518567927;0.761786790444459;0.12351313552366888;0.11288157333920257;1.0970922493350244;9.999847571616515;0.8335994842820005;1.0969381933132918;1.0970673227796663;0.7597095012025202;-0.1257950125036125;0.7699887145974246
87.126929;1.0939507910237838;0.8333371170655569;0.7617848820096407;0.12351296058674537;0.11288136722260314;1.0970897888284972;9.999866901259185;0.8335998462995399;1.0969393691557;1.0970677287298478;0.759706989929953;-0.12579501184093583;0.7699871568505042
87.136929;1.0939509583059672;0.8333353328222401;0.7617829106428403;0.12351278964835317;0.11288116032526505;1.0970873172587974;9.999886137772222;0.8336002255358268;1.0969405454414496;1.0970679459463908;0.7597045237839272;-0.12579501120544123;0.7699856049206382
87.146929;1.0939511634338768;0.8333337060439577;0.7617808714685677;0.12351262340805577;0.11288095266849346;1.097084828537026;9.999905169402691;0.8336006239755208;1.0969417204769283;1.0970679684719529;0.7597020995420545;-0.1257950105956693;0.7699840635661948
87.156929;1.0939514053276835;0.8333322424994982;0.761778761087567;0.12351246247166696;0.11288074431542647;1.0970823179235942;9.999923867706922;0.8336010437564005;1.0969428927476252;1.0970677936402773;0.7596997130668813;-0.1257950100099541;0.7699825384513515
87.166929;1.0939516824241025;0.8333309471906905;0.7617765760099576;0.12351230700103806;0.11288053543319891;1.0970797814515716;9.99994209076919;0.8336014870636547;1.0969440608199885;1.0970674219324947;0.759697360175623;-0.12579500944644117;0.769981036913082
87.176929;1.0939519921561325;0.8333298232171504;0.7617743124181645;0.12351215652194851;0.11288032619684073;1.0970772145583787;9.999959703100645;0.833601956114648;1.09694522366701;1.097066855727115;0.7596950365051771;-0.1257950089031705;0.7699795679651991
87.186929;1.0939523312125063;0.833328871358985;0.7617719674180544;0.12351201021309602;0.11288011670348314;1.0970746120117947;9.999976588918386;0.8336024530210437;1.0969463811231868;1.097066097237513;0.7596927371588797;-0.12579500837828955;0.7699781407525906
87.196929;1.093952697049479;0.8333280906956886;0.761769539943668;0.12351186738288208;0.11287990705729267;1.0970719696781166;9.999992652584384;0.8336029797457876;1.0969475341363817;1.0970651469050334;0.7596904572027164;-0.12579500786993758;0.7699767626462661
87.206929;1.093953089883534;0.8333274788189382;0.7617670303902209;0.12351172761716135;0.11287969753761076;1.097069285994029;10.000007817174723;0.833603538558662;1.0969486843316398;1.0970640036460024;0.7596881916449586;-0.12579500737607627;0.7699754385375285
87.216929;1.0939535133360458;0.833327032406513;0.7617644404103951;0.12351159052673692;0.11287948872918147;1.0970665615882131;10.000022009561803;0.8336041321999317;1.0969498335770178;1.0970626664685799;0.7596859349204134;-0.12579500689454218;0.7699741716228634
87.226929;1.093953973107803;0.8333267488504558;0.7617617736658823;0.12351145548488532;0.1128792815179315;1.0970637979480409;10.000035142138831;0.8336047623499014;1.096950983891789;1.0970611361865812;0.7596836814623144;-0.12579500642293523;0.7699729649829571
87.236929;1.0939544750372805;0.8333266268234726;0.761759036271613;0.12351132160663238;0.11287907685927182;1.0970609965161642;10.000047116884746;0.8336054276106684;1.0969521373994717;1.0970594160777531;0.7596814268093554;-0.12579500595860538;0.7699718222377502
87.246929;1.0939550239523321;0.8333266648392049;0.7617562363064955;0.12351118784933506;0.11287887554053301;1.0970581587071078;10.000057841245923;0.8336061240276981;1.0969532960841912;1.0970575116347376;0.7596791681156397;-0.12579500549898104;0.7699707464445116
87.256929;1.0939556230059182;0.8333268594148997;0.7617533833005945;0.12351105301539334;0.11287867821989223;1.0970552865293566;10.000067242718849;0.8336068474044077;1.096954461662027;1.0970554307530478;0.7596769041628282;-0.12579500504170782;0.7699697395130228
87.266929;1.0939562734543937;0.8333272041856563;0.7617504880198864;0.12351091571302107;0.11287848557100692;1.0970523825463743;10.000075281139504;0.8336075939279676;1.0969556354701093;1.0970531833868733;0.7596746342448871;-0.12579500458467258;0.7699688034904646
87.276929;1.0939569754004923;0.8333276902869983;0.7617475618731969;0.12351077455416269;0.1128782983588011;1.0970494493174088;10.00008195141473;0.8336083590283916;1.0969568177383946;1.0970507797364708;0.7596723559218262;-0.1257950041262595;0.7699679415479499
87.286929;1.0939577281923405;0.8333283073810303;0.7617446162680317;0.12351062844998992;0.11287811749429895;1.097046489460197;10.000087283433881;0.8336091370205995;1.0969580071743295;1.0970482296473394;0.7596700644528144;-0.1257950036654821;0.7699671572969785
87.296929;1.0939585301644235;0.8333290445635748;0.7617416626929108;0.12351047653875499;0.11287794399307909;1.0970435057512102;10.000091342063625;0.8336099216769159;1.0969592017992473;1.0970455444967742;0.7596677551297627;-0.1257950032017112;0.7699664537073202
87.306929;1.09395937985029;0.8333298909651429;0.7617387132369227;0.12351031790092692;0.11287777886408132;1.0970405007806363;10.000094214179327;0.833610706313184;1.0969604004669955;1.0970427385287136;0.7596654252904774;-0.1257950027343212;0.7699658329313661
87.316929;1.0939602781129887;0.8333308358633938;0.7617357810109016;0.12351015158435776;0.11287762311364402;1.0970374761551835;10.000095992320581;0.8336114834500686;1.0969616042020602;1.0970398280198996;0.7596630733287364;-0.12579500226246948;0.76996529722892
87.326929;1.0939612280981559;0.8333318682644869;0.761732879751734;0.12350997683757545;0.11287747786172446;1.0970344317652854;10.00009677435465;0.833612245116625;1.0969628165024492;1.0970368302798763;0.7596606961736411;-0.12579500178492217;0.769964849766697
87.336929;1.0939622328663132;0.8333329765707957;0.7617300225402913;0.12350979319341335;0.11287734438810189;1.097031366530114;10.000096674017858;0.8336129843616203;1.0969640424677407;1.0970337626094704;0.7596582883416848;-0.12579500130010032;0.7699644935543644
87.346929;1.0939632931426746;0.8333341491859825;0.7617272213388754;0.12350960044750645;0.11287722400883286;1.0970282799969442;10.000095821659496;0.833613696168834;1.0969652875025222;1.097030639695785;0.7596558435574725;-0.12579500080667144;0.769964229650779
87.356929;1.0939644067502634;0.833335375766469;0.7617244878562234;0.12350939861669206;0.11287711795927755;1.0970251735692973;10.000094350908087;0.8336143759677669;1.0969665560252555;1.0970274713079617;0.7596533569571808;-0.1257950003042576;0.7699640569229222
87.366929;1.0939655700263367;0.8333366480855731;0.7617218339836344;0.12350918788970966;0.1128770274613239;1.097022051108025;10.000092390228103;0.8336150182178365;1.0969678508249052;1.0970242622431738;0.759650825712374;-0.12579499979353118;0.7699639722860936
87.376929;1.0939667800293977;0.8333379600445634;0.7617192711652088;0.12350896866895046;0.11287695378335087;1.09701891749103;10.000090062713818;0.8336156170123731;1.0969691734756088;1.0970210135108076;0.7596482487283888;-0.1257949992758788;0.7699639704023603
87.386929;1.0939680351908234;0.8333393065551997;0.76171680965376;0.12350874159441365;0.11287689810052692;1.097015775998441;10.000087478454608;0.833616166655605;1.0969705245491312;1.09701772440187;0.7596456266619339;-0.12579499875308006;0.7699640446152384
87.396929;1.0939693344826258;0.8333406823535924;0.761714458280145;0.12350850738569023;0.11287686132042696;1.0970126283876165;10.000084725361631;0.8336166614867403;1.0969719036622958;1.0970143947090147;0.7596429613603474;-0.12579499822703138;0.7699641887236917
87.406929;1.093970676989826;0.8333420824407295;0.7617122244880395;0.12350826660077986;0.11287684398891938;1.0970094775030435;10.000081872452647;0.8336170962240939;1.096973310543439;1.0970110254518433;0.7596402546650275;-0.1257949976997569;0.769964397061628
87.416929;1.0939720612793122;0.8333435031850736;0.7617101138832605;0.12350801947647537;0.11287684623342924;1.0970063288295602;10.000078974555299;0.8336174666746119;1.0969747453593321;1.0970076194563974;0.7596375080492793;-0.12579499717370898;0.7699646632646353
87.426929;1.0939734841705766;0.8333449426656417;0.7617081296208227;0.12350776597462997;0.11287686786810826;1.0970031905129884;10.000076065036847;0.8336177693974728;1.096976207212131;1.0970041826479096;0.7596347228166122;-0.1257949966518458;0.7699649799790635
87.436929;1.0939749407442472;0.8333464006618986;0.7617062726211802;0.12350750600346463;0.11287690867339574;1.0970000736220789;10.000073147860281;0.8336180002751448;1.096977693399556;1.097000723864255;0.7596319001408731;-0.12579499613722608;0.7699653402408438
87.446929;1.0939764256579112;0.833347878027549;0.7617045420210105;0.1235072395562966;0.1128769685556004;1.0969969924056482;10.000070204624135;0.8336181540935591;1.096979200583299;1.0969972536069559;0.75962904113076;-0.12579499563235916;0.7699657389282913
87.456929;1.093977934779201;0.8333493750070674;0.7617029352584599;0.12350696666785412;0.11287704748958478;1.0969939635189372;10.00006720432431;0.8336182259449915;1.0969807261182971;1.0969937836287276;0.7596261467738609;-0.12579499513893183;0.7699661723884557
87.466929;1.0939794668950238;0.8333508902085874;0.7617014486885976;0.12350668740538245;0.11287714548730529;1.0969910050555354;10.000064101451363;0.8336182129443452;1.0969822684798178;1.096990325828702;0.7596232184395063;-0.12579499465807753;0.7699666369460852
87.476929;1.0939810246240118;0.8333524214301355;0.7617000785692654;0.12350640206290954;0.11287726267204448;1.0969881364324265;10.000060838468741;0.8336181149173231;1.0969838271227588;1.0969868898225899;0.7596202592337463;-0.12579499419061;0.7699671282463112
87.486929;1.0939826144354055;0.8333539659346276;0.7616988213378659;0.12350611133916597;0.11287739925325306;1.0969853783038492;10.00005736405009;0.8336179332395197;1.0969854021030887;1.0969834815982298;0.7596172746842501;-0.12579499373715117;0.7699676420754695
87.496929;1.0939842458412017;0.8333555187016493;0.7616976736242743;0.12350581615454068;0.11287755538681206;1.0969827513830481;10.000053650536653;0.8336176688285865;1.0969869934870957;1.0969801035083693;0.7596142726016974;-0.12579499329850408;0.7699681757732617
87.506929;1.0939859295157552;0.8333570716706089;0.7616966321417574;0.12350551728342553;0.11287773114711648;1.0969802755238238;10.000049695484206;0.8336173220429601;1.0969886011514263;1.0969767545966678;0.7596112629925601;-0.12579499287615956;0.7699687284309119
87.516929;1.0939876758940215;0.8333586156393018;0.7616956929185245;0.12350521527021338;0.11287792664759443;1.096977970689643;10.000045514871298;0.8336168941047616;1.0969902253081418;1.0969734317550277;0.7596082575123273;-0.12579499247249087;0.7699692995244753
87.526929;1.0939894941261046;0.8333601428476458;0.7616948511576155;0.1235049106215845;0.11287814209472262;1.0969758578374773;10.00004113903673;0.8336163871943008;1.0969918665920804;1.0969701310030033;0.7596052683281803;-0.12579499209030778;0.7699698877490205
87.536929;1.0939913904888314;0.8333616483749432;0.7616941020140963;0.12350460401655138;0.1128783776024284;1.0969739576258706;10.000036610300542;0.8336158034904763;1.0969935257377266;1.0969668480478447;0.7596023070753554;-0.125794991732057;0.769970490973869
87.546929;1.09399336828276;0.8333631295297368;0.7616934406194067;0.1235042965294636;0.11287863294768746;1.0969722891143532;10.000031982763137;0.833615145059571;1.0969952041695703;1.0969635793355246;0.7595993841938731;-0.1257949913994726;0.7699711069521807
87.556929;1.0939954292198237;0.833364584561337;0.7616928616221338;0.12350398972823112;0.11287890760419206;1.0969708702603769;10.00002732594827;0.8336144146781892;1.096996904515418;1.096960323545293;0.7595965090715725;-0.12579499109375233;0.769971734193392
87.566929;1.0939975744957315;0.8333660126494293;0.7616923589903475;0.12350368542587709;0.11287920094856073;1.096969717997425;10.000022725062907;0.8336136168898778;1.096998630163263;1.0969570822474284;0.7595936909394322;-0.12579499081543777;0.7699723715977516
87.576929;1.0939998064394694;0.8333674140882527;0.761691925522838;0.12350338539384606;0.11287951226629206;1.0969688469363317;10.000018270582682;0.8336127582076513;1.0970003856010928;1.096953860277685;0.7595909391818946;-0.12579499056394491;0.7699730165196075
87.586929;1.0940021305866114;0.833368789175845;0.7616915527764814;0.12350309132744558;0.11287984050957173;1.0969682682975117;10.000014043509163;0.8336118459777356;1.0970021776917507;1.096950665660711;0.7595882625963185;-0.12579499033742836;0.7699736637732041
87.596929;1.0940045557893587;0.8333701371168628;0.7616912319777536;0.12350280484931343;0.1128801840975713;1.0969679892058337;10.000010112076454;0.8336108872959364;1.0970040159976178;1.0969475073312358;0.7595856683771981;-0.12579499013308817;0.7699743070910895
87.606929;1.09400709246018;0.8333714561012129;0.761690954179805;0.1235025274415092;0.112880540979455;1.096968011638229;10.000006542406524;0.8336098888739213;1.0970059116814286;1.0969443923431241;0.759583160843336;-0.1257949899476473;0.7699749409076095
87.616929;1.0940097509439166;0.8333727436008335;0.761690709579286;0.12350226038220813;0.11288090883968876;1.0969683315891205;10.000003402686865;0.833608856690282;1.0970078753463484;1.096941326026555;0.759580740931591;-0.12579498977776918;0.7699755610698887
87.626929;1.0940125409085395;0.8333739967802755;0.7616904882415065;0.12350200467611797;0.11288128527387374;1.0969689397607734;10.000000751686278;0.8336077952126232;1.097009915349697;1.0969383145673812;0.7595784077269;-0.12579498962022306;0.7699761649842188
87.636929;1.0940154714032955;0.8333752136761644;0.7616902820313548;0.12350176102388255;0.11288166794449184;1.096969823142766;9.999998633645612;0.8336067080493151;1.0970120384546784;1.0969353674486044;0.7595761598471379;-0.12579498947194456;0.7699767507582168
87.646929;1.094018551251262;0.8333763937495561;0.7616900856747175;0.12350152983291027;0.11288205472414797;1.0969709653660629;9.999997086588156;0.833605599792029;1.0970142513339167;1.096932497718392;0.7595739951349886;-0.12579498932998415;0.7699773160063482
87.656929;1.0940217902039202;0.8333775370268349;0.7616898964129307;0.12350131125053275;0.11288244376433863;1.096972347182814;9.999996146460248;0.8336044769278237;1.09701656068385;1.0969297195797294;0.7595719106638772;-0.1257949891911584;0.7699778577998971
87.666929;1.094025199625864;0.83337864344551;0.7616897127737006;0.12350110535908498;0.11288283341338266;1.096973949680544;9.99999584612423;0.833603347735473;1.0970189721497707;1.0969270455336615;0.759569903819671;-0.12579498905180966;0.7699783729393914
87.676929;1.0940287906950648;0.8333797126619078;0.7616895329877522;0.12350091243664885;0.11288322206272794;1.096975757221166;9.99999621404242;0.8336022216412315;1.097021489318299;1.0969244841508443;0.7595679732502905;-0.12579498890808014;0.7699788578511692
87.686929;1.0940325718663906;0.8333807433855387;0.7616893543485639;0.12350073298198112;0.11288360816596256;1.0969777561200549;9.999997267969231;0.8336011076816283;1.097024113547735;1.0969220382801472;0.7595661192956664;-0.12579498875644018;0.7699793089591093
87.696929;1.0940365483036016;0.8333817325198449;0.7616891743939692;0.12350056759102798;0.11288399041634027;1.0969799316304525;9.999999007101438;0.8336000129542769;1.09702684433792;1.0969197050626818;0.7595643442756906;-0.1257949885940328;0.7699797237182276
87.706929;1.0940407225867874;0.8333826746266983;0.7616889922216026;0.12350041689967636;0.11288436781787575;1.096982267205849;10.000001412073608;0.8335989424934941;1.0970296795094758;1.096917477978235;0.7595626529361521;-0.12579498841872222;0.7699801017103781
87.716929;1.094045095479426;0.833383561863313;0.7616888082876048;0.12350028152593626;0.11288473959806145;1.0969847457238266;10.00000445377358;0.8335979003018255;1.0970326149311593;1.09691534919124;0.7595610522719987;-0.12579498822901744;0.7699804449291732
87.726929;1.0940496667700208;0.8333843841051065;0.7616886235311354;0.12350016203614224;0.11288510509504103;1.09698735023147;10.000008097732747;0.8335968904309424;1.0970356446331535;1.0969133108303002;0.7595595496042963;-0.12579498802392278;0.7699807566962543
87.736929;1.0940544355367579;0.8333851289858875;0.7616884388480873;0.12350005901549109;0.11288546369967656;1.0969900628718563;10.000012298475696;0.8335959171532703;1.0970387616466226;1.0969113553264214;0.7595581497118404;-0.1257949878027212;0.7699810403397302
87.746929;1.094059399655377;0.833385782712122;0.7616882551192321;0.12349997304307467;0.11288581483417556;1.0969928641046407;10.000017002827837;0.8335949835776232;1.097041958566262;1.0969094754044217;0.7595568533750203;-0.1257949875650672;0.7699812989592487
87.756929;1.0940645554375548;0.8333863323771533;0.7616880739412062;0.12349990449025092;0.11288615786710283;1.0969957342641077;10.000022165669865;0.8335940898358246;1.0970452275262559;1.0969076643220022;0.7595556584173065;-0.1257949873114569;0.7699815354911708
87.766929;1.0940698974792382;0.8333867685493902;0.7616878980685852;0.12349985339258895;0.11288649199128005;1.0969986545590913;10.000027754976788;0.8335932324597877;1.0970485601746862;1.0969059166670754;0.7595545612127891;-0.12579498704350267;0.7699817523074358
87.776929;1.094075418594006;0.833387086459365;0.7616877302592088;0.12349981950538554;0.11288681622116328;1.097001605714271;10.000033740940621;0.8335924048775395;1.0970519483844958;1.0969042285116162;0.7595535564732835;-0.12579498676379033;0.769981951492686
87.786929;1.0940811102131565;0.8333872854791401;0.7616875718833517;0.12349980239276218;0.11288712953344258;1.0970045674555944;10.000040086213588;0.83359159854882;1.0970553852598752;1.096902596591455;0.7595526366431411;-0.12579498647557924;0.7699821359586986
87.796929;1.0940869630464065;0.833387367472931;0.7616874234168062;0.12349980147338427;0.1128874311095662;1.0970075197161968;10.00004674990996;0.8335908048162264;1.097058864866989;1.0969010174852067;0.7595517930981387;-0.12579498618238608;0.7699823101940849
87.806929;1.0940929671091346;0.8333873348322343;0.7616872858302224;0.1234998160218895;0.11288772057661373;1.097010443171975;10.00005369802121;0.8335900166984789;1.09706238081124;1.0968994870164095;0.7595510181475399;-0.1257949858873979;0.7699824805428745
87.816929;1.0940991114486447;0.8333871892395389;0.7616871607069164;0.12349984506953184;0.11288799801320003;1.0970133194307166;10.000060900080436;0.833589229141178;1.0970659253583255;1.0968980006613063;0.759550305874903;-0.12579498559303565;0.7699826544709514
87.826929;1.0941053849366273;0.833386931990624;0.7616870490840891;0.12349988722768408;0.11288826370523639;1.0970161324579506;10.00006831660857;0.8335884382313057;1.0970694897642241;1.0968965549961505;0.7595496524823859;-0.12579498530088778;0.7699828382747527
87.836929;1.0941117776234335;0.8333865653884449;0.7616869506372457;0.12349994065000616;0.11288851787527596;1.0970188699615278;10.000075897895792;0.8335876410567418;1.0970730652849603;1.0968951482832163;0.7595490564729851;-0.12579498501164818;0.769983035489507
87.846929;1.0941182815413595;0.8333860938462386;0.7616868641826003;0.12350000331900675;0.11288876054560316;1.0970215229857045;10.000083584826202;0.8335868358778048;1.0970766444553632;1.096893779770288;0.7595485173000325;-0.1257949847249139;0.7699832478042982
87.856929;1.0941248908169223;0.8333855242583315;0.7616867888276411;0.12350007341723171;0.11288899159138785;1.0970240843410248;10.000091303374408;0.8335860215972147;1.097080221796939;1.0968924492357761;0.7595480335789452;-0.12579498443916;0.7699834768283838
87.866929;1.0941316004122803;0.8333848664629173;0.7616867250956586;0.12350014933618436;0.11288921088963982;1.0970265468177791;10.000098965707426;0.833585197044891;1.0970837935007316;1.0968911573922748;0.759547602944189;-0.125794984151831;0.7699837246258621
87.876929;1.0941384036772976;0.8333841331908395;0.7616866761606399;0.12350022938234234;0.11288941837550541;1.0970289020017043;10.000106471125711;0.833584360765433;1.0970873570091004;1.0968899061458461;0.7595472230649549;-0.1257949838594775;0.7699839933093684
87.886929;1.0941452903684445;0.8333833374349621;0.7616866484602214;0.12350031163226872;0.11288961391319506;1.0970311408986142;10.000113701499826;0.8335835108569694;1.0970909105765312;1.0968886979797692;0.7595468928507345;-0.12579498355817045;0.7699842851289724
87.896929;1.094152246385752;0.8333824888033636;0.7616866508228146;0.12350039400890982;0.11288979708540493;1.0970332556652165;10.00012052209978;0.8335826445327036;1.0970944524296968;1.0968875355410737;0.7595466131660439;-0.1257949832439853;0.7699846027986337
87.906929;1.0941592560330036;0.8333815928246434;0.7616866929408135;0.12350047437499662;0.11288996715070347;1.0970352403262826;10.000126781685491;0.8335817583681792;1.097097979541796;1.0968864226690096;0.7595463864492734;-0.12579498291323424;0.7699849491273354
87.916929;1.09416630540708;0.8333806532508985;0.7616867843250541;0.12350055063182609;0.1128901232153844;1.09703708997546;10.000132307764497;0.8335808497235729;1.09710148607696;1.0968853658414088;0.7595462163619826;-0.12579498256258215;0.7699853264757077
87.926929;1.0941733830083689;0.8333796743977668;0.7616869337992779;0.12350062083321603;0.11289026439620896;1.0970388000074316;10.000136913637807;0.8335799181590127;1.097104963081145;1.0968843744176031;0.7595461080334824;-0.1257949821891598;0.7699857364536008
87.936929;1.0941804779318316;0.8333786618127955;0.7616871491221207;0.12350068331196613;0.11289038992951211;1.0970403661617745;10.000140423689333;0.8335789659291535;1.097108400072603;1.0968834596933588;0.7595460675170083;-0.12579498179062168;0.7699861800398867
87.946929;1.0941875800153884;0.8333776214758994;0.7616874366237442;0.12350073680278373;0.11289049931946975;1.0970417842593492;10.000142698042703;0.8335779978445763;1.0971117869457967;1.0968826337135318;0.7595461004843701;-0.12579498136515913;0.769986658738581
87.956929;1.0941946814786165;0.8333765588186326;0.761687801035717;0.12350078045783056;0.11289059242642653;1.0970430500172232;10.00014364072691;0.833577021096406;1.0971151161717763;1.0968819084790273;0.759546211603757;-0.1257949809116077;0.7699871761240761
87.966929;1.094201776903048;0.8333754787532722;0.7616882454642365;0.12350081375475364;0.11289066942829501;1.097044160410998;10.000143193934795;0.8335760447933562;1.0971183843305203;1.0968812950679008;0.7595464047099406;-0.12579498042965023;0.769987738078407
87.976929;1.0942088618219266;0.8333743867116425;0.7616887714150035;0.12350083633090024;0.11289073071727615;1.097045115152779;10.00014132742246;0.8335750785594359;1.0971215899901416;1.0968808026849277;0.7595466823741589;-0.12579497992002012;0.7699883514478838
87.986929;1.0942159313461313;0.8333732892662867;0.7616893792325005;0.12350084782433408;0.11289077681378351;1.09704591595677;10.000138034309064;0.8335741313048987;1.0971247300323081;1.096880438920319;0.7595470446708068;-0.12579497938455297;0.7699890226103815
87.996929;1.0942229793346123;0.8333721934725443;0.761690068788761;0.12350084783682548;0.11289080843120892;1.0970465644179055;10.000133334538283;0.8335732116398519;1.09712779898981;1.0968802110915357;0.7595474889619764;-0.1257949788255824;0.7699897571467532
88.006929;1.0942299981059371;0.8333711062200064;0.7616908393801418;0.1235008359443252;0.1128908266128496;1.0970470611728975;10.000127275942301;0.8335723288893538;1.097130790875444;1.0968801272732687;0.7595480111428556;-0.12579497824485245;0.7699905603487435
88.016929;1.0942369789742519;0.8333700343633094;0.7616916894351757;0.12350081174599276;0.11289083271101832;1.0970474068208103;10.000119931173826;0.8335714930434681;1.0971337003392834;1.0968801963524115;0.759548606805749;-0.12579497764312525;0.7699914375060897
88.026929;1.0942439135478312;0.8333689851484335;0.7616926171816549;0.1235007749920273;0.11289082821827025;1.0970476030285488;10.000111394959625;0.8335707140788611;1.0971365219464748;1.0968804273123627;0.7595492716940794;-0.12579497702067757;0.7699923932655448
88.036929;1.0942507946061337;0.8333679666985315;0.76169362082612;0.12350072566066887;0.11289081455747765;1.097047652666171;10.00010177595781;0.8335700018192282;1.09713924949797;1.096880828010781;0.7595500021499306;-0.1257949763777427;0.7699934304268793
88.046929;1.0942576159905055;0.8333669878825438;0.7616946975355751;0.12350066397049096;0.11289079288686897;1.097047558836199;10.000091175655195;0.8335693660875035;1.0971418771651116;1.0968814036862589;0.7595507957482825;-0.12579497571455708;0.7699945495809067
88.056929;1.0942643714954041;0.8333660570558445;0.7616958432106896;0.123500590375126;0.1128907640081754;1.0970473244923893;10.000079670281284;0.8335688158560002;1.0971444009359117;1.0968821566637752;0.7595516515005771;-0.12579497503136056;0.7699957502619366
88.066929;1.0942710532687974;0.8333651802864358;0.7616970536707546;0.12350050548195889;0.11289072848797395;1.0970469533153409;10.000067315388064;0.8335683572252582;1.0971468189442137;1.096883087911194;0.759552569666438;-0.1257949743285664;0.769997032284304
88.076929;1.0942776512475219;0.8333643603840843;0.7616983254467341;0.12350040995468121;0.11289068692762119;1.097046449673585;10.000054158875663;0.8335679922231836;1.097149131181576;1.0968841980655106;0.7595535514769093;-0.12579497360693728;0.7699983958591012
88.086929;1.0942841533681218;0.8333635975099551;0.7616996551444764;0.12350030452760029;0.11289064012597556;1.0970458176266467;10.000040243785;0.833567719512695;1.0971513391787147;1.0968854868984248;0.7595545984793717;-0.12579497286745484;0.7699998407992116
88.096929;1.0942905448882483;0.8333628903836028;0.7617010384589167;0.12350019010643046;0.11289058912514362;1.0970450606138598;10.000025609362622;0.8335675355043854;1.0971534457243677;1.096886952353866;0.75955571188726;-0.1257949721109816;0.7700013659713014
88.106929;1.0942968081055033;0.833362236882154;0.7617024699829461;0.1235000678084875;0.11289053522869502;1.097044181802387;10.00001029759629;0.8335674345973303;1.0971554538979027;1.0968885890640805;0.7595568928498138;-0.12579497133819875;0.7700029694296516
88.116929;1.0943029239705284;0.8333616338036316;0.7617039434552328;0.12349993883241575;0.1128904798633041;1.0970431851228977;9.99999435595582;0.8335674087016328;1.0971573656177027;1.0968903875461016;0.7595581430660309;-0.12579497054984;0.7700046490820923
88.126929;1.0943088731979795;0.8333610763934369;0.7617054520047052;0.12349980424836225;0.11289042435510961;1.0970420765434172;9.999977833810016;0.8335674469255866;1.097159182023128;1.096892335612217;0.7595594644381266;-0.1257949697467784;0.7700064037964983
88.136929;1.0943146363017793;0.8333605592566153;0.7617069886940389;0.12349966489809515;0.11289036986135739;1.097040863875978;9.999960781015027;0.8335675361636322;1.097160905814695;1.0968944202139315;0.7595608580708026;-0.12579496893004163;0.7700082342432976
88.146929;1.0943201949240267;0.8333600786525668;0.7617085472340651;0.12349952148019816;0.11289031741772468;1.097039555329724;9.999943250412683;0.8335676623528908;1.0971625425811442;1.0968966279286518;0.7595623239074016;-0.12579496810105348;0.7700101426966687
88.156929;1.0943255333695963;0.8333596337807168;0.7617101226167277;0.1234993747283504;0.11289026794573935;1.097038158976362;9.999925296654656;0.8335678118367;1.0971641000332903;1.096898944523864;0.7595638610875145;-0.1257949672620422;0.7700121323504412
88.166929;1.0943306380830875;0.8333592266398768;0.7617117117762996;0.12349922539474746;0.11289022219822079;1.0970366834302072;9.999906971801998;0.8335679723635088;1.0971655864157563;1.0969013548056183;0.7595654679267096;-0.12579496641640134;0.770014206691598
88.176929;1.0943354965590077;0.8333588615121699;0.761713313357716;0.1234990739597225;0.11289018062474188;1.0970351376596812;9.999888328620788;0.8335681335205954;1.0971670091191859;1.0969038430808653;0.7595671415570194;-0.1257949655687237;0.770016368388264
88.186929;1.0943400978548237;0.8333585435534169;0.761714925867194;0.12349892045272969;0.11289014326246938;1.0970335290570232;9.999869427723896;0.8335682867448682;1.0971683738910074;1.0969063938602361;0.7595688779412609;-0.12579496472439053;0.7700186182776219
88.196929;1.0943444338959574;0.8333582766144795;0.7617165459813448;0.12349876458481363;0.11289010989510369;1.09703186175644;9.999850333933153;0.8335684247384525;1.0971696847810337;1.0969089927151805;0.759570671822155;-0.12579496388902395;0.7700209560593613
88.206929;1.0943485003740676;0.8333580619200921;0.7617181685214772;0.12349860598169653;0.11289008037331373;1.0970301374269786;9.999831103090852;0.8335685408042885;1.097170944134506;1.096911626419982;0.7595725169724838;-0.12579496306811758;0.7700233822348801
88.216929;1.0943522974645175;0.8333578983372224;0.7617197873535482;0.12349844438241733;0.11289005479498464;1.0970283580913085;9.99981177199177;0.8335686293356198;1.0971721525230465;1.0969142825914797;0.7595744074517186;-0.12579496226686956;0.7700258996007887
88.226929;1.0943558299824696;0.8333577832009521;0.7617213963078662;0.12349827983890768;0.11289003354676691;1.097026527774136;9.99979235522544;0.8335686865631999;1.0971733104379833;1.0969169501567007;0.7595763385997847;-0.12579496149010158;0.7700285134040313
88.236929;1.094359106095149;0.833357712923024;0.7617229894043553;0.12349811288383032;0.11289001728681519;1.0970246512801154;9.99977284636343;0.8335687099858127;1.0971744203006155;1.0969196194611752;0.7595783067530423;-0.12579496074208743;0.7700312294277672
88.246929;1.0943621348612123;0.8333576835885597;0.7617245599211142;0.12349794449548765;0.11289000678562947;1.0970227327277762;9.999753227804673;0.8335686974692988;1.0971754851164255;1.0969222814454007;0.7595803083320204;-0.125794960026372;0.7700340514211242
88.256929;1.094364924285405;0.8333576908691979;0.7617260993685253;0.12349777585115373;0.1128900027295957;1.0970207755220376;9.999733481685736;0.8335686469111143;1.0971765062787302;1.0969249273726236;0.7595823392044194;-0.12579495934579443;0.7700369809422274
88.266929;1.0943674806378203;0.8333577292323252;0.761727598267247;0.12349760814454724;0.11289000577552058;1.097018782167033;9.999713585077856;0.833568556094451;1.0971774841905988;1.096927549164685;0.7595843948947144;-0.1257949587026716;0.7700400189425786
88.276929;1.0943698078634545;0.8333577916823507;0.7617290482871906;0.12349744258872572;0.11289001671221686;1.0970167540496607;9.999693501835726;0.8335684229747393;1.0971784190526037;1.0969301399051865;0.7595864714678611;-0.12579495809914834;0.7700431663640506
88.286929;1.0943719071923301;0.8333578701797746;0.7617304429036115;0.12349728054593424;0.11289003643503581;1.097014692409663;9.999673197658339;0.8335682462753726;1.097179309552502;1.096932694092423;0.7595885662228375;-0.12579495753759978;0.7700464235929514
88.296929;1.0943737783179903;0.8333579565121028;0.7617317762810468;0.12349712366207176;0.11289006590380865;1.0970125994739548;9.999652671331262;0.833568025571046;1.0971801522133557;1.0969352066756162;0.759590677942809;-0.12579495702058882;0.770049789993492
88.306929;1.0943754210386205;0.8333580428862557;0.7617330426843473;0.12349697374332418;0.11289010619347646;1.09701047844729;9.999631962056416;0.8335677606212991;1.0971809428387573;1.096937671415959;0.7595928069036237;-0.12579495655054437;0.7700532641945093
88.316929;1.0943768354845067;0.833358121476074;0.7617342367199536;0.12349683252167622;0.11289015844414046;1.0970083322060307;9.999611118157247;0.8335674509059412;1.0971816780630126;1.0969400808871141;0.7595949541066223;-0.1257949561296489;0.7700568447065843
88.326929;1.094378021752006;0.8333581844416511;0.7617353536436667;0.12349670165917408;0.1128902237372406;1.0970061615135749;9.99959016722191;0.8335670962566063;1.0971823562005487;1.0969424282317626;0.7595971200170744;-0.1257949557596749;0.7700605297452785
88.336929;1.094378979727754;0.8333582251795004;0.7617363902668368;0.12349658277249112;0.11289030306657273;1.0970039641289266;9.999569118407196;0.8335666976236928;1.0971829773067516;1.0969447080308992;0.7595993045616967;-0.12579495544171684;0.7700643160863051
88.346929;1.0943797089069787;0.8333582389572854;0.7617373460005954;0.12349647728250049;0.11289039740168663;1.097001735044335;9.999547973249628;0.8335662567563351;1.0971835420041143;1.0969469161345256;0.7596015080314099;-0.12579495517633324;0.7700681985599783
88.356929;1.0943802087341998;0.8333582221882333;0.7617382223097204;0.12349638633487389;0.11289050770973785;1.0969994672358603;9.999526720853671;0.8335657753985534;1.0971840503876524;1.0969490497905352;0.7596037308085738;-0.12579495496392612;0.7700721714581441
88.366929;1.0943804795938872;0.8333581714637056;0.7617390206209764;0.12349631087163362;0.11289063480010508;1.0969971532099165;9.999505329540826;0.8335652553461864;1.0971845026884994;1.096951107177232;0.7596059723456112;-0.12579495480457947;0.7700762301300317
88.376929;1.0943805241680553;0.8333580828786202;0.7617397402677828;0.12349625173300975;0.1128907791702225;1.0969947873381358;9.999483751406155;0.8335646993489269;1.097184900672862;1.0969530867827744;0.7596082308788122;-0.12579495469739757;0.770080370801663
88.386929;1.0943803481287455;0.8333579517499035;0.7617403780024056;0.12349620980239737;0.11289094113686098;1.0969923672405977;9.999461941688514;0.8335641113376637;1.097185247698334;1.0969549882249603;0.7596105034173837;-0.12579495464035484;0.7700845896908542
88.396929;1.094379959163872;0.8333577732759413;0.7617409293190306;0.1234961860958461;0.11289112098721125;1.096989893523267;9.999439880925662;0.8335634953861898;1.0971855481736585;1.0969568131926337;0.7596127853850423;-0.12579495463124246;0.770088882459432
88.406929;1.094379365660501;0.8333575438175609;0.7617413899501952;0.12349618164968623;0.11289131882352632;1.096987369229146;9.999417581337044;0.8335628546327244;1.0971858070719778;1.0969585650932618;0.7596150705388174;-0.12579495466874985;0.7700932436916407
88.416929;1.094378576399268;0.8333572614965156;0.7617417565739125;0.12349619740729113;0.11289153433016828;1.0969847994330055;9.999395080145161;0.8335621909228014;1.0971860287351765;1.0969602479324592;0.7596173516200804;-0.12579495475247393;0.770097666957289
88.426929;1.0943776005984862;0.8333569252497613;0.761742026879884;0.12349623419953967;0.1128917666900635;1.096982190440277;9.999372431226213;0.8335615048697784;1.0971862166084696;1.096961865372054;0.759619621616988;-0.1257949548823819;0.770102145683562
88.436929;1.094376447482665;0.8333565333260814;0.7617421990495686;0.12349629262283275;0.11289201463648908;1.0969795488372276;9.99934968803109;0.8335607959930165;1.0971863743783945;1.0969634210700332;0.75962187468704;-0.12579495505870236;0.7701066738623986
88.446929;1.0943751253517504;0.8333560830465863;0.7617422712790386;0.12349637291242448;0.11289227659092914;1.0969768807083524;9.999326885399938;0.8335600630584717;1.0971865065060553;1.0969649200568454;0.7596241054621192;-0.12579495528193738;0.7701112460208491
88.456929;1.0943736403883546;0.8333555714428428;0.7617422414920675;0.12349647497150808;0.11289255075889952;1.0969741905773578;9.999304037569855;0.833559304849964;1.0971866181579204;1.096966369258032;0.7596263080124377;-0.12579495555269582;0.770115856939151
88.466929;1.0943719964275531;0.8333549953012045;0.7617421066778294;0.12349659842320089;0.11289283518497185;1.096971480593748;9.999281141379099;0.8335585204649942;1.0971867149571553;1.0969677765448271;0.759628476578944;-0.1257949558715245;0.7701205021911196
88.476929;1.0943701965065762;0.8333543505433325;0.7617418621895142;0.12349674267050065;0.11289312788803986;1.096968751498226;9.999258178651415;0.8335577088408115;1.0971868021346411;1.0969691497728844;0.7596306069979891;-0.1257949562387634;0.7701251794481991
88.486929;1.0943682444521774;0.8333536321765374;0.7617415022142269;0.12349690705262864;0.11289342704084375;1.096966004718179;9.999235127773144;0.8335568688893414;1.097186884117249;1.0969704961207867;0.7596326968567579;-0.12579495665452523;0.7701298887242053
88.496929;1.094366145328341;0.8333528357564134;0.761741021286546;0.12349709101393885;0.11289373107047491;1.0969632431882166;9.999211976915122;0.8335560004795708;1.0971869655681383;1.0969718205973704;0.7596347446181384;-0.12579495711863597;0.7701346307312358
88.506929;1.094363904611619;0.8333519589839049;0.7617404150445536;0.12349729421775701;0.11289403860023552;1.0969604703919973;9.999188728133204;0.83355510506676;1.0971870527286924;1.0969731248401686;0.7596367491422733;-0.125794957630214;0.7701394055159351
88.516929;1.0943615258138863;0.8333510020876682;0.7617396800230063;0.1234975165511894;0.11289434831331864;1.0969576890243107;9.999165394211825;0.8335541853466455;1.0971871537802054;1.0969744081680934;0.7596387103638809;-0.12579495818719721;0.770144212769399
88.526929;1.0943590084956745;0.8333499678173074;0.7617388137594003;0.12349775793291815;0.11289465889614843;1.0969549003748107;9.99914198842035;0.8335532447431508;1.0971872779542848;1.0969756695111152;0.7596406303514491;-0.12579495878624514;0.770149051982363
88.536929;1.0943563486430632;0.8333488609057524;0.7617378153212024;0.1234980181057161;0.11289496903332262;1.0969521043771606;9.999118514599257;0.8335522874766559;1.0971874334128218;1.096976907730455;0.7596425133037203;-0.12579495942292987;0.7701539219231022
88.546929;1.0943535410027736;0.8333476863283373;0.7617366855272272;0.12349829665190716;0.11289527739461876;1.0969492998754278;9.999094972730859;0.8335513185637262;1.0971876255629633;1.0969781210250054;0.7596443641095381;-0.12579496009209612;0.7701588209656347
88.556929;1.0943505823840693;0.8333464479891529;0.7617354266879108;0.12349859312627838;0.11289558271712243;1.0969464853866369;9.999071372257532;0.8335503433168518;1.0971878574454423;1.0969793073265508;0.7596461867696765;-0.12579496078835442;0.7701637483599094
88.566929;1.0943474744591917;0.8333451490257192;0.7617340419621615;0.1234989071623156;0.11289588395518495;1.096943659973522;9.999047731727746;0.8335493666854956;1.0971881306175817;1.0969804652039339;0.7596479841200366;-0.12579496150646727;0.7701687053223754
88.576929;1.0943442245936466;0.8333437922653497;0.7617325347307357;0.12349923848861348;0.11289618025209767;1.096940822856464;9.999024066847085;0.8335483928120032;1.0971884453224512;1.0969815947138184;0.7596497587186299;-0.1257949622416977;0.7701736951176315
88.586929;1.0943408446943683;0.83334237999497;0.7617309089474247;0.1234995867733808;0.11289647072285187;1.096937971876996;9.999000388228982;0.8335474251822228;1.0971888015374265;1.0969826988968638;0.7596515139301969;-0.12579496299029128;0.7701787223182457
88.596929;1.0943373490003545;0.8333409143177446;0.7617291697821588;0.12349995146095666;0.11289675439176859;1.096935102579925;9.998976717807219;0.8335464673042393;1.0971892007292767;1.0969837845755224;0.7596532545679467;-0.12579496374963142;0.7701837920534575
88.606929;1.0943337519899838;0.8333393983478937;0.7617273231102349;0.12350033182844763;0.1128970303468175;1.0969322090128664;9.998953105157895;0.8335455232113191;1.09718964584068;1.0969848609150517;0.7596549867660046;-0.1257949645178346;0.7701889096014066
88.616929;1.094330067197383;0.833337836767793;0.7617253746974963;0.12350072708922158;0.11289729774692099;1.0969292857049138;9.998929619021272;0.8335445971581324;1.0971901396780457;1.0969859369160686;0.7596567173012799;-0.12579496529336728;0.7701940803371764
88.626929;1.0943263070359512;0.8333362352060544;0.7617233302490302;0.12350113623121935;0.11289755570054308;1.0969263295279121;9.9989063230911;0.833543692749126;1.097190684187664;1.0969870192760611;0.7596584526221124;-0.12579496607485458;0.7701993102589594
88.636929;1.0943224834160485;0.83333459919458;0.7617211959256159;0.12350155776920409;0.1128978032937392;1.0969233405125962;9.998883266593584;0.8335428120306562;1.0971912809595896;1.0969881115120772;0.7596601977233997;-0.12579496686083416;0.7702046064954944
88.646929;1.0943186083845537;0.8333329333348373;0.7617189790297938;0.12350198980879742;0.11289803964148941;1.09692032193545;9.998860490470264;0.8335419548571217;1.0971919309692393;1.0969892144446614;0.759661955864655;-0.1257949676495478;0.7702099762045006
88.656929;1.0943146937835009;0.8333312412384196;0.7617166884534858;0.12350243032563539;0.11289826387661278;1.0969172800379738;9.998838033819819;0.8335411190798866;1.0971926325443917;1.0969903272420243;0.7596637295932966;-0.1257949684386452;0.7702154244166423
88.666929;1.0943107502898186;0.8333295263407376;0.7617143338153598;0.12350287735602933;0.11289847520714923;1.0969142230296125;9.998815939719451;0.8335403014763386;1.0971933793800328;1.096991449105829;0.7596655220559222;-0.12579496922491698;0.7702209531859342
88.676929;1.0943067876803532;0.8333277927298564;0.7617119242074449;0.12350332906515904;0.11289867300367898;1.0969111597607573;9.998794246837805;0.8335394985881961;1.0971941610943268;1.0969925810445034;0.7596673373778846;-0.12579497000446846;0.7702265624195892
88.686929;1.0943028163655306;0.8333260454298115;0.7617094685233172;0.12350378381070184;0.11289885682849637;1.096908098422816;9.998772964980509;0.8335387070758394;1.097194965971352;1.0969937259112723;0.7596691798419484;-0.12579497077297042;0.7702322510757262
88.696929;1.0942988479726645;0.8333242899645756;0.7617069764355786;0.12350424021578642;0.11289902641685882;1.096905045104721;9.998752072529818;0.833537923410499;1.0971957839817044;1.0969948869029127;0.7596710532810128;-0.12579497152581706;0.770238017419694
88.706929;1.0942948939269195;0.8333225316889813;0.7617044579297811;0.12350469711402767;0.11289918170975077;1.096902002641419;9.998731543052076;0.8335371431484887;1.097196608313567;1.0969960663119773;0.7596729613334259;-0.12579497225848346;0.770243858306377
88.716929;1.0942909629128772;0.833320776118525;0.7617019218839516;0.12350515341371672;0.11289932295449841;1.096898970331573;9.998711366060038;0.8335363610268867;1.0971974342640174;1.0969972653629327;0.7596749075129254;-0.1257949729671621;0.7702497689234661
88.726929;1.0942870592950669;0.8333190294501788;0.7616993756575106;0.12350560807682913;0.11289945070983658;1.0968959451741356;9.998691550462146;0.8335355723198302;1.0971982582422326;1.0969984852669683;0.7596768949891458;-0.12579497364953982;0.7702557431106205
88.736929;1.094283183952754;0.8333172976717554;0.761696825882182;0.12350606016699571;0.11289956573553789;1.096892924285257;9.998672127275984;0.8335347740098803;1.097199079089411;1.0969997286129405;0.7596789262192443;-0.12579497430488915;0.7702617733042126
88.746929;1.094279336124689;0.8333155854058834;0.7616942791002537;0.12350650879949937;0.11289966893436694;1.0968899065023852;9.998653152323916;0.8335339652056354;1.0971998982195308;1.097000999127406;0.7596810023968521;-0.12579497493310188;0.7702678507122025
88.756929;1.09427551398316;0.8333138961862561;0.7616917416157892;0.1235069529796091;0.11289976141060101;1.096886892784543;9.998634690315372;0.8335331480341155;1.097200717501737;1.0970023001731837;0.7596831233229553;-0.12579497553380414;0.7702739661669006
88.766929;1.0942717144416727;0.8333122341744613;0.7616892192853261;0.12350739143788926;0.1128998444872542;1.096883886538935;9.998616785740463;0.83353232878014;1.097201538575654;1.0970036341772518;0.7596852878594296;-0.1257949761063505;0.770280110125289
88.776929;1.0942679336556473;0.8333106057592836;0.7616867183527484;0.1235078225747665;0.1128999195655758;1.0968808933351237;9.998599449546923;0.8335315175326764;1.0972023642066873;1.0970050019557462;0.7596874948623851;-0.1257949766502974;0.7702862711763365
88.786929;1.0942641671326965;0.8333090192870029;0.7616842466514341;0.12350824459298114;0.11289998801019348;1.0968779190681346;9.998582669823946;0.8335307265865992;1.0972031991197773;1.0970064004377955;0.7596897438065329;-0.12579497716577784;0.7702924348550411
88.796929;1.0942604094056434;0.8333074837408949;0.761681813536203;0.12350865576558712;0.11290005114436014;1.0968749676513516;9.998566432707278;0.8335299694758685;1.097204048911992;1.0970078214878793;0.7596920337875721;-0.1257949776534257;0.7702985839546402
88.806929;1.0942566553173494;0.8333060079350614;0.7616794288225889;0.12350905465693127;0.11290011020108137;1.096872040604399;9.998550738392092;0.8335292604629005;1.0972049181397723;1.0970092540438618;0.7596943618655293;-0.1257949781139076;0.7703046997459566
88.816929;1.094252901519291;0.8333046000315529;0.7616771020854683;0.12350944022467952;0.11290016627865357;1.09686913872848;9.998535599978103;0.8335286128714129;1.0972058103307571;1.097010687925979;0.759696723241974;-0.125794978547776;0.7703107636346553
88.826929;1.0942491460715322;0.8333032670497742;0.761674842870933;0.12350981181320118;0.11290022041683197;1.0968662634764172;9.998521033417285;0.8335280370185478;1.0972067294929495;1.097012116147625;0.7596991131706382;-0.12579497895578953;0.7703167587313703
88.836929;1.0942453874905842;0.8333020144259414;0.7616726609282551;0.1235101690036384;0.1129002736793074;1.0968634175357277;9.998507059186982;0.833527539444944;1.0972076791321634;1.0970135336545153;0.7597015281010887;-0.12579497933892186;0.7703226706767407
88.846929;1.0942416242048658;0.8333008460163513;0.7616705657841933;0.12351051141283304;0.11290032716842043;1.0968606048522107;9.998493709459066;0.8335271226353572;1.0972086592362233;1.0970149345249107;0.7597039654830519;-0.125794979697901;0.7703284880428181
88.856929;1.0942378547804654;0.8332997648446074;0.7616685667494659;0.12351083865514478;0.1129003819987876;1.0968578290586617;9.998481019629555;0.8335267842950975;1.0972096657630994;1.0970163112837517;0.759706423430145;-0.12579498003285497;0.7703342022091112
88.866929;1.0942340792648926;0.8332987733959197;0.7616666733962615;0.1235111504476915;0.11290043915935888;1.0968550918381237;9.998469004959958;0.8335265177622171;1.097210692743477;1.0970176557822107;0.7597089002830695;-0.12579498034334788;0.770339806778118
88.876929;1.094230299840549;0.8332978725827428;0.7616648951164936;0.12351144658541544;0.1129004993264774;1.096852393476802;9.998457640126155;0.8335263148049884;1.0972117337896126;1.0970189592101756;0.7597113940624043;-0.12579498062861205;0.7703452980638168
88.886929;1.0942265197795409;0.8332970607361458;0.7616632397656613;0.12351172677717735;0.11290056281385842;1.0968497344983577;9.99844685591925;0.8335261691432042;1.0972127819723576;1.0970202119964605;0.7597139023773898;-0.12579498088767208;0.7703506759410064
88.896929;1.0942227421583535;0.8332963341372894;0.761661712879774;0.12351199062930973;0.11290062966177238;1.096847116755992;9.998436558667454;0.8335260780168183;1.0972138287766242;1.0970214054818768;0.7597164226926496;-0.12579498111952955;0.7703559428048146
88.906929;1.0942189693001634;0.8332956887139226;0.7616603183102197;0.12351223777574143;0.11290069976968481;1.096844544186891;9.998426660380522;0.8335260411320305;1.0972148634813004;1.0970225343272408;0.759718952746671;-0.12579498132349118;0.7703611016894318
88.916929;1.0942152028603578;0.8332951214191309;0.7616590592660196;0.12351246793697553;0.11290077294455562;1.0968420225451854;9.998417093183246;0.8335260589904955;1.0972158739913305;1.0970235970590516;0.759721490835881;-0.12579498149911228;0.7703661552146185
88.926929;1.0942114442061888;0.8332946303798646;0.7616579389021221;0.1235126809692137;0.11290084883286271;1.0968395579019878;9.99840780219903;0.8335261322629317;1.0972168484317515;1.0970245945066448;0.7597240351975527;-0.12579498164587685;0.7703711045838013
88.936929;1.0942076941809658;0.833294213738275;0.7616569607013116;0.12351287694950207;0.11290092693331934;1.0968371560024794;9.998398733369665;0.8335262613609496;1.0972177757476451;1.097025528471835;0.7597265824256516;-0.12579498176351148;0.7703759486564073
88.946929;1.0942039514313215;0.8332938680760857;0.7616561287811826;0.12351305613662093;0.11290100679172145;1.0968348224000208;9.998389822376671;0.8335264459905869;1.0972186450628454;1.0970264022532734;0.7597291261295349;-0.1257949818525859;0.7703806841377815
88.956929;1.0942002108519258;0.8332935880280301;0.7616554478086943;0.12351321890064924;0.11290108818494644;1.0968325620613;9.998380985260036;0.8335266855507135;1.0972194465305176;1.0970272218907668;0.7597316572277318;-0.12579498191446797;0.7703853064502436
88.966929;1.0941964647159974;0.8332933672139847;0.7616549220822836;0.12351336572243014;0.11290117108802142;1.0968303787687503;9.998372111194564;0.8335269796440391;1.097220174277574;1.0970279962533271;0.7597341657329192;-0.1257949819511881;0.7703898107188031
88.976929;1.0941927050560962;0.8332931991259381;0.7616545544347023;0.12351349712225357;0.11290125550034105;1.096828274514955;9.998363055957244;0.8335273283798152;1.0972208276553053;1.0970287358402535;0.7597366421065039;-0.12579498196561986;0.7703941927553895
88.986929;1.0941889245388177;0.8332930770626734;0.7616543460427208;0.12351361356872322;0.11290134131754752;1.0968262496757288;9.998353650445488;0.8335277330572861;1.0972214095642077;1.097029450996772;0.7597390772266766;-0.1257949819613271;0.7703984494416082
88.996929;1.0941851167067644;0.8332929929422512;0.7616542969569998;0.12351371554317647;0.11290142828342309;1.096824304270624;9.998343730870388;0.8335281961398557;1.0972219239541807;1.0970301501304958;0.7597414627693538;-0.12579498194204589;0.7704025781521875
89.006929;1.094181276671526;0.8332929365605429;0.761654406438887;0.12351380370422528;0.11290151604394702;1.096822438294486;9.998333164828178;0.8335287203014342;1.0972223739203155;1.0970308391314338;0.7597437933158042;-0.12579498191105243;0.7704065757930021
89.016929;1.0941774014099865;0.8332928972763761;0.76165467280003;0.12351387895857797;0.11290160437055183;1.0968206505650564;9.998321853030898;0.8335293086851272;1.0972227613306318;1.0970315225595466;0.7597460679691425;-0.12579498187076837;0.7704104383134154
89.026929;1.094173488857533;0.8332928661513155;0.7616550934839555;0.1235139424088485;0.11290169339805038;1.0968189379457058;9.998309716354434;0.8335299660155818;1.0972230871537854;1.097032205057578;0.7597482891872434;-0.12579498182292928;0.7704141607339233
89.036929;1.0941695362776431;0.83329283561156;0.7616556655767361;0.12351399525125288;0.11290178358841585;1.0968172955729523;9.998296681388723;0.8335306980821737;1.0972233508713074;1.0970328917075691;0.75975046012741;-0.1257949817686236;0.7704177376203654
89.046929;1.0941655397413497;0.8332927980062518;0.7616563864564939;0.12351403865539257;0.11290187552118688;1.09681571752882;9.998282666921922;0.8335315099646449;1.0972235496126281;1.0970335875081632;0.7597525829330838;-0.12579498170799647;0.7704211638937278
89.056929;1.0941614953674494;0.8332927452467989;0.761657254887763;0.12351407368668169;0.11290196981698035;1.0968141979004415;9.998267574785702;0.8335324047022918;1.0972236778436824;1.0970342963807285;0.7597546581736374;-0.12579498164055442;0.7704244352819565
89.066929;1.0941574006840566;0.8332926693089149;0.7616582716918265;0.12351410124240207;0.11290206712894675;1.0968127319588976;9.998251291553315;0.8335333825795714;1.0972237276169468;1.0970350208427173;0.7597566840809322;-0.12579498156586158;0.7704275484364628
89.076929;1.0941532551792177;0.8332925626819523;0.7616594389143236;0.123514121942557;0.11290216799737965;1.0968113166644662;9.99823369991534;0.8335344412637671;1.0972236893401022;1.097035762793333;0.7597586560654375;-0.12579498148366136;0.7704305011797866
89.086929;1.0941490606360615;0.8332924181926297;0.7616607584154799;0.12351413611229871;0.11290227262825946;1.0968099507461486;9.998214687566445;0.83353557694634;1.0972235529766825;1.0970365242020739;0.7597605682594087;-0.1257949813935721;0.7704332927294401
89.096929;1.0941448206295423;0.8332922287013197;0.7616622310336573;0.1235141440172082;0.11290238076272974;1.0968086351805009;9.99819415463105;0.8335367853930866;1.0972233098498079;1.097037307576346;0.75976241602192;-0.12579498129500472;0.7704359234458676
89.106929;1.0941405387870489;0.833291987170308;0.7616638566059579;0.12351414615469906;0.11290249168806511;1.0968073732212835;9.99817203224868;0.8335380623625976;1.097222954027398;1.0970381166558505;0.7597641968830934;-0.1257949811873252;0.7704383937873388
89.116929;1.0941362180155325;0.8332916865776302;0.7616656344563899;0.12351414329294444;0.1129026043995249;1.0968061694104498;9.998148298118304;0.8335394035225897;1.0972224818609226;1.0970389563506735;0.7597659095691908;-0.1257949810699817;0.7704407036247082
89.126929;1.0941318618034432;0.8332913200553412;0.761667563457715;0.12351413635750298;0.11290271778011728;1.096805029054599;9.998122967946045;0.8335408041999721;1.0972218905237785;1.0970398314237346;0.7597675529551006;-0.12579498094246064;0.7704428535201352
89.136929;1.094127475906738;0.8332908818464394;0.7616696417497099;0.123514126362044;0.11290283059875494;1.0968039583203013;9.998096073581745;0.8335422595265131;1.0972211773537563;1.097040745174965;0.7597691264134295;-0.12579498080425594;0.7704448463354006
89.146929;1.0941230687486136;0.83329036822039;0.7616718665585238;0.12351411433644245;0.11290294146623235;1.0968029642137942;9.998067649861776;0.8335437646523434;1.0972203405122187;1.0970416988308072;0.7597706304934889;-0.12579498065532463;0.7704466867586542
89.156929;1.0941186500412696;0.8332897776396962;0.7616742340746487;0.12351410117946784;0.11290304893325004;1.0968020552010185;9.998037732094105;0.833545314906911;1.097219379770062;1.0970426909258713;0.7597720666185077;-0.12579498049665197;0.7704483796354437
89.166929;1.094114228692802;0.8332891104428417;0.7616767397306121;0.12351408752538537;0.11290315161659277;1.0968012416866824;9.998006354785865;0.8335469057436624;1.0972182959182402;1.0970437169744343;0.7597734365013666;-0.12579498033009556;0.7704499287723883
89.176929;1.0941098119936068;0.8332883688123036;0.7616793789577757;0.12351407376928422;0.11290324829148247;1.096800534991189;9.997973553051956;0.8335485318793131;1.0972170899529856;1.0970447704034951;0.7597747422547559;-0.12579498015802612;0.7704513366482347
89.186929;1.0941054065342208;0.833287557153242;0.7616821482830219;0.12351406013989859;0.11290333804506185;1.0967999463627964;9.997939370005469;0.8335501864745868;1.0972157635367794;1.0970458443135211;0.7597759870008739;-0.12579497998320244;0.7704526050699511
89.196929;1.094101019466749;0.8332866813953251;0.7616850460452999;0.1235140466670172;0.11290342041918269;1.0967994873878635;9.997903864708011;0.83355186105073;1.097214319195432;1.0970469329315373;0.7597771751047777;-0.12579497980826132;0.7704537359920236
89.206929;1.0940966591019987;0.8332857471035889;0.761688071437392;0.12351403319928916;0.11290349535559473;1.096799170932308;9.99786711354418;0.8335535457464281;1.097212759771455;1.0970480320639204;0.7597783117650108;-0.1257949796349817;0.7704547310982068
89.216929;1.094092335232728;0.8332847583297892;0.7616912225339759;0.12351401949815242;0.11290356305124447;1.096799011029791;9.997829203012897;0.8335552302376549;1.0972110882306523;1.0970491391705404;0.7597794030345052;-0.12579497946410068;0.7704555904843573
89.226929;1.0940880591709528;0.8332837177232659;0.7616944950428105;0.12351400525738508;0.11290362389572683;1.0967990210900975;9.997790223868002;0.8335569053144943;1.0972093068690245;1.0970502533361945;0.7597804568613831;-0.12579497929586367;0.7704563128606682
89.236929;1.0940838429624227;0.8332826270752695;0.7616978821762668;0.12351399017801694;0.11290367833342221;1.0967992124695363;9.997750274522426;0.8335585638044349;1.0972074159973713;1.097051373646298;0.7597814835263862;-0.12579497913067608;0.7704568975733861
89.246929;1.094079698360583;0.833281487450564;0.7617013750954443;0.12351397412991796;0.11290372668444892;1.09679959497183;9.997709464555099;0.8335602003932456;1.0972054144164012;1.097052496648641;0.7597824943982919;-0.12579497896894568;0.7704573456419217
89.256929;1.0940756358635573;0.8332802989522263;0.7617049633092436;0.12351395718927989;0.11290376921503963;1.0968001776163985;9.997667909046017;0.8335618108724071;1.0972033011770324;1.0970536157342763;0.7597835005865211;-0.12579497881043908;0.7704576589671092
89.266929;1.0940716638037526;0.8332790609425309;0.7617086349551773;0.12351393959101936;0.11290380630349384;1.0968009680673814;9.997625719440924;0.8335633911072845;1.0972010763195286;1.097054722427629;0.7597845127750223;-0.12579497865427355;0.7704578394012734
89.276929;1.094067788473572;0.8332777722194326;0.7617123775961953;0.12351392172037996;0.11290383838982238;1.0968019711890724;9.997583001200056;0.8335649366202832;1.0971987409036863;1.097055807972357;0.7597855418914019;-0.125794978499664;0.7704578884890554
89.286929;1.0940640151027614;0.8332764306999154;0.7617161796022873;0.12351390409020473;0.11290386581339423;1.0968031881739135;9.997539856927833;0.8335664429361038;1.0971962974775291;1.0970568645638807;0.7597865998839974;-0.12579497834669226;0.7704578073812187
89.296929;1.0940603478424116;0.8332750342921887;0.7617200307811685;0.12351388719628237;0.1129038887671242;1.0968046168542152;9.997496386439549;0.8335679055095029;1.0971937504405835;1.0970578854655937;0.7597876996500165;-0.12579497819658242;0.7704575962979939
89.306929;1.094056788801875;0.8332735835842902;0.7617239216605386;0.12351387128742754;0.11290390735976662;1.0968062523575075;9.99745267736661;0.833569319567096;1.0971911052426597;1.097058864684982;0.7597888540598154;-0.1257949780514573;0.7704572544915981
89.316929;1.0940533378904005;0.833272083894596;0.761727842634617;0.12351385632764462;0.11290392159522498;1.0968080874942727;9.997408790507471;0.8335706807357736;1.0971883675071075;1.0970597979693018;0.7597900751133704;-0.125794977913799;0.7704567818732977
89.326929;1.0940499932151293;0.833270544405309;0.7617317837125199;0.12351384219100157;0.11290393125561025;1.0968101133947838;9.997364759974964;0.8335719857673612;1.0971855438323874;1.097060684804366;0.7597913739831146;-0.12579497778593351;0.7704561803853816
89.336929;1.0940467506986564;0.833268974966636;0.7617357346567183;0.12351382876745057;0.11290393594602496;1.0968123202100428;9.997320609653858;0.8335732325660061;1.0971826430150313;1.0970615296778903;0.759792761584121;-0.12579497766983627;0.7704554531175326
89.346929;1.0940436030403553;0.8332673840196378;0.7617396854809745;0.12351381590665439;0.11290393531719581;1.096814697067264;9.997276365693908;0.833574419814912;1.09717967617485;1.0970623416669185;0.7597942479417072;-0.12579497756722446;0.7704546029956018
89.356929;1.09404053916996;0.8332657796745032;0.7617436271646056;0.12351380339719739;0.11290392921362209;1.096817232486021;9.99723206475826;0.8335755468368516;1.0971766562152923;1.0970631330438685;0.7597958401450309;-0.1257949774795534;0.7704536326443043
89.366929;1.094037545379862;0.8332641710138831;0.7617475519781998;0.12351379103142203;0.11290391773577016;1.0968199161874428;9.997187761739529;0.8335766130127804;1.097173596341591;1.097063917323325;0.7597975414956988;-0.12579497740781537;0.7704525440475508
89.376929;1.0940346077382146;0.8332625673752454;0.7617514531416696;0.1235137786485002;0.11290390128147873;1.096822740063546;9.997143525711168;0.8335776161163831;1.097170507770957;1.0970647069324064;0.7597993529325553;-0.12579497735250283;0.7704513377044664
89.386929;1.0940317135735609;0.8332609773605896;0.7617553244018643;0.12351376610642116;0.1129038804689918;1.0968256972499453;9.997099422593516;0.8335785511872366;1.0971673985645352;1.0970655119681754;0.7598012745455333;-0.12579497731372233;0.770450012711528
89.396929;1.094028851754583;0.833259408922918;0.7617591599085215;0.12351375324929921;0.11290385598045431;1.0968287816773397;9.997055500277781;0.8335794112295659;1.0971642737168357;1.0970663400660636;0.7598033057125381;-0.1257949772911888;0.7704485679755737
89.406929;1.094026013456988;0.8332578698178648;0.7617629542822068;0.1235137399249944;0.1129038285611823;1.0968319887353322;9.99701179092739;0.8335801885422107;1.0971611345287828;1.097067196446862;0.7598054449288527;-0.12579497728417682;0.7704470037372037
89.416929;1.0940231927555748;0.8332563672914135;0.7617667028789354;0.12351372599377736;0.11290379921110567;1.0968353154192003;9.996968323790368;0.8335808752508591;1.0971579774087046;1.0970680844548846;0.7598076900289675;-0.12579497729154657;0.7704453221163476
89.426929;1.0940203859470055;0.8332549076505986;0.761770402275426;0.12351371125700739;0.11290376916898105;1.0968387598352567;9.996925129286849;0.8335814635452574;1.0971547946741873;1.0970690056504655;0.7598100381607793;-0.1257949773120239;0.7704435258845985
89.436929;1.0940175910333725;0.8332534970860218;0.76177405065745;0.123513695380213;0.11290373952388086;1.0968423202292807;9.996882231568575;0.8335819464664549;1.0971515779022512;1.0970699584519539;0.7598124854763065;-0.1257949773447356;0.7704416173973426
89.446929;1.094014807592094;0.8332521425988481;0.7617776470196367;0.12351367792336894;0.11290371098686304;1.0968459935663784;9.99683964277952;0.8335823185353407;1.0971483212935966;1.0970709372858873;0.7598150270114318;-0.12579497738954176;0.7704395993401345
89.456929;1.0940120351681852;0.8332508516280442;0.7617811892442253;0.12351365841383467;0.112903684088201;1.0968497751096111;9.996797359294535;0.8335825760215497;1.0971450233584157;1.097071933414214;0.7598176565219331;-0.12579497744694054;0.7704374751800799
89.466929;1.0940092713104412;0.8332496309880199;0.7617846731399781;0.12351363641346512;0.11290365939700137;1.0968536595292164;9.996755355945469;0.833582717978055;1.0971416863833918;1.097072936365542;0.7598203661179312;-0.12579497751765745;0.7704352479577201
89.476929;1.0940065122914773;0.833248486184298;0.7617880932513286;0.1235136116899204;0.1129036375754752;1.0968576413799298;9.996713594160648;0.8335827473454811;1.0971383137892334;1.0970739355857346;0.7598231462934023;-0.12579497760215694;0.770432919930733
89.486929;1.0940037548935448;0.8332474219509924;0.7617914442508472;0.12351358438536965;0.11290361940633956;1.0968617141506403;9.996672045170556;0.8335826697616948;1.0971349078628598;1.0970749215081628;0.7598259868072452;-0.12579497770069709;0.7704304944226689
89.496929;1.0940009963944137;0.8332464432093247;0.7617947220794128;0.12351355499662973;0.11290360574634968;1.0968658692848556;9.99663070272881;0.8335824906166628;1.0971314698604189;1.0970758855233664;0.7598288778675749;-0.12579497781382315;0.7704279771771467
89.506929;1.0939982341657843;0.8332455546583893;0.7617979244347393;0.12351352433488313;0.11290359733869003;1.0968700951552885;9.996589580541702;0.8335822134549538;1.097128001484253;1.0970768197811593;0.7598318103670625;-0.12579497794249758;0.7704253753122466
89.516929;1.0939954658107915;0.8332447594594267;0.761801050046292;0.1235134935991987;0.11290359465906333;1.0968743774173106;9.9965487130478;0.8335818405071074;1.0971245057377221;1.097077716638539;0.7598347751481634;-0.12579497808813958;0.7704226962059418
89.526929;1.0939926892483196;0.8332440588616603;0.7618040975208132;0.12351346433238922;0.11290359793796734;1.0968787020741633;9.996508162007506;0.8335813737327755;1.097120986741331;1.0970785682621622;0.7598377626713423;-0.12579497825292954;0.7704199480840094
89.536929;1.0939899037505871;0.8332434531723856;0.7618070651699665;0.12351343819320056;0.11290360721871567;1.0968830574180273;9.996468015086315;0.8335808158467529;1.0971174493136369;1.0970793682145308;0.7598407629255443;-0.12579497843968743;0.7704171402631353
89.546929;1.093987111030365;0.8332429430725262;0.7618099511500083;0.12351341681784427;0.11290362227722801;1.0968874328547793;9.996428369813314;0.8335801717971952;1.097113898338851;1.0970801135083479;0.7598437649191272;-0.12579497865137718;0.7704142821559389
89.556929;1.0939843144365262;0.8332425301151052;0.7618127530050776;0.12351340179169044;0.1129036424952593;1.0968918178362137;9.996389313916337;0.8335794495810948;1.0971103379252558;1.0970808041781333;0.7598467571565611;-0.12579497889095256;0.7704113828006031
89.566929;1.0939815184524615;0.833242215981423;0.7618154678095381;0.12351339455894951;0.11290366685676186;1.0968962023564404;9.996350926505707;0.8335786591560478;1.0971067704502973;1.0970814413302428;0.7598497289631364;-0.12579497916145121;0.7704084511120137
89.576929;1.0939787296275987;0.8332420017671244;0.7618180936218797;0.12351339634405696;0.11290369408215938;1.0969005775291372;9.996313296682153;0.8335778107735405;1.09710319643609;1.0970820264403218;0.7598526707614245;-0.1257949794659909;0.7704054954606309
89.586929;1.0939759559417996;0.8332418883585916;0.7618206304100895;0.12351340819973838;0.11290372285886756;1.0969049353446427;9.996276529211114;0.8335769144169418;1.0970996166924172;1.0970825619594438;0.7598555743049509;-0.12579497980773002;0.7704025225578375
89.596929;1.0939732047286335;0.8332418769530131;0.7618230791993444;0.12351343110439118;0.11290375212727384;1.0969092682052586;9.996240736521118;0.8335759802929091;1.0970960347124936;1.0970830512999161;0.7598584338625836;-0.12579498018994867;0.7703995369345713
89.606929;1.093970482399448;0.8332419693985734;0.7618254414563675;0.12351346593958983;0.11290378129390848;1.096913569240091;9.996206033537412;0.8335750198600093;1.0970924570116027;1.0970834978984882;0.7598612463228926;-0.12579498061596864;0.7703965413657301
89.616929;1.0939677960063514;0.8332421686899514;0.7618277200977832;0.1235135133223111;0.11290381021719395;1.0969178332762235;9.996172530867051;0.8335740464250441;1.0970888922622624;1.0970839050179817;0.7598640094824279;-0.12579498108853931;0.7703935371520082
89.626929;1.0939651541979967;0.8332424782671047;0.761829920116645;0.12351357347267411;0.1129038390127826;1.0969220575133314;9.996140316612001;0.8335730741022739;1.0970853499319266;1.0970842765215272;0.7598667204712103;-0.12579498160917366;0.7703905237579601
89.636929;1.0939625668544186;0.8332428998639407;0.761832047583555;0.12351364624311398;0.11290386788367314;1.0969262407468607;9.996109442539163;0.8335721158958256;1.0970818389928458;1.0970846165950208;0.7598693759636201;-0.12579498217794677;0.7703874991626719
89.646929;1.0939600440215147;0.833243432783161;0.7618341083763527;0.12351373127496958;0.11290389706378057;1.0969303808971884;9.996079934814677;0.8335711824525697;1.0970783674611286;1.0970849279750154;0.759871973330449;-0.1257949827935577;0.7703844614150611
89.656929;1.0939575946619196;0.8332440756230374;0.7618361073761805;0.12351382814290854;0.11290392684122626;1.0969344733815822;9.996051818972747;0.8335702814733023;1.0970749418630148;1.0970852116860002;0.759874510547329;-0.12579498345348575;0.7703814094879409
89.666929;1.0939552260971754;0.8332448278233042;0.7618380479430241;0.12351393638983983;0.11290395758861099;1.096938511947116;9.99602514467432;0.8335694173308039;1.0970715665212736;1.097085469866523;0.7598769850915412;-0.12579498415409102;0.7703783427782729
89.676929;1.0939529436839426;0.8332456900174524;0.7618399321130205;0.12351405551907363;0.11290398970642482;1.096942489872729;9.996000002683163;0.8335685913106592;1.0970682447911162;1.097085708537507;0.7598793936023699;-0.12579498489084867;0.7703752608933048
89.686929;1.0939507499675822;0.8332466641630918;0.7618417616501371;0.12351418502955909;0.11290402348495916;1.0969464006172376;9.99597652274948;0.8335678030335929;1.0970649815132234;1.0970859375638453;0.7598817321563248;-0.12579498565915156;0.7703721641956613
89.696929;1.0939486453400808;0.8332477534930012;0.7618435390780369;0.12351432451962685;0.11290405896086508;1.0969502385123637;9.995954856032181;0.833567052253433;1.0970617827372602;1.0970861686755211;0.7598839965537956;-0.12579498645520687;0.7703690537809924
89.706929;1.0939466304875938;0.8332489622292343;0.7618452677259923;0.12351447378283939;0.1129040958614907;1.096953998518809;9.995935157646462;0.8335663396215638;1.0970586528637458;1.0970864130411375;0.7598861829223297;-0.12579498727622332;0.7703659304037507
89.716929;1.0939447070490655;0.833250294590612;0.7618469509845394;0.12351463276486566;0.11290413372590116;1.0969576757292163;9.995917577974579;0.8335656665537221;1.0970555929182138;1.0970866794180982;0.7598882881041052;-0.12579498812006665;0.7703627934938848
89.726929;1.0939428758767058;0.8332517530813547;0.7618485919123356;0.12351480137842315;0.11290417207290102;1.0969612664427182;9.995902257184742;0.8335650350821094;1.097052600600039;1.0970869736149094;0.7598903093739382;-0.12579498898506006;0.7703596415529954
89.736929;1.0939411357966082;0.8332533381488506;0.7618501934283526;0.12351497938241099;0.11290421039973209;1.0969647686808504;9.995889314838337;0.8335644473980167;1.0970496706696329;1.097087299153243;0.759892244036547;-0.12579498986996956;0.7703564733433085
89.746929;1.0939394833661713;0.8332550495700942;0.7618517584316498;0.12351516655876836;0.11290424806290225;1.096968180527731;9.995878836587659;0.8335639050154005;1.0970467957976535;1.0970876584766223;0.7598940891004626;-0.12579499077382175;0.7703532879134383
89.756929;1.093937912475701;0.8332568873206517;0.761853289646469;0.12351536296958943;0.11290428425098305;1.0969714990374806;9.995870868262138;0.8335634088182704;1.0970439682553184;1.0970880537282042;0.7598958412813142;-0.12579499169564445;0.7703500839846671
89.766929;1.0939364145001331;0.833258851045743;0.7618547897878886;0.12351556886768313;0.11290431815344298;1.0969747204874993;9.995865423877632;0.8335629600612521;1.097041181251251;1.0970884871603364;0.759897497503597;-0.12579499263442978;0.7703468604126221
89.776929;1.0939349799532425;0.8332609385160382;0.7618562625088315;0.12351578443544632;0.11290434920496614;1.0969778410206223;9.995862491775256;0.8335625612474173;1.0970384290630275;1.0970889619106319;0.7598990554861846;-0.12579499358918583;0.7703436169240881
89.786929;1.093933600862018;0.8332631443232893;0.7618577129394092;0.1235160097686471;0.11290437718147192;1.096980858423952;9.99586203050624;0.8335622162821203;1.0970357072880685;1.097089481875419;0.7599005144477038;-0.12579499455867538;0.7703403544244424
89.796929;1.0939322722056546;0.8332654609713016;0.7618591466195132;0.12351624496834464;0.11290440217685944;1.096983774193642;9.99586397093175;0.8335619293489855;1.0970330136289872;1.0970900497749925;0.7599018757632405;-0.12579499554098098;0.770337074979482
89.806929;1.093930991552703;0.8332678816137734;0.7618605678714471;0.12351649008121851;0.11290442458730607;1.0969865937740677;9.995868230482204;0.8335617034394918;1.0970303477616523;1.0970906655404487;0.7599031428311885;-0.12579499653349743;0.7703337807719717
89.816929;1.093929758293847;0.8332704008083434;0.7618619795757852;0.12351674504426606;0.11290444501818662;1.0969893243700277;9.995874735915526;0.833561540424948;1.0970277106419726;1.0970913264536433;0.7599043205405277;-0.12579499753334766;0.7703304729089995
89.826929;1.0939285737270485;0.8332730128784516;0.7618633847578272;0.1235170097507883;0.11290446410237058;1.0969919723045172;9.995883443088621;0.8335614422365428;1.097025104636921;1.0970920276413443;0.7599054152787884;-0.12579499853764192;0.7703271517124868
89.836929;1.0939274405628108;0.8332757113031547;0.7618647879297625;0.12351728410149088;0.11290448234780207;1.096994542857227;9.995894333345348;0.8335614117657576;1.097022533885803;1.0970927620062647;0.7599064348865643;-0.1257949995433194;0.770323817869715
89.846929;1.093926361698122;0.8332784899096342;0.7618661949870235;0.12351756803158455;0.1129045001168196;1.096997042004588;9.995907387364973;0.83356145336624;1.0970200035302506;1.0970935211965709;0.7599073877260815;-0.1257950005468918;0.7703204731678556
89.856929;1.0939253400041142;0.8332813436053068;0.7618676129050134;0.12351786158053578;0.11290451777745425;1.0969994772822698;9.995922558026388;0.833561572451986;1.0970175180450927;1.097094298321343;0.7599082818630299;-0.12579500154440063;0.7703171208436556
89.866929;1.0939243785287416;0.8332842682106757;0.7618690493243534;0.1235181649616687;0.11290453581059934;1.097001857133138;9.995939760702473;0.8335617739351722;1.0970150799853282;1.0970950894160703;0.7599091253784991;-0.1257950025316664;0.7703137655100469
89.876929;1.0939234803534685;0.8332872602631926;0.7618705113688613;0.12351847859032716;0.11290455473201969;1.0970041895780045;9.995958883553097;0.833562061412327;1.0970126893292422;1.097095892185542;0.7599099270266114;-0.12579500350478937;0.7703104123013005
89.886929;1.0939226484455606;0.8332903166735373;0.761872004670324;0.12351880303364837;0.11290457501714415;1.097006481016653;9.995979800696208;0.8335624381336845;1.0970103431147267;1.0970967046012003;0.7599106959475546;-0.12579500446044364;0.7703070661603871
89.896929;1.093921884775467;0.8332934340031501;0.7618735331498908;0.12351913884137693;0.11290459706888867;1.0970087357236205;9.996002373185672;0.8335629080040354;1.0970080364885515;1.0970975247728803;0.7599114404240822;-0.1257950053955763;0.7703037316569837
89.906929;1.093921189269424;0.8332966079350975;0.7618750987977481;0.12351948633147342;0.11290462115663039;1.0970109561369423;9.996026445628985;0.8335634749022194;1.0970057649260683;1.0970983513527606;0.7599121669497323;-0.1257950063069206;0.7703004125429469
89.916929;1.0939205593168237;0.8332998333206323;0.7618767018297524;0.12351984544461432;0.11290464743936704;1.0970131438066526;9.996051848596057;0.8335641410116598;1.097003524882211;1.0970991831641983;0.7599128801062512;-0.12579500719089326;0.7702971114604973
89.926929;1.0939199894064797;0.8333031044128634;0.7618783420783152;0.12352021568971486;0.11290467612206463;1.097015299527197;9.996078404807115;0.8335649062616112;1.0970013126521527;1.097100017841368;0.7599135829910784;-0.12579500804390076;0.7702938304710604
89.936929;1.0939194723504477;0.8333064153154272;0.7618800203624998;0.12352059624965227;0.11290470762003557;1.097017421732955;9.996105934635397;0.8335657692319439;1.0969991240848294;1.0971008514386709;0.7599142784599333;-0.12579500886253672;0.7702905718996604
89.946929;1.0939190017070486;0.8333097606889648;0.7618817383220958;0.123520986239747;0.11290474260781166;1.0970195062180537;9.996134259395994;0.8335667281355934;1.096996955701021;1.097101679544176;0.759914970646079;-0.12579500964329804;0.7702873389144113
89.956929;1.0939185727299245;0.8333131353600086;0.7618834971393754;0.12352138482521263;0.11290478198387571;1.097021549080218;9.996163207609774;0.8335677810228793;1.0969948052341105;1.0971024983911741;0.7599156656210375;-0.12579501038229932;0.7702841356505459
89.966929;1.093918182355417;0.8333165324334604;0.7618852967007577;0.12352179112469197;0.11290482681800892;1.097023549512857;9.996192621638453;0.8335689252553474;1.0969926707643323;1.0971033048665546;0.759916371042948;-0.12579501107564692;0.770280966697909
89.976929;1.0939178294195042;0.8333199422717957;0.7618871360859913;0.12352220420984265;0.11290487821891684;1.0970255098224542;9.996222357595563;0.8335701567106361;1.0969905500520456;1.0971040950176614;0.7599170951182213;-0.12579501172019555;0.770277836412666
89.986929;1.093917514793682;0.8333233537744406;0.7618890144137069;0.123522623195698;0.11290493720505061;1.0970274338569936;9.996252283349026;0.8335714692999335;1.0969884410143798;1.0971048626716915;0.7599178455445174;-0.12579501231381504;0.7702747484068642
89.996929;1.0939172413037863;0.8333267564479213;0.7618909313280723;0.1235230471506273;0.11290500475723413;1.0970293260173887;9.996282274067488;0.833572855483157;1.0969863421996517;1.0971056001877832;0.7599186293318722;-0.1257950128550444;0.7702717047318325
90.006929;1.0939170130816969;0.8333301417729136;0.7618928871876888;0.12352347493146622;0.11290508188887513;1.0970311923674294;9.996312202480809;0.8335743074268959;1.0969842526275388;1.0971063000059915;0.759919453005155;-0.12579501334292598;0.7702687051859771
90.016929;1.0939168345314367;0.8333335034846311;0.7618948818639523;0.12352390512665394;0.11290516951391881;1.0970330424101378;9.996341931105936;0.8335758175384748;1.0969821709709895;1.0971069546438292;0.7599203222394827;-0.12579501377728622;0.770265747308231
90.026929;1.093916709668285;0.8333368371481947;0.7618969123965027;0.12352433599352572;0.11290526828795215;1.0970348883398422;9.996371314419777;0.8335773787846615;1.0969800942914485;1.0971075557503855;0.7599212417155611;-0.12579501415877234;0.7702628268637982
90.036929;1.0939166425547138;0.8333401400346931;0.7618989721384545;0.12352476544926055;0.11290537858733966;1.0970367423344913;9.996400211843044;0.8335789855978998;1.0969780182528228;1.0971080946442429;0.7599222156791086;-0.12579501448834113;0.7702599389700737
90.046929;1.0939166385904093;0.8333434108400202;0.7619010521092215;0.12352519127246331;0.11290550046327255;1.0970386147650797;9.996428500113849;0.8335806340945071;1.096975939855383;1.0971085639606692;0.7599232477893939;-0.1257950147667042;0.7702570791974447
90.056929;1.0939167039253828;0.8333466486325357;0.7619031427688825;0.1235256112586756;0.11290563351826045;1.097040513501739;9.996456076902298;0.8335823203144694;1.0969738603912016;1.0971089574177417;0.7599243398958652;-0.12579501499426277;0.7702542436978735
90.066929;1.093916843004493;0.8333498518538688;0.7619052352658072;0.12352602316453071;0.11290577692240403;1.0970424435353598;9.99648285906545;0.8335840378698286;1.0969717856024235;1.0971092682859576;0.7599254913620883;-0.1257950151715223;0.7702514290316471
90.076929;1.0939170583180364;0.8333530176180264;0.7619073221044752;0.12352642469443686;0.11290592969136201;1.0970444069062344;9.996508773579258;0.8335857777052659;1.096969723021306;1.0971094897658142;0.7599266993706105;-0.12579501529955175;0.7702486323017851
90.086929;1.0939173519440768;0.8333561415852344;0.7619093968392123;0.12352681357903024;0.112906090989078;1.097046402296743;9.996533741825875;0.8335875295826286;1.096967679192987;1.0971096176817279;0.7599279593110635;-0.12579501537994733;0.7702458511233098
90.096929;1.0939177262566941;0.8333592183641172;0.7619114531690513;0.12352718762771024;0.11290626008229697;1.0970484246258083;9.996557673398703;0.833589282930773;1.0969656579302938;1.0971096532168965;0.7599292649683992;-0.12579501541419588;0.7702430834345193
90.106929;1.0939181850557842;0.8333622416120559;0.7619134851253495;0.12352754479541636;0.11290643605908424;1.0970504661307632;9.996580478281755;0.8335910275178531;1.0969636585271836;1.0971096028989291;0.7599306087690704;-0.12579501540319377;0.7702403273829466
90.116929;1.0939187349167931;0.8333652042307051;0.7619154886303632;0.12352788319281685;0.11290661779512612;1.0970525184326263;9.996602083266067;0.8335927551291021;1.0969616741883694;1.0971094762900235;0.7599319824180584;-0.1257950153473705;0.7702375808873317
90.126929;1.0939193844072266;0.8333680985461549;0.7619174619548965;0.12352820100227417;0.11290680421213498;1.0970545735024757;9.996622437951597;0.8335944609907502;1.0969596928614445;1.0971092842579557;0.7599333778571246;-0.12579501524700618;0.7702348412239558
90.136929;1.0939201419327165;0.8333709154515521;0.761919404455316;0.12352849649502781;0.11290699442399225;1.0970566228547123;9.9966415128084;0.8335961440426046;1.0969577006017894;1.0971090373697492;0.759934788220943;-0.12579501510258148;0.770232105214092
90.146929;1.0939210141258797;0.8333736433543711;0.7619213160274453;0.12352876821334537;0.1129071876110806;1.0970586564274147;9.996659299847057;0.8335978066818776;1.0969556844439152;1.0971087437160472;0.759936208042549;-0.12579501491508388;0.7702293695852838
90.156929;1.0939220045992497;0.8333762683769101;0.7619231976690725;0.1235290151078182;0.11290738286329918;1.0970606628438981;9.99667581907722;0.8335994536750131;1.0969536327428309;1.0971084082241687;0.7599376325415459;-0.12579501468597015;0.7702266316157207
90.166929;1.0939231132002145;0.8333787762295154;0.7619250514318973;0.12352923647497795;0.11290757922227868;1.0970626309043459;9.996691121057065;0.8336010904991921;1.0969515335477966;1.097108033170131;0.7599390573045477;-0.1257950144169043;0.7702238897908991
90.176929;1.0939243368313236;0.8333811552164393;0.7619268792515528;0.12352943182885287;0.11290777586313447;1.0970645510869772;9.99670528141918;0.8336027226168039;1.0969493730841031;1.0971076182329942;0.7599404781427731;-0.12579501410961003;0.7702211435902512
90.186929;1.0939256708152507;0.8333833979893894;0.7619286818122115;0.12352960083806867;0.11290797218492375;1.0970664161545784;9.996718395827093;0.8336043554237144;1.0969471358278868;1.0971071612774221;0.7599418902975259;-0.12579501376595326;0.7702183932800142
90.196929;1.0939271096049745;0.8333855005816221;0.7619304585330725;0.12352974328805573;0.11290816775749841;1.0970682204525606;9.996730572476613;0.8336059938867073;1.0969448053848356;1.0971066604418558;0.7599432886180675;-0.1257950133881539;0.7702156404085988
90.206929;1.0939286471842224;0.8333874606476668;0.7619322078424476;0.12352985905525242;0.11290836219860467;1.097069958903853;9.996741917537417;0.8336076415834137;1.0969423655182164;1.0971061147618297;0.7599446691409197;-0.12579501297871493;0.770212887838169
90.216929;1.0939302763517003;0.8333892764507328;0.7619339273677639;0.1235299481049869;0.11290855502818742;1.0970716268604135;9.996752528173529;0.833609299451446;1.0969398018103764;1.0971055228531117;0.7599460295676227;-0.125795012539894;0.7702101386416803
90.226929;1.093931987660481;0.8333909464551753;0.761935614926605;0.12353001046200246;0.11290874563817345;1.0970732204489977;9.99676249571729;0.8336109655820327;1.0969371033135153;1.0971048831431927;0.7599473678747313;-0.12579501207308866;0.7702073954180205
90.236929;1.0939337703454046;0.8333924696232781;0.7619372693654277;0.12353004612277474;0.11290893336629385;1.0970747365392153;9.996771906325337;0.8336126361620614;1.0969342631553465;1.0971041958808379;0.7599486808904928;-0.12579501157846915;0.7702046615764624
90.246929;1.0939356130800348;0.8333938464807922;0.761938890336859;0.12353005504478144;0.11290911751324975;1.0970761719115585;9.996780842476344;0.8336143062972198;1.0969312781592035;1.0971034641096618;0.7599499639189335;-0.12579501105506205;0.7702019428532532
90.256929;1.0939375025141753;0.8333950804234921;0.7619404780565339;0.12353003731326079;0.11290929737347637;1.0970775227283278;9.996789380191572;0.8336159705731403;1.0969281475002834;1.0971026938796595;0.7599512114943443;-0.1257950105013976;0.7701992467050424
90.266929;1.0939394227685353;0.8333961777344804;0.7619420337012861;0.1235299932755514;0.11290947235375137;1.0970787853358628;9.996797569973538;0.8336176236965938;1.0969248708209338;1.097101894175036;0.7599524190431284;-0.12579500991641798;0.770196580205008
90.276929;1.0939413577368342;0.8333971460522034;0.7619435596146755;0.12352992347234057;0.1129096420333797;1.0970799566295593;9.996805426464036;0.8336192610163967;1.0969214468411728;1.0971010745974872;0.7599535838415374;-0.12579500929991744;0.7701939483270731
90.286929;1.0939432937262508;0.8333979935915047;0.761945058094874;0.1235298284915588;0.1129098061172116;1.0970810325454774;9.996812957482705;0.8336208786332288;1.096917872972432;1.0971002423903549;0.7599547037526219;-0.12579500865214857;0.7701913538607585
90.296929;1.093945220397368;0.8333987294736789;0.7619465297617547;0.12352970888664314;0.11290996436978454;1.0970820074001901;9.99682021203439;0.8336224733912124;1.096914145962876;1.0970994029411938;0.7599557752597446;-0.1257950079732355;0.7701887986179415
90.306929;1.0939471304272967;0.8333993634859894;0.761947974153948;0.12352956525610777;0.11291011651744354;1.0970828758971087;9.996827291492245;0.8336240434178416;1.0969102627772533;1.0970985627871572;0.7599567932640047;-0.12579500726307488;0.7701862840178694
90.316929;1.0939490187354306;0.8333999052230038;0.7619493921013535;0.12352939840338459;0.11291026210916746;1.0970836344787722;9.996834312123466;0.8336255889080492;1.0969062215086387;1.0970977311345;0.7599577525038036;-0.12579500652150338;0.7701838103262717
90.326929;1.0939508814336731;0.8334003629293583;0.7619507864947094;0.12352920924684886;0.11291040044591696;1.0970842800993261;9.996841368540771;0.8336271121192659;1.096902022862364;1.0970969185430828;0.7599586491169339;-0.12579500574856625;0.7701813760012881
90.336929;1.093952714668179;0.833400742793525;0.7619521606448362;0.12352899854813465;0.11291053068198711;1.097084808475254;9.996848523749588;0.8336286164297041;1.0968976708264335;1.0970961344899397;0.7599594813487917;-0.1257950049451105;0.7701789779067459
90.346929;1.0939545137862927;0.8334010495081849;0.7619535164853997;0.12352876687369155;0.11291065207267889;1.0970852136891929;9.996855808303522;0.8336301051260683;1.0968931709463157;1.0970953860057533;0.7599602491252537;-0.12579500411321115;0.7701766116033374
90.356929;1.0939562732945594;0.8334012864441078;0.7619548542614455;0.12352851477875577;0.11291076415170515;1.0970854898494413;9.996863221448937;0.8336315800670676;1.0968885275562887;1.0970946777223392;0.7599609534614963;-0.12579500325570603;0.7701742716692415
90.366929;1.0939579881651242;0.8334014551788201;0.7619561736023006;0.12352824293339681;0.11291086666169838;1.097085633821776;9.99687073792181;0.8336330403433109;1.0968837430648783;1.0970940134170795;0.7599615965244456;-0.12579500237526997;0.7701719528411173
90.376929;1.0939596562163691;0.8334015560497862;0.7619574739748781;0.12352795215857522;0.11291095937110547;1.0970856462337388;9.996878316636618;0.8336344816626672;1.0968788197287747;1.0970933984611178;0.7599621818255786;-0.12579500147387807;0.770169651498363
90.386929;1.0939612800312113;0.8334015888517277;0.7619587533688585;0.12352764347942541;0.11291104197244678;1.0970855299287035;9.996885911442025;0.8336358969190193;1.0968737609123593;1.097092840289921;0.7599627142830416;-0.12579500055295276;0.7701673657680062
90.396929;1.0939628667375305;0.8334015529801215;0.7619600076001249;0.12352731808131469;0.11291111404630319;1.0970852883911315;9.996893483829687;0.833637277901886;1.0968685704515;1.0970923459694764;0.7599632005078927;-0.1257949996140684;0.7701650943353734
90.406929;1.0939644252946623;0.8334014482445411;0.7619612314697802;0.12352697711997071;0.11291117505357699;1.0970849251456254;9.996901007909084;0.8336386167174787;1.0968632515542236;1.0970919196178743;0.7599636486342868;-0.12579499865938532;0.7701628360287361
90.416929;1.0939659640189812;0.8334012760210467;0.7619624196844343;0.12352662163435202;0.11291122445759443;1.0970844431051558;9.99690847140861;0.833639905244249;1.0968578064815613;1.0970915614425816;0.7599640670437899;-0.1257949976912168;0.770160590367072
90.426929;1.0939674910514376;0.833401039478781;0.761963566470438;0.12352625258230801;0.1129112619628656;1.0970838442522708;9.996915878694212;0.8336411339504691;1.0968522371728446;1.0970912678453646;0.7599644633634937;-0.12579499671134217;0.7701583577810152
90.436929;1.0939690156120467;0.8334007430165392;0.7619646648512781;0.12352587088411895;0.1129112875426758;1.0970831299795702;9.996923242893352;0.8336422917823427;1.0968465459529302;1.0970910326352894;0.7599648445543593;-0.12579499572072142;0.7701561397970941
90.446929;1.0939705469245316;0.8334003911029255;0.7619657065858881;0.12352547751032873;0.11291130112745545;1.0970823012150044;9.996930572387544;0.8336433660644654;1.0968407349713625;1.0970908490597615;0.759965217169596;-0.1257949947198134;0.7701539395951358
90.456929;1.093972092101592;0.8333999869917667;0.7619666831931461;0.12352507358253759;0.112911302372764;1.0970813591707516;9.996937869211488;0.8336443422066606;1.096834805418395;1.0970907108773518;0.7599655877611109;-0.12579499370930208;0.770151761575723
90.466929;1.0939736548519527;0.8333995327584878;0.7619675876577866;0.12352466049525158;0.11291129070733304;1.0970803076536855;9.996945130698695;0.8336452048208122;1.0968287589742294;1.0970906124423292;0.7599659635429602;-0.12579499269042044;0.7701496095424317
90.476929;1.093975234682896;0.8333990301475878;0.7619684157924868;0.12352424000576842;0.11291126541756961;1.0970791540445353;9.996952342863342;0.8336459395635278;1.0968226000731414;1.0970905492994265;0.7599663528377816;-0.12579499166464342;0.7701474856283218
90.486929;1.0939768277269235;0.8333984806699057;0.7619691665555751;0.1235238141265418;0.1129112257246773;1.0970779073164756;9.996959475510097;0.8336465340456304;1.0968163362626975;1.0970905186529831;0.7599667653341323;-0.12579499063353478;0.770145390942906
90.496929;1.0939784293078154;0.8333978854289934;0.7619698410333614;0.12352338496935338;0.11291117088120052;1.0970765759741854;9.996966492928038;0.8336469785268009;1.0968099771817876;1.0970905183055872;0.7599672114038376;-0.12579498959903074;0.7701433262410142
90.506929;1.093980035536962;0.8333972452722492;0.7619704402296535;0.12352295465622337;0.1129111001923059;1.0970751681103774;9.996973372871317;0.8336472667503162;1.0968035339953193;1.0970905449742892;0.7599676999725844;-0.12579498856361787;0.7701412917784503
90.516929;1.0939816440061796;0.8333965606566048;0.7619709630579619;0.12352252513006635;0.11291101300421068;1.0970736930745577;9.996980115311821;0.8336473957395913;1.0967970196898513;1.0970905935075965;0.759968236980585;-0.12579498753005713;0.7701392876024014
90.526929;1.0939832548548782;0.8333958314050015;0.7619714062196279;0.12352209801872742;0.112910908772296;1.0970721622844128;9.996986735747743;0.8336473646829222;1.0967904489726858;1.0970906572298844;0.7599688259389592;-0.12579498650091095;0.7701373144582366
90.536929;1.0939848711017819;0.8333950567913544;0.7619717653980437;0.12352167474475637;0.11291078724329633;1.0970705879917408;9.99699325054677;0.8336471738518381;1.096783837864442;1.0970907289532887;0.7599694690856752;-0.12579498547823573;0.7701353738137254
90.546929;1.093986498365767;0.8333942354826291;0.7619720361246347;0.12352125663733059;0.11291064861860829;1.0970689824367759;9.99699967286401;0.8336468237326372;1.096777204333214;1.0970908019771992;0.7599701673808279;-0.12579498446342988;0.7701334670538126
90.556929;1.0939881447697868;0.8333933655892487;0.7619722140330316;0.12352084486303284;0.11291049346168354;1.0970673580184183;9.99700602097764;0.8336463142338439;1.096770568378313;1.0970908707407327;0.7599709194581834;-0.12579498345732124;0.7701315955813678
90.566929;1.093989820063957;0.8333924449002714;0.7619722948638102;0.12352044026287676;0.11291032245300564;1.0970657271061492;9.997012314973936;0.8336456440351437;1.0967639493668493;1.0970909310351196;0.7599717213588397;-0.1257949824606025;0.7701297616850798
90.576929;1.093991534217156;0.8333914705372668;0.7619722747062396;0.12352004328633412;0.1129101363403884;1.0970641022013967;9.997018565389403;0.8336448105086001;1.0967573631677057;1.0970909798473734;0.7599725680979054;-0.12579498147410237;0.7701279683872231
90.586929;1.0939932967955965;0.833390438650702;0.7619721506134207;0.12351965413230616;0.11290993599666978;1.0970624962079987;9.997024775074399;0.8336438106673268;1.0967508221024684;1.0970910151666147;0.7599734554583962;-0.1257949804986523;0.7701262183307208
90.596929;1.0939951169859927;0.8333893449442552;0.7619719213347165;0.12351927291218154;0.11290972229751882;1.0970609219560528;9.997030947454565;0.8336426426354739;1.0967443364898077;1.0970910359428476;0.7599743805726114;-0.12579497953485483;0.7701245134859444
90.606929;1.093997003035376;0.8333881856981502;0.7619715879850197;0.1235188997030033;0.11290949596501096;1.0970593921422114;9.997037085188413;0.8336413062983337;1.0967379154984842;1.097091042555852;0.7599753416079202;-0.12579497858280067;0.7701228562109093
90.616929;1.093998960345097;0.8333869587803682;0.761971153719374;0.12351853464551053;0.1129092576015608;1.0970579199910735;9.997043184620745;0.8336398034329544;1.0967315667538502;1.0970910372334082;0.7599763368939704;-0.12579497764212297;0.7701212499474792
90.626929;1.0940009898708392;0.8333856637614733;0.7619706218697374;0.12351817807812988;0.11290900778110571;1.0970565195473794;9.997049240698818;0.8336381388943439;1.0967252963483864;1.097091023331853;0.7599773638945692;-0.12579497671250825;0.7701196982574235
90.636929;1.0940030888412753;0.8333843012016968;0.7619699939587814;0.12351783043365228;0.11290874706297034;1.0970552053968643;9.997055250285552;0.8336363219723865;1.0967191104009084;1.0970910041239303;0.7599784188688115;-0.12579497579385676;0.7701182033483381
90.646929;1.0940052524921846;0.8333828727484314;0.7619692692305803;0.12351749194864939;0.11290847594424336;1.0970539923914548;9.997061198580075;0.8336343657528691;1.0967130167581907;1.0970909818877914;0.7599794968990526;-0.12579497488592695;0.7701167660895079
90.656929;1.0940074748068909;0.8333813824374576;0.7619684455175662;0.12351716253159543;0.11290819471485075;1.0970528950953964;9.997067049732344;0.8336322846913415;1.0967070253780917;1.0970909574181178;0.7599805913753607;-0.12579497398810102;0.7701153875578929
90.666929;1.0940097484018498;0.8333798375888547;0.7619675199640881;0.12351684177829518;0.11290790333757081;1.0970519262685778;9.997072756207231;0.8336300922219921;1.096701147195387;1.0970909305519667;0.7599816933236103;-0.12579497309950463;0.7701140696125589
90.676929;1.0940120639921178;0.8333782481463945;0.7619664887558978;0.12351652904317953;0.11290760152673908;1.0970510950921568;9.997078269637218;0.8336277997650533;1.0966953930489511;1.0970909013505865;0.7599827913257111;-0.12579497221925875;0.7701128134891342
90.686929;1.0940144102001523;0.8333766254612731;0.7619653469856814;0.12351622363774636;0.11290728893189;1.0970504058460309;9.997083542572687;0.8336254170662756;1.0966897745955686;1.0970908701698516;0.7599838720006239;-0.12579497134664888;0.7701116183203868
90.696929;1.094016774698095;0.8333749817358957;0.7619640900767141;0.12351592499991171;0.1129069653153454;1.0970498574436123;9.997088525732542;0.8336229522669243;1.0966843058367755;1.0970908358620695;0.7599849207031312;-0.12579497048124147;0.7701104810565202
90.706929;1.0940191453271784;0.8333733292278247;0.7619627153473015;0.12351563271661341;0.112906630620128;1.0970494444979437;9.997093170230793;0.8336204110526937;1.096679003043113;1.0970907941277466;0.7599859224290193;-0.12579496962309938;0.770109397895195
90.716929;1.094021510249068;0.8333716788712059;0.7619612214550958;0.12351534649280181;0.11290628485858592;1.097049158899995;9.99709743994274;0.8336177963932421;1.09667388363711;1.0970907384488537;0.7599868627014404;-0.12579496877298768;0.7701083657104772
90.726929;1.094023858305744;0.8333700398096866;0.7619596064727119;0.12351506613387807;0.11290592804334383;1.0970489908935421;9.99710132009493;0.833615109480352;1.0966689650892651;1.0970906626182402;0.7599877280080856;-0.12579496793220935;0.7701073819724444
90.736929;1.094026179177041;0.8333684201690466;0.7619578668729676;0.12351479154888646;0.11290556028890501;1.0970489303954434;9.997104813675302;0.833612350817077;1.0966642643980011;1.0970905616424307;0.7599885062405316;-0.12579496710209814;0.7701064446587255
90.746929;1.0940284628491292;0.8333668283041855;0.7619559984013651;0.12351452266283218;0.11290518186491674;1.0970489684544102;9.99710793780262;0.8336095208995693;1.0966597982404553;1.0970904306072669;0.7599891875373135;-0.1257949662838115;0.7701055531194706
90.756929;1.094030698923853;0.8333652738485227;0.761953997837798;0.12351425921697055;0.11290479312990241;1.0970490972018057;9.99711072483557;0.8336066204228162;1.096655582364421;1.097090264472311;0.7599897650423998;-0.12579496547852625;0.7701047077898768
90.766929;1.0940328753400583;0.833363767446947;0.7619518638257718;0.12351400072783057;0.11290439451454509;1.0970493080310926;9.997113221532791;0.8336036499873176;1.0966516301611815;1.097090059805219;0.7599902351819621;-0.1257949646874347;0.7701039086237176
90.776929;1.0940349775999698;0.8333623189864389;0.7619495963392683;0.1235137466945866;0.11290398653046341;1.097049590939482;9.99711548341526;0.833600609191482;1.0966479520909542;1.097089816334188;0.7599905975492743;-0.12579496391158296;0.7701031545976675
90.786929;1.0940369898354638;0.8333609358186134;0.7619471956546585;0.12351349671425695;0.1129035697539118;1.0970499370223183;9.997117571236082;0.8335974955629017;1.0966445553235933;1.0970895367242375;0.7599908542466866;-0.12579496315200617;0.7701024442591219
90.796929;1.0940388960279244;0.833359622254602;0.7619446617531641;0.12351325041603829;0.11290314486883687;1.0970503406128127;9.9971195545379;0.833594304652567;1.0966414427761007;1.0970892247727893;0.7599910079607143;-0.12579496240984175;0.7701017760895246
90.806929;1.0940406800004128;0.8333583805492645;0.7619419945202963;0.1235130074933724;0.11290271265821433;1.0970507976036075;9.997121514188631;0.833591031367121;1.0966386130834775;1.0970888837537727;0.7599910599487005;-0.12579496168597976;0.7701011484626853
90.816929;1.0940423251445304;0.8333572125443207;0.7619391941927757;0.12351276772734762;0.1129022738448641;1.0970513031695999;9.997123540195874;0.8335876713554237;1.0966360621803528;1.097088516414948;0.7599910106921903;-0.12579496098070467;0.7701005590600528
90.826929;1.094043815156926;0.8333561208517181;0.7619362617159008;0.12351253085002915;0.11290182898337825;1.0970518519024937;9.997125734198557;0.833584221781423;1.0966337854731583;1.0970881259813372;0.7599908620513598;-0.12579496029364934;0.7701000047752011
90.836929;1.094045135808729;0.8333551092779939;0.7619331991188891;0.12351229654621171;0.11290137856156966;1.0970524380005742;9.997128220545319;0.8335806815504251;1.0966317787952022;1.0970877170006033;0.7599906177113969;-0.12579495962398324;0.7700994823774888
90.846929;1.094046276584537;0.8333541825581585;0.7619300092403176;0.12351206463648569;0.11290092313211735;1.0970530548402557;9.997131149910587;0.8335770510441403;1.096630037553382;1.0970872955778341;0.759990282722372;-0.1257949589711971;0.7700989881281645
90.856929;1.0940472308661615;0.8333533454572232;0.7619266944402794;0.12351183514391371;0.11290046328640468;1.097053695179065;9.997134679249001;0.8335733314880238;1.0966285564034912;1.0970868685237285;0.7599898637574215;-0.12579495833621504;0.7700985167253539
90.866929;1.094047994378691;0.8333526014262932;0.7619232555828335;0.12351160817958004;0.1128999995334684;1.0970543509959974;9.997138938589353;0.8335695246466155;1.0966273308103438;1.0970864421029822;0.7599893688126179;-0.12579495772172922;0.7700980611093741
90.876929;1.094048563207839;0.8333519517908966;0.7619196923847139;0.12351138380471874;0.11289953215547095;1.097055012690883;9.997144006633908;0.8335656331034283;1.0966263588838248;1.0970860218093068;0.7599888059371409;-0.12579495713162053;0.7700976129304553
90.886929;1.0940489330859728;0.8333513969359483;0.761916004493382;0.12351116202957096;0.11289906114081695;1.0970556689204858;9.997149907429069;0.8335616608145378;1.0966256418882878;1.0970856126998898;0.7599881826166551;-0.1257949565703543;0.7700971631157625
90.896929;1.094049100792106;0.8333509387699507;0.7619121923017185;0.12351094296971547;0.11289858631578613;1.0970563078679911;9.997156627006076;0.8335576132504616;1.0966251831945608;1.097085219544698;0.759987505826276;-0.12579495604272575;0.7700967025300882
90.906929;1.0940490667636587;0.833350581806498;0.7619082575641656;0.12351072695491341;0.11289810754604561;1.097056919132035;9.997164136005225;0.8335534964729839;1.096624986419951;1.09708484739053;0.7599867817859545;-0.12579495555367448;0.7700962234007193
90.916929;1.0940488362064575;0.8333503323551463;0.7619042041157348;0.12351051443221364;0.11289762487257297;1.0970574941114557;9.997172405272202;0.8335493159821061;1.0966250539569777;1.0970845024966278;0.7599860160615042;-0.12579495510799107;0.7700957208510782
90.926929;1.0940484173782166;0.8333501977756347;0.7619000381104825;0.1235103058542266;0.11289713862989437;1.0970580248882533;9.997181412922854;0.8335450761335814;1.0966253867926368;1.097084192295383;0.7599852141342748;-0.1257949547096899;0.7700951929260618
90.936929;1.0940478196980346;0.8333501859918621;0.7618957674258755;0.12351010161120234;0.11289664948943952;1.0970585035068101;9.997191148414009;0.8335407799165604;1.0966259854727796;1.0970839237460819;0.7599843811242359;-0.12579495436129354;0.770094639719294
90.946929;1.0940470539670992;0.833350304047863;0.7618914009974709;0.12350990186088996;0.11289615836835375;1.0970589220725768;9.997201616720968;0.8335364292978238;1.0966268512020643;1.0970837019565851;0.7599835210815676;-0.12579495406406832;0.770094062937172
90.956929;1.0940461326244606;0.8333505568034191;0.7618869483761306;0.12350970649812143;0.1128956663134392;1.0970592732858908;9.997212833327044;0.833532025692267;1.0966279863721218;1.097083530647335;0.7599826374690997;-0.12579495381900158;0.7700934659166337
90.966929;1.094045068430386;0.8333509468704132;0.7618824191600476;0.12350951541081388;0.11289517439272416;1.0970595511354744;9.997224810508255;0.8335275701179752;1.0966293939834755;1.0970834130130336;0.759981734320436;-0.12579495362716053;0.7700928534353723
90.976929;1.0940438727789665;0.8333514746121714;0.7618778228842673;0.12350932867198387;0.11289468355159513;1.0970597512998812;9.997237557525343;0.833523064143078;1.096631076162782;1.0970833514585898;0.7599808161910411;-0.1257949534894744;0.7700922308096141
90.986929;1.0940425542402739;0.8333521381496347;0.7618731697130915;0.12350914648433606;0.11289419450739724;1.0970598711167576;9.997251093148563;0.8335185108832032;1.096633033176078;1.097083346787532;0.7599798865738681;-0.1257949534066696;0.7700916025685982
90.996929;1.094041118056839;0.8333529340923448;0.761868471140412;0.12350896904428738;0.11289370779996827;1.09705990919277;9.997265447802073;0.8335139142583887;1.0966352629626617;1.097083397913103;0.759978946593037;-0.1257949533791756;0.7700909710858364
91.006929;1.0940395676615287;0.8333538580224042;0.7618637400325607;0.12350879647456407;0.11289322394252548;1.0970598649455001;9.9972806524855;0.8335092781111261;1.096637760382572;1.0970835022900947;0.7599779957193389;-0.12579495340693445;0.7700903353233836
91.016929;1.0940379069695334;0.833354904458123;0.7618589899238021;0.12350862891315792;0.11289274352915721;1.0970597380780267;9.997296723442446;0.8335046070812008;1.0966405168058115;1.0970836564636943;0.7599770333556622;-0.12579495348954942;0.7700896906145066
91.026929;1.09403614102581;0.8333560670326499;0.7618542344611012;0.12350846667990105;0.11289226730332633;1.0970595280278537;9.997313653050204;0.8334999079941146;1.096643520924478;1.0970838560572131;0.759976058708875;-0.12579495362661208;0.77008903007066
91.036929;1.0940342750025387;0.8333573386171665;0.761849487548902;0.12350831027904613;0.11289179615797712;1.0970592347358765;9.997331412214375;0.8334951898176434;1.0966467599730338;1.0970840960747883;0.7599750693837016;-0.12579495381755637;0.7700883462263178
91.046929;1.0940323143105766;0.8333587113795168;0.7618447633288974;0.12350816026862009;0.11289133100338189;1.0970588605500418;9.997349960477049;0.8334904626077559;1.0966502193214775;1.097084372772378;0.759974061315739;-0.12579495406112232;0.7700876317136498
91.056929;1.094030266788783;0.8333601773196702;0.7618400759433641;0.12350801717135043;0.11289087268363;1.0970584108695296;9.997369258708076;0.8334857374009268;1.0966538808990958;1.0970846857595247;0.7599730302473986;-0.12579495435527963;0.7700868796493182
91.066929;1.0940281438987178;0.8333617289083801;0.7618354396083246;0.12350788143128015;0.11289042202592578;1.0970578929648618;9.997389273628471;0.83348102670753;1.096657723692004;1.0970850385301225;0.759971972781127;-0.12579495469751475;0.7700860839779882
91.076929;1.0940259583838765;0.8333633590625308;0.761830868260135;0.12350775342599449;0.11288997985155903;1.0970573139509299;9.997409972112939;0.8334763438565772;1.0966617262512397;1.0970854375773724;0.7599708863526504;-0.12579495508490326;0.7700852395110458
91.086929;1.0940237207159955;0.8333650606468228;0.7618263743247161;0.12350763349858995;0.11288954696678032;1.097056679074914;9.997431321790462;0.8334717016550264;1.0966658673142398;1.0970858906716012;0.7599697688498722;-0.12579495551429307;0.7700843422934007
91.096929;1.094021438288799;0.8333668261494203;0.761821968008569;0.12350752187386761;0.11288912420098357;1.0970559914985472;9.99745329703026;0.833467111866446;1.0966701243186776;1.0970864047262778;0.7599686182656226;-0.12579495598270296;0.7700833899232561
91.106929;1.0940191168232711;0.8333686473900268;0.7618176582704269;0.12350741846633363;0.11288871236420846;1.0970552536029823;9.99747587114585;0.833462585582691;1.096674472724815;1.0970869841522108;0.7599674325082625;-0.12579495648747338;0.7700823811440486
91.116929;1.0940167616221457;0.833370515259773;0.7618134541937297;0.12350732274464551;0.11288831207845627;1.0970544689569897;9.997499000793038;0.8334581335133463;1.096678886279223;1.0970876302616286;0.7599662094082441;-0.1257949570262031;0.7700813155641224
91.126929;1.0940143782693827;0.8333724202557852;0.7618093653661917;0.12350723376343675;0.11288792362637437;1.0970536429866018;9.997522625649344;0.8334537660846973;1.0966833375722278;1.0970883414562342;0.7599649468670012;-0.12579495759661985;0.7700801936274188
91.136929;1.0940119723486839;0.8333743536188104;0.7618054019125821;0.12350715028987463;0.11288754693370762;1.0970527807504609;9.997546678278615;0.8334494938898946;1.096687799070098;1.097089113926459;0.7599636431527282;-0.12579495819651573;0.7700790164477915
91.146929;1.09400954867568;0.8333763079533894;0.7618015742712722;0.12350707088904082;0.11288718163992358;1.0970518836956675;9.997571083430266;0.8334453277706211;1.096692244432988;1.097089942312988;0.7599622972570198;-0.12579495882407404;0.7700777862468958
91.156929;1.0940071110484664;0.8333782773177743;0.7617978924079774;0.12350699397169214;0.11288682722221788;1.0970509482181456;9.997595752057741;0.8334412779482508;1.0966966505718372;1.0970908197572453;0.7599609095272783;-0.1257949594782778;0.7700765069726261
91.166929;1.0940046622084785;0.83338025734281;0.7617943657042571;0.12350691788367119;0.1128864831246447;1.0970499661763713;9.99762058082976;0.8334373530881276;1.0967010000986062;1.097091737901456;0.7599594824157853;-0.1257949601588791;0.7700751833659646
91.176929;1.0940022037655477;0.8333822450935893;0.7617910028700456;0.12350684104090534;0.11288614875955057;1.0970489266955108;9.9976454513145;0.833433559863613;1.096705282201972;1.0970926874120153;0.75995802036297;-0.12579496086614644;0.770073819107461
91.186929;1.093999736033014;0.8333842389811665;0.7617878103877233;0.12350676207122972;0.11288582343059243;1.0970478187046222;9.997670230981612;0.8334299035038824;1.096709490682777;1.0970936585602657;0.7599565285720776;-0.12579496160061723;0.770072416656656
91.196929;1.0939972574497514;0.8333862396007923;0.7617847911440295;0.12350667989703981;0.11288550631915584;1.097046632615506;9.997694789636709;0.8334263896292862;1.0967136204766663;1.09709464139283;0.7599550116228159;-0.12579496236283705;0.7700709784254668
91.206929;1.0939947640232375;0.8333882506179069;0.7617819442811055;0.12350659367187806;0.1128851965230554;1.097045360884732;9.997719023555431;0.8334230255479012;1.0967176653090922;1.0970956257560789;0.7599534729028345;-0.12579496315322103;0.770069506980036
91.216929;1.0939922508297155;0.8333902781371157;0.7617792655579743;0.1235065026162141;0.11288489307534544;1.0970439984631721;9.9977428601067;0.8334198192631382;1.0967216168829947;1.0970966016404329;0.7599519147920707;-0.12579496397200152;0.7700680044055376
91.226929;1.0939897157096807;0.8333923286174414;0.7617767486647339;0.12350640587573841;0.11288459494379223;1.0970425423903796;9.997766247130507;0.8334167777036129;1.0967254649266724;1.0970975594850316;0.7599503386472811;-0.1257949648190996;0.7700664718295206
91.236929;1.093987161402122;0.8333944068578644;0.761774387025735;0.1235063024718356;0.11288430106507817;1.0970409901835236;9.997789151727488;0.833413906439774;1.0967291984937526;1.0970984895454363;0.7599487444474972;-0.1257949656939621;0.7700649090903811
91.246929;1.0939845945845073;0.8333965159049274;0.761772174258376;0.12350619141353819;0.11288401040543154;1.0970393385036767;9.997811562964962;0.8334112103286309;1.0967328078245568;1.097099380697901;0.7599471310595522;-0.12579496659565176;0.770063314196907
91.256929;1.093982024902611;0.8333986584202804;0.7617701036183088;0.12350607193610325;0.11288372200465094;1.0970375830024266;9.997833484909805;0.8334086935404594;1.0967362849863467;1.0971002199736115;0.7599454967581697;-0.12579496752328;0.7700616831734857
91.266929;1.0939794652504506;0.8334008367308031;0.7617681680662762;0.1235059436708044;0.11288343499501578;1.097035719463533;9.9978549273671;0.8334063591048066;1.096739623374625;1.0971009935422047;0.7599438387199872;-0.1257949684763948;0.7700600112923499
91.276929;1.0939769313145657;0.8334030515608194;0.7617663608631158;0.12350580659420161;0.11288314862923057;1.097033745300666;9.997875909252715;0.8334042087137183;1.096742817454371;1.0971016894367185;0.7599421524726879;-0.12579496945498075;0.770058294590366
91.286929;1.093974440499257;0.833405301884337;0.7617646761623939;0.12350566083320147;0.1128828623284857;1.0970316597979266;9.997896475879392;0.8334022430016627;1.096745862912504;1.097102300675214;0.7599404328921399;-0.1257949704592528;0.7700565303618601
91.296929;1.093972011317511;0.8334075860371826;0.7617631096521232;0.12350550653216943;0.11288257568034671;1.0970294639128204;9.997916703070935;0.8334004622533738;1.096748756891528;1.0971028265470382;0.7599386758170552;-0.12579497148957933;0.7700547173124629
91.306929;1.0939696624023951;0.8334099027190138;0.7617616588267945;0.12350534388391764;0.11288228839735863;1.0970271607368551;9.99793666915062;0.8333988670995569;1.0967514982011284;1.0971032721065686;0.7599368788434254;-0.12579497254654118;0.7700528558278765
91.316929;1.0939674107529223;0.833412251259421;0.7617603230300615;0.12350517332157247;0.11288200032837514;1.097024755030004;9.997956426649317;0.8333974586267459;1.0967540875116346;1.0971036465652608;0.7599350414167838;-0.12579497363092312;0.7700509478547601
91.326929;1.0939652700461115;0.8334146314371119;0.76175910408687;0.12350499570563755;0.11288171153325402;1.0970222518534924;9.997976008113186;0.8333962380651259;1.0967565278468143;1.097103960569291;0.7599331645283817;-0.1257949747435164;0.7700489963179719
91.336929;1.0939632504147019;0.8334170433578613;0.7617580068103997;0.12350481229250573;0.11288142233637408;1.09701965649461;9.997995442929058;0.8333952065603918;1.096758825155208;1.0971042235982733;0.7599312501796953;-0.12579497588470306;0.770047005012919
91.346929;1.0939613599649145;0.8334194872319886;0.7617570380094022;0.12350462462336172;0.11288113324826644;1.0970169754949357;9.998014746046858;0.8333943648900378;1.0967609878082896;1.097104443149712;0.7599293012999572;-0.1257949770542718;0.7700449797471693
91.356929;1.0939596060125176;0.8334219629441489;0.7617562045291648;0.12350443449059399;0.11288084477021694;1.097014217017407;9.998033889301125;0.8333937132655748;1.0967630245162077;1.0971046255640955;0.759927322215038;-0.1257949782518073;0.7700429293569553
91.366929;1.0939579946921107;0.8334244698753108;0.7617555119699221;0.12350424384510673;0.1128805572652652;1.0970113901904694;9.99805279436187;0.8333932518568937;1.0967649428587756;1.0971047768137008;0.7599253185414683;-0.12579497947695883;0.7700408650157541
91.376929;1.0939565299468814;0.8334270069235826;0.7617549646548515;0.12350405463292327;0.11288027102786849;1.0970085039789292;9.998071356045022;0.8333929813278338;1.0967667503136296;1.0971049024788468;0.7599232959554507;-0.12579498072918519;0.7700387987977058
91.386929;1.0939552133072008;0.8334295718980544;0.7617545663257822;0.12350386864419481;0.11287998644913702;1.097005566435071;9.99808946831419;0.8333929025200714;1.0967684554382557;1.0971050078514237;0.7599212590295068;-0.12579498200746703;0.7700367428486459
91.396929;1.0939540442192304;0.8334321608529447;0.7617543210488931;0.12350368734607459;0.11287970409368862;1.0970025855670202;9.998107032509775;0.8333930158894535;1.0967700675848469;1.0971050986089899;0.7599192106990335;-0.12579498331014555;0.77003470896877
91.406929;1.0939530201648362;0.8334347688286223;0.7617542334907994;0.12350351178438722;0.11287942462740683;1.0969995715432526;9.99812395740923;0.8333933206903826;1.0967715971190335;1.0971051810015908;0.7599171515910962;-0.1257949846347796;0.7700327082192663
91.416929;1.0939521367439307;0.8334373908911691;0.7617543077218649;0.12350334274394394;0.1128791487027405;1.0969965375235742;9.998140162088205;0.8333938139183847;1.0967730565383755;1.0971052610864593;0.7599150798146725;-0.12579498597816555;0.7700307502353217
91.426929;1.0939513878183595;0.8334400218281176;0.7617545453537471;0.1235031810899797;0.11287887698135139;1.0969934976684084;9.99815557235607;0.8333944906064998;1.096774460401077;1.0971053440923262;0.7599129918576709;-0.1257949873366196;0.770028841926531
91.436929;1.0939507660263723;0.8334426553526882;0.7617549441648203;0.12350302795428339;0.11287861024673636;1.0969904644178765;9.998170106638648;0.8333953452838097;1.0967758231816862;1.0971054342595472;0.7599108838282265;-0.125794988706475;0.7700269865947719
91.446929;1.0939502643325243;0.8334452841020065;0.7617554977695575;0.12350288463925028;0.11287834941256983;1.0969874466643406;9.99818367060355;0.8333963723557625;1.0967771570261875;1.0971055343686034;0.7599087528705275;-0.12579499008453876;0.770025184643505
91.456929;1.0939498781653925;0.8334479004584853;0.7617561971747959;0.12350275238549628;0.11287809547901333;1.0969844488588871;9.99819616824929;0.8333975658188485;1.0967784712036568;1.0971056456225747;0.7599065979661442;-0.12579499146814452;0.7700234349606647
91.466929;1.0939496062983867;0.8334504971776314;0.7617570330997545;0.12350263213920247;0.11287784960580867;1.0969814719660576;9.998207509057126;0.8333989200777577;1.0967797731066784;1.0971057686541363;0.7599044191290631;-0.12579499285478765;0.7700217355510262
91.476929;1.0939494491081023;0.8334530670208447;0.7617579968631146;0.12350252442109239;0.1128776132388266;1.09697851571761;9.998217603448673;0.833400430505391;1.0967810704431744;1.0971059041656126;0.7599022162267318;-0.1257949942417679;0.7700200839603328
91.486929;1.0939494057648094;0.8334556019209141;0.7617590800303797;0.12350242940053549;0.11287738806185364;1.096975580019507;9.998226366202069;0.8334020919705473;1.0967823724629544;1.0971060522486014;0.7598999885565282;-0.12579499562623334;0.7700184782112115
91.496929;1.0939494728812178;0.833458092921777;0.7617602736611098;0.1235023471962871;0.11287717577079172;1.0969726653250509;9.998233727564163;0.8334038970136208;1.0967836887377276;1.0971062108728151;0.759897734951679;-0.12579499700555;0.7700169174080053
91.506929;1.093949644181287;0.8334605313119106;0.7617615677855085;0.12350227817125381;0.11287697789583788;1.0969697725052852;9.998239628885365;0.8334058360540391;1.0967850276933062;1.0971063741775755;0.759895454234224;-0.12579499837755773;0.7700154015876646
91.516929;1.0939499103308943;0.8334629098717277;0.761762951722704;0.12350222291366218;0.11287679570178334;1.0969669024350186;9.998244016935532;0.8334078991705207;1.0967863956905208;1.0971065317230384;0.7598931458691004;-0.1257949997404222;0.7700139311144084
91.526929;1.093950260032628;0.8334652231317063;0.7617644146771816;0.12350218202797152;0.11287663010444275;1.0969640564523415;9.998246863562917;0.8334100774988744;1.096787795767234;1.0971066696594292;0.7598908103864999;-0.12579500109230057;0.770012505903318
91.536929;1.093950682019993;0.8334674668608433;0.7617659459929601;0.12350215595849574;0.11287648168572308;1.0969612370725366;9.998248190230473;0.8334123630659042;1.0967892270185609;1.097106773786921;0.7598884493115294;-0.1257950024312945;0.7700111251534607
91.546929;1.093951166053554;0.8334696376627366;0.761767535108697;0.12350214478236198;0.1128763507603161;1.0969584470679408;9.998248066432504;0.8334147470271861;1.0967906859229035;1.0971068327002396;0.7598860646306217;-0.12579500375555813;0.7700097879079698
91.556929;1.0939517020485847;0.8334717328783607;0.7617691720199411;0.12350214812639401;0.11287623742897049;1.0969556885633696;9.998246589908893;0.8334172181578783;1.0967921683305368;1.0971068389396663;0.7598836583884959;-0.1257950050630309;0.7700084942062965
91.566929;1.0939522785008335;0.8334737506496028;0.761770848529288;0.12350216536503263;0.11287614168134794;1.096952963799168;9.998243875726352;0.8334197635555876;1.0967936696735399;1.0971067886617902;0.759881233428525;-0.12579500635114219;0.770007246296857
91.576929;1.0939528830428664;0.8334756900792352;0.7617725584611093;0.12350219580849459;0.11287606344770507;1.096950276303607;9.998240056173548;0.8334223704080022;1.0967951841613486;1.0971066807356575;0.7598787944740465;-0.12579500761718732;0.7700060488722192
91.586929;1.0939535050165212;0.8334775512030808;0.7617742963742995;0.12350223874747931;0.1128760025672254;1.096947631815524;9.998235277693476;0.8334250268563261;1.0967967051655245;1.0971065151809687;0.7598763478575226;-0.12579500885900333;0.7700049082366123
91.596929;1.0939541369371282;0.8334793349267369;0.7617760568787775;0.12350229349278088;0.11287595877886762;1.0969450379016625;9.99822969780773;0.8334277220149697;1.0967982263993437;1.0971062920131476;0.7598739003231378;-0.12579501007510255;0.7700038314171488
91.606929;1.0939547747006104;0.8334810428670519;0.761777834813081;0.12350235936751022;0.11287593169564843;1.0969425020413583;9.998223481646008;0.8334304457547214;1.0967997425903995;1.0971060108264084;0.7598714584171113;-0.1257950112641608;0.7700028256169525
91.616929;1.0939554176279607;0.8334826768137855;0.7617796247129849;0.12350243559943976;0.11287592079739464;1.096940030655632;9.998216787049063;0.8334331890181221;1.0968012495554453;1.0971056701258188;0.7598690285217572;-0.12579501242453106;0.770001898087212
91.626929;1.0939560674892812;0.8334842384492878;0.7617814198369315;0.12350252126910799;0.11287592556036258;1.0969376294562188;9.998209746162015;0.8334359445627342;1.0968027441227843;1.097105267238829;0.7598666164440716;-0.1257950135543926;0.7700010563523605
91.636929;1.093956726653059;0.8334857293626488;0.761783212210682;0.12350261542992998;0.11287594566495388;1.0969353030779345;9.998202456190606;0.833438706031987;1.0968042241879787;1.0971047994036724;0.7598642266428633;-0.1257950146523945;0.7700003081612055
91.646929;1.0939573970532692;0.8334871506422777;0.7617849935205592;0.12350271724166569;0.11287598109476095;1.0969330542564362;9.998194975879889;0.8334414658206035;1.096805689166899;1.0971042643598603;0.7598618615998518;-0.1257950157180903;0.7699996609261947
91.656929;1.093958079944037;0.8334885025489106;0.7617867557451998;0.12350282595832596;0.11287603207469431;1.0969308844759285;9.99818733094111;0.8334442150465519;1.0968071401652788;1.0971036598232315;0.7598595215097023;-0.12579501675175755;0.7699991210158176
91.666929;1.093958774986358;0.8334897849374022;0.7617884915868184;0.12350294087858;0.11287609894353344;1.0969287955596572;9.998179532406372;0.8334469449934782;1.096808578869668;1.0971029833367625;0.7598572051034111;-0.12579501775390403;0.7699986932866417
91.676929;1.0939594795029932;0.8334909980743929;0.7617901946160285;0.1235030613614113;0.11287618199053848;1.0969267905105728;9.998171587015882;0.8334496470279735;1.096810006724745;1.0971022331912856;0.7598549113147062;-0.12579501872497673;0.769998381200145
91.686929;1.0939601897687679;0.8334921431871665;0.7617918583495824;0.12350318682134095;0.1128762813281872;1.0969248734899693;9.998163489631304;0.8334523121466483;1.0968114252295649;1.097101409027378;0.7598526398074462;-0.12579501966539472;0.7699981875684985
91.696929;1.0939609037473186;0.8334932221486302;0.7617934748651467;0.1235033166597237;0.11287639689096075;1.096923049040052;9.998155221260593;0.8334549321248101;1.0968128357661224;1.097100510879272;0.7598503896480883;-0.12579502057572411;0.769998115351927
91.706929;1.0939616222785713;0.8334942365083439;0.7617950346031621;0.12350345020464044;0.11287652846546857;1.096921320748735;9.998146764712816;0.8334575005433102;1.0968142400181313;1.097099537829355;0.7598481584936643;-0.1257950214567163;0.7699981675617499
91.716929;1.0939623471573547;0.8334951865116006;0.7617965276402097;0.1235035867103245;0.11287667565713295;1.096919690424562;9.998138118410862;0.8334600123231038;1.096815641386387;1.0970984880657069;0.7598459440060326;-0.12579502230911782;0.7699983463594786
91.726929;1.093963079276166;0.833496070197571;0.7617979447853441;0.12350372548587446;0.11287683783921573;1.0969181585664085;9.99812929083533;0.8334624632107015;1.0968170444460434;1.0970973600636085;0.7598437454152627;-0.1257950231336867;0.7699986522672412
91.736929;1.0939638193094383;0.8334968832155668;0.761799277649346;0.12350386613974206;0.1128770141809753;1.0969167256199437;9.998120286628392;0.8334648501885699;1.096818452767934;1.0970961538904778;0.7598415638364845;-0.125795023931661;0.7699990836839691
91.746929;1.0939645685607888;0.833497620440369;0.7618005186301143;0.12350400865625265;0.11287720375603871;1.0969153926538908;9.99811110111999;0.83346717191386;1.0968198682446164;1.0970948722897234;0.7598394024629005;-0.12579502470485904;0.7699996369339821
91.756929;1.0939653278971497;0.833498278489651;0.76180166120846;0.1235041531077593;0.11287740561842514;1.0969141606914492;9.998101721141209;0.8334694285736987;1.096821292144017;1.0970935204372179;0.759837266510951;-0.12579502545502683;0.770000306516952
91.766929;1.0939660958860224;0.8334988570207115;0.7618027000351307;0.12350429929592108;0.1128776188634731;1.0969130299061864;9.998092130709225;0.8334716211581586;1.096822726339376;1.0970921036413004;0.7598351621346757;-0.1257950261834001;0.7700010848278402
91.776929;1.0939668682569064;0.8334993584748369;0.7618036306812541;0.12350444671119314;0.11287784271808247;1.0969120006873818;9.998082323375419;0.8334737494078812;1.0968241744855431;1.0970906252579042;0.759833095083213;-0.12579502689094496;0.7700019625212797
91.786929;1.0939676393141127;0.8334997873951029;0.761804449250574;0.12350459474538546;0.11287807650893168;1.096911075787931;9.998072311348555;0.833475809147913;1.0968256430769534;1.0970890873035177;0.7598310699392704;-0.12579502757869346;0.7700029304802852
91.796929;1.0939684034096007;0.8335001496492933;0.761805151689181;0.1235047428701034;0.1128783194488823;1.0969102605144214;9.998062121752607;0.8334777920164848;1.0968271412804673;1.0970874924680916;0.7598290896530118;-0.125795028247743;0.7700039816843468
91.806929;1.0939691547621901;0.8335004513560005;0.7618057330522495;0.12350489070881475;0.1128785704937173;1.0969095606343557;9.998051780901749;0.8334796879675815;1.0968286792276432;1.097085844533076;0.7598271552730532;-0.1257950288990821;0.7700051112370216
91.816929;1.0939698869669208;0.8335006984265375;0.7618061879021121;0.12350503808792976;0.11287882851081309;1.0969089809121249;9.998041299000095;0.8334814874422416;1.0968302664178156;1.0970841470552763;0.7598252662981217;-0.1257950295335916;0.7700063156406955
91.826929;1.09397059397535;0.83350089687673;0.7618065120177399;0.12350518509317569;0.11287909258123989;1.0969085257865983;9.998030668841356;0.8334831818673722;1.0968319115842826;1.0970824023808279;0.7598234213450802;-0.12579503015224597;0.7700075928940681
91.836929;1.0939712712361949;0.8335010521761399;0.7618067038331668;0.12350533204445478;0.11287936209910986;1.096908200854647;9.998019874378796;0.8334847635681644;1.0968336228974414;1.0970806115230092;0.7598216188237882;-0.12579503075627685;0.7700089424977531
91.846929;1.0939719155175565;0.8335011678489311;0.761806764324826;0.12350547930856563;0.11287963669963574;1.0969080133236044;9.998008899613652;0.8334862257608664;1.096835406943123;1.0970787743722805;0.7598198577348696;-0.1257950313471727;0.7700103644094263
91.856929;1.0939725245467062;0.8335012453127029;0.7618066961015257;0.1235056270513379;0.11287991616962176;1.0969079704197335;9.997997741388296;0.833487563046727;1.0968372675992464;1.0970768905455413;0.7598181380055191;-0.12579503192640423;0.7700118580190788
91.866929;1.0939730974116266;0.8335012845534655;0.7618065028164684;0.12350577517459373;0.11288020028076912;1.0969080762189294;9.997986423708227;0.8334887722081626;1.0968392064171582;1.0970749611650465;0.7598164600889658;-0.1257950324951048;0.7700134221846596
91.876929;1.0939736357600403;0.8335012844564407;0.7618061880599964;0.12350592351457819;0.1128804886177546;1.0969083289719395;9.99797499737963;0.8334898520185751;1.0968412237975067;1.0970729900283442;0.7598148244512152;-0.12579503305417428;0.7700150557515661
91.886929;1.0939741453621448;0.8335012433206369;0.7618057534694888;0.12350607204031151;0.11288078059447955;1.0969087209717545;9.997963525408023;0.8334908023724767;1.0968433202923193;1.0970709824413647;0.7598132314881442;-0.12579503360447805;0.7700167572694575
91.896929;1.0939746359760059;0.8335011590578592;0.7618051978653035;0.1235062208295931;0.11288107559405777;1.096909241002444;9.997952071414606;0.8334916245367878;1.096845497917198;1.0970689431593146;0.7598116818255624;-0.12579503414664914;0.7700185239791586
91.906929;1.0939751184893178;0.8335010281868663;0.7618045181218792;0.12350636993854995;0.11288137305068202;1.096909877226041;9.997940694395808;0.8334923221259346;1.0968477609402536;1.0970668754603956;0.7598101761071826;-0.12579503468085568;0.7700203513355399
91.916929;1.0939756021139124;0.8335008455957986;0.7618037110826038;0.12350651932035749;0.11288167242485116;1.096910617841754;9.997929442635876;0.8334929008970858;1.0968501157915098;1.0970647810326022;0.7598087142132214;-0.12579503520673513;0.7700222330995788
91.926929;1.093976094076047;0.8335006059663816;0.7618027753039066;0.12350666878094035;0.11288197317474225;1.0969114495619654;9.99791834750611;0.8334933674457904;1.0968525697143734;1.0970626602259577;0.759807294935656;-0.1257950357233881;0.7700241613662502
91.936929;1.0939766002567244;0.8335003042913374;0.7618017110981998;0.12350681796521627;0.11288227483205616;1.0969123573152022;9.997907424800706;0.8334937282348968;1.0968551286541137;1.0970605133703477;0.7598059162219266;-0.1257950362294851;0.7700261271607379
91.946929;1.0939771252784811;0.8334999353987446;0.7618005195429739;0.12350696643759264;0.11288257711429063;1.0969133260145012;9.997896688154238;0.833493989261254;1.0968577955574423;1.0970583428288232;0.7598045758574159;-0.1257950367233824;0.7700281216572022
91.956929;1.0939776727147505;0.8334994949582278;0.761799202201969;0.12350711379942925;0.11288287989844457;1.0969143412307718;9.997886168510362;0.8334941556667079;1.0968605697263756;1.0970561531597531;0.7598032722381259;-0.12579503720336507;0.7700301367944646
91.966929;1.0939782458816387;0.8334989811906526;0.7617977611598321;0.12350725974455948;0.11288318303755367;1.096915388519088;9.997875923477885;0.8334942317228841;1.09686344746496;1.097053949165822;0.7598020042566237;-0.12579503766797953;0.7700321651035203
91.976929;1.0939788492035243;0.8334983952558047;0.7617961987507967;0.12350740410488366;0.11288348619479366;1.0969164538433298;9.997866023918712;0.8334942219315149;1.0968664239064398;1.097051735133534;0.7598007705074573;-0.12579503811599135;0.7700341990960989
91.986929;1.093979489518388;0.8334977406745055;0.7617945174871165;0.12350754690912105;0.11288378884288691;1.0969175245253007;9.997856531183666;0.8334941316540853;1.0968694953916125;1.0970495157172235;0.7597995686353134;-0.12579503854613464;0.7700362309690628
91.996929;1.0939801765874402;0.8334970220519831;0.7617927202887388;0.12350768839993177;0.11288409048615738;1.0969185887622799;9.997847491977188;0.8334939661591402;1.0968726607637427;1.0970472961812934;0.7597983952589159;-0.1257950389570978;0.7700382538296803
92.006929;1.093980922904555;0.8334962433538372;0.7617908106089369;0.12350782902227003;0.11288439097028444;1.0969196342045544;9.997838950852003;0.8334937293837648;1.096875921132351;1.0970450816198785;0.7597972469175159;-0.12579503934773778;0.7700402630068579
92.016929;1.0939817424762242;0.8334954076676355;0.7617887921788571;0.12350796942050901;0.11288469057101858;1.0969206475476951;9.99783095988234;0.8334934230115295;1.096879279375104;1.0970428761348734;0.7597961211958751;-0.12579503971724887;0.7700422550953863
92.026929;1.0939826487287327;0.8334945184247762;0.7617866688056896;0.12350811040756357;0.1128849898622412;1.0969216160812305;9.997823576389102;0.833493045950914;1.0968827385205764;1.097040681946501;0.759795016761517;-0.12579504006493988;0.770044226034071
92.036929;1.0939836532578893;0.8334935800950991;0.7617844449831978;0.12350825288155046;0.11288528959747195;1.0969225300020207;9.99781685048188;0.8334925947101691;1.0968862986865038;1.0970384985084407;0.759793932794046;-0.12579504038978492;0.7700461707455832
92.046929;1.0939847662544837;0.8334925983802934;0.7617821267397235;0.12350839775446484;0.11288559053745391;1.096923383318302;9.997810811526794;0.8334920642448261;1.0968899560162388;1.0970363228084072;0.7597928687099376;-0.12579504069029923;0.7700480839445031
92.056929;1.093985997645109;0.8334915804130135;0.7617797214659763;0.12350854589194231;0.11288589309601318;1.096924172744084;9.99780546646387;0.833491448894749;1.0968937047466583;1.0970341506922592;0.7597918241563438;-0.12579504096490782;0.7700499609381568
92.066929;1.0939873580418547;0.8334905349115642;0.7617772369468452;0.12350869803461373;0.11288619701248602;1.096924895636855;9.997800811247226;0.8334907437656547;1.096897539145941;1.0970319777872957;0.7597907985041722;-0.12579504121245816;0.7700517986648011
92.076929;1.0939888588109374;0.8334894722594358;0.7617746805043267;0.1235088547500563;0.11288650133961235;1.096925548289041;9.99779684521808;0.8334899459682243;1.0969014536785686;1.0970298001705827;0.7597897891803178;-0.12579504143247808;0.7700535964491348
92.086929;1.0939905104879037;0.8334884033830227;0.7617720589794617;0.12350901639478427;0.11288680476163675;1.096926126024238;9.997793578107235;0.8334890547676715;1.0969054423568938;1.097027615741784;0.75978879047174;-0.12579504162512922;0.7700553555981701
92.096929;1.0939923205741506;0.8334873373789485;0.7617693797583003;0.12350918305016981;0.11288710593092091;1.096926625090737;9.997791026442167;0.833488070743441;1.0969094981904521;1.0970254252351237;0.7597877956504304;-0.12579504179085246;0.7700570785121118
92.106929;1.0939942928651274;0.8334862800370959;0.7617666512717549;0.12350935448974439;0.112887403519087;1.096927044160553;9.997789201096278;0.8334869942712122;1.0969136135065742;1.0970232313403037;0.7597868008480255;-0.12579504192979885;0.7700587682357354
92.116929;1.093996427962874;0.8334852344184028;0.7617638822117858;0.1235095302506277;0.1128876960974249;1.096927384098571;9.997788098082129;0.8334858242012383;1.0969177806449042;1.097021037875626;0.7597858063340599;-0.1257950420416097;0.7700604285407374
92.126929;1.0939987230140444;0.8334842023415113;0.7617610809640748;0.12350970977689957;0.11288798212312785;1.0969276464718019;9.997787711034498;0.833484558161417;1.09692199244148;1.0970188510027934;0.7597848151749307;-0.12579504212576084;0.7700620639241617
92.136929;1.0940011716500166;0.8334831854401247;0.7617582555597646;0.12350989247081605;0.1128882600100777;1.0969278322742733;9.997788053628836;0.8334831943570541;1.0969262432716191;1.0970166802001007;0.7597838316323184;-0.12579504218201734;0.7700636795013452
92.146929;1.0940037656214803;0.833482185556416;0.7617554132828235;0.12351007768723091;0.11288852814596675;1.096927942496417;9.9977891618113;0.833481733124267;1.0969305291883467;1.0970145376092992;0.7597828601253394;-0.12579504221075624;0.7700652813211797
92.156929;1.0940064958095665;0.8334812041091821;0.7617525605034569;0.12351026482759533;0.1128887849053076;1.0969279796275102;9.99779107944482;0.8334801769406093;1.0969348458022532;1.0970124373712749;0.7597819046829305;-0.12579504221308108;0.7700668761504239
92.166929;1.094009352252145;0.8334802408201002;0.7617497035892892;0.12351045345051129;0.11288902876684132;1.0969279479664134;9.997793847913698;0.8334785292517671;1.096939186470112;1.0970103950744576;0.7597809680247595;-0.125795042190611;0.7700684703802054
92.176929;1.094012325616797;0.8334792936736419;0.761746849639408;0.1235106433746785;0.11288925852182947;1.0969278530629427;9.99779750018286;0.8334767935445656;1.0969435421972626;1.0970084265888456;0.7597800503574593;-0.12579504214518042;0.7700700695231761
92.186929;1.0940154083791727;0.8334783600325163;0.7617440057965096;0.1235108347901961;0.1128894734765468;1.0969277013814358;9.997802052948899;0.8334749737645334;1.0969479020697577;1.0970065465192393;0.7597791496179146;-0.1257950420786744;0.7700716777438688
92.196929;1.0940185932222442;0.833477436912132;0.7617411782892769;0.12351102814485275;0.11288967350855557;1.096927499379856;9.997807494946619;0.833473075495454;1.096952253973088;1.097004766604155;0.7597782633503409;-0.12579504199294056;0.7700732960101201
92.206929;1.0940218706482647;0.8334765205755436;0.7617383723665833;0.12351122380261045;0.11288985893817419;1.0969272523619142;9.99781377875849;0.8334711061466217;1.096956585739566;1.097003095106558;0.7597773900104977;-0.12579504188986448;0.7700749211424374
92.216929;1.0940252284398357;0.8334756068739926;0.7617355934974656;0.12351142191379837;0.11289003033854293;1.0969269658821401;9.997820832080073;0.8334690740963382;1.0969608860847984;1.0970015378328604;0.7597765283926081;-0.12579504177148182;0.7700765477825984
92.226929;1.0940286529164882;0.8334746921434212;0.7617328493750598;0.12351162261256496;0.1128901883577358;1.0969266481003144;9.99782858907073;0.8334669883739363;1.0969651446814626;1.0970000996016274;0.7597756766643458;-0.1257950416396481;0.7700781708600437
92.236929;1.0940321311007715;0.8334737739736613;0.7617301506053683;0.12351182613520745;0.11289033365396453;1.0969263091322046;9.997837021417732;0.8334648589232617;1.0969693514414467;1.0969987854852339;0.7597748325053308;-0.12579504149553272;0.7700797865289645
92.246929;1.0940356530633022;0.8334728514961782;0.7617275089371082;0.12351203269989412;0.11289046702363871;1.0969259593898297;9.997846144870344;0.8334626962390967;1.0969734958139081;1.0969976015522531;0.7597739935454008;-0.1257950413395985;0.7700813920012283
92.256929;1.0940392128315624;0.8334719246583283;0.7617249344031675;0.1235122423300332;0.11289058946529552;1.0969256091017134;9.997855997652493;0.8334605103644103;1.0969775668155815;1.0969965542795672;0.7597731573924973;-0.12579504117199083;0.7700829848897414
92.266929;1.0940428076019735;0.8334709932299079;0.7617224338395749;0.12351245476772438;0.11289070196904046;1.096925267378175;9.997866614583613;0.8334583097437928;1.0969815536693586;1.0969956499109712;0.7597723218881799;-0.12579504099299307;0.7700845630398376
92.276929;1.0940464370684544;0.8334700567140614;0.7617200114491913;0.12351266959441247;0.11289080529564954;1.0969249408408213;9.997878015872192;0.8334561000081752;1.0969854469057005;1.0969948952233637;0.7597714851805482;-0.12579504080328194;0.7700861252024175
92.286929;1.0940501023951092;0.8334691143179926;0.7617176693080726;0.12351288646551761;0.11289090000647682;1.0969246330513045;9.997890211658;0.8334538832990167;1.0969892394381093;1.0969942979369554;0.7597706449354124;-0.12579504060373256;0.7700876715230845
92.296929;1.094053803478531;0.8334681647177902;0.7617154072344966;0.12351310516114931;0.11289098658321434;1.0969243453087074;9.997903214041566;0.8334516584822829;1.0969929260235185;1.0969938665596273;0.7597697975858394;-0.12579504039497338;0.7700892029785481
92.306929;1.0940575364006817;0.8334672066487245;0.7617132237834611;0.12351332546737645;0.11289106543475776;1.096924078937826;9.997917041791961;0.8334494216382884;1.096996501841926;1.0969936115915713;0.759768938243365;-0.1257950401770467;0.7700907198115737
92.316929;1.094061292733455;0.8334662396339474;0.7617111181121567;0.12351354712370942;0.11289113687127662;1.0969238372676193;9.99793171727544;0.8334471666861362;1.0969999626841032;1.0969935456530713;0.7597680612891385;-0.12579503994941274;0.7700922204191253
92.326929;1.0940650598827162;0.8334652640342768;0.7617090902880993;0.12351376978061683;0.11289120113177832;1.0969236253670953;9.997947266763266;0.8334448864259828;1.097003306059084;1.0969936800084046;0.7597671615816298;-0.1257950397113216;0.770093702175947
92.336929;1.0940688218918422;0.8334642806764999;0.7617071395789329;0.12351399292623;0.1128912583814705;1.0969234488438238;9.997963729041025;0.8334425732469677;1.0970065314675266;1.0969940215661171;0.7597662354897416;-0.1257950394620415;0.7700951628766578
92.346929;1.0940725611342612;0.8334632898882967;0.7617052630086095;0.12351421599759478;0.11289130863768915;1.0969233136456646;9.997981169848964;0.8334402186462372;1.0970096399574303;1.0969945736914704;0.759765281414065;-0.1257950392008983;0.7700966008696708
92.356929;1.0940762611137869;0.8334622908927249;0.7617034553806975;0.1235144386144283;0.1128913516841117;1.096923226207135;9.99799968447713;0.8334378123390631;1.0970126331900674;1.0969953381361712;0.7597642998512959;-0.12579503892748828;0.7700980147562855
92.366929;1.094079909090491;0.8334612826630967;0.7617017101319037;0.12351466066366913;0.11289138704346824;1.0969231930408028;9.99801937484562;0.8334353426818379;1.0970155121351426;1.0969963156719351;0.7597632927216912;-0.12579503864176997;0.770099403959367
92.376929;1.0940834970950373;0.8334602646428962;0.7617000206051674;0.12351488220542918;0.11289141406984789;1.0969232202199184;9.99804031597778;0.8334327986209334;1.097018276053628;1.0969975057321457;0.759762262149609;-0.12579503834397934;0.7701007693558561
92.386929;1.0940870213891865;0.8334592364215893;0.7616983810485566;0.12351510328995674;0.11289143212155711;1.0969233131302774;9.998062540775377;0.8334301713264455;1.0970209220600098;1.0969989055894;0.7597612093450742;-0.1257950380346906;0.770102112802272
92.396929;1.0940904801145082;0.8334581979440379;0.7616967865284416;0.12351532379718992;0.11289144070000647;1.0969234762128444;9.998086055462098;0.8334274544775125;1.0970234458691757;1.097000509818248;0.7597601345135147;-0.1257950377146778;0.7701034357254104
92.406929;1.0940938699225236;0.8334571506364589;0.76169523252684;0.12351554340170073;0.1128914395116196;1.09692371183391;9.998110864728734;0.833424643337109;1.0970258446683736;1.097002310646777;0.7597590376590422;-0.1257950373842816;0.7701047379071025
92.416929;1.0940971848065622;0.8334560977136427;0.7616937151975535;0.12351576167496489;0.11289142844708437;1.0969240182341555;9.998136976137905;0.8334217332095466;1.0970281197950362;1.0970042991823206;0.7597579192180687;-0.12579503704291972;0.7701060173120786
92.426929;1.0941004175351974;0.8334550430860062;0.7616922315873755;0.12351597831056245;0.11289140754587293;1.096924388918354;9.99816438641357;0.8334187192409757;1.097030275928831;1.0970064670035482;0.7597567805549377;-0.12579503668933145;0.770107270588501
92.436929;1.0941035611448673;0.8334539907650323;0.7616907796594654;0.12351619331062302;0.11289137704455884;1.0969248152053939;9.998193078507242;0.8334155982613011;1.0970323189126994;1.097008807043981;0.7597556240161885;-0.12579503632211977;0.770108493519612
92.446929;1.0941066096830931;0.8334529455191766;0.7616893585031911;0.12351640695084107;0.11289133739997055;1.096925289984959;9.99822303619856;0.833412370922151;1.0970342551163657;1.0970113131405501;0.7597544519539031;-0.12579503593993804;0.7701096814762816
92.456929;1.0941095583530642;0.8334519129558176;0.7616879681103162;0.12351661966543935;0.1128912892213681;1.0969258098469763;9.998254251068772;0.8334090426762605;1.097036090685201;1.097013978825571;0.759753265940743;-0.12579503554154173;0.7701108300677444
92.466929;1.0941124030572762;0.8334508982946106;0.7616866094332241;0.12351683202412744;0.1128912332037368;1.0969263747867155;9.998286707677558;0.8334056233899131;1.0970378305210915;1.0970167966371096;0.7597520671857495;-0.1257950351259365;0.7701119355429779
92.476929;1.0941151395577522;0.8334499053098833;0.7616852849676758;0.12351704465527825;0.11289117000734816;1.0969269860248079;9.998320372867044;0.8334021260605959;1.097039479131838;1.0970197585283405;0.7597508570132036;-0.12579503469232864;0.7701129943580666
92.486929;1.0941177630046197;0.8334489363590207;0.7616839981897616;0.12351725800603912;0.11289110013005295;1.0969276433395798;9.998355210963403;0.8333985651829506;1.0970410421372314;1.0970228565257005;0.7597496364346857;-0.12579503423997862;0.7701140024492569
92.496929;1.0941202688145213;0.8334479926915118;0.7616827522825583;0.12351747216697834;0.11289102393884075;1.0969283442031128;9.998391200618942;0.8333949554574136;1.0970425264061068;1.097026083038867;0.7597484057843011;-0.12579503376846604;0.7701149554885391
92.506929;1.0941226539116984;0.8334470742727373;0.7616815495607778;0.12351768695722712;0.11289094175857822;1.0969290851187472;9.998428329235084;0.8333913114975222;1.0970439388646533;1.097029431175264;0.7597471650263281;-0.125795033278208;0.770115849800667
92.516929;1.0941249171153768;0.8334461793165127;0.761680391974336;0.12351790214238706;0.11289085391501771;1.0969298632033038;9.998466580719176;0.8333876481297539;1.0970452850411267;1.0970328944157244;0.7597459137423193;-0.12579503277047982;0.7701166829074962
92.526929;1.094127059202966;0.8334453037755947;0.7616792824323229;0.12351811753086234;0.11289076076992248;1.096930676783802;9.998505932728083;0.8333839803270068;1.0970465688815205;1.0970364650057838;0.7597446506643902;-0.1257950322468557;0.7701174540896971
92.536929;1.0941290827454286;0.8334444411518894;0.7616782250400247;0.12351833292366443;0.11289066272369533;1.0969315252711611;9.998546352165736;0.8333803227735843;1.097047793202838;1.0970401326806936;0.7597433738878697;-0.1257950317086594;0.7701181648245922
92.546929;1.0941309916838529;0.8334435832581852;0.7616772238430709;0.1235185481068067;0.11289056025772913;1.0969324090388128;9.99858778612901;0.8333766898099755;1.0970489589911516;1.0970438855058389;0.7597420817661676;-0.12579503115674107;0.7701188183221976
92.556929;1.094132790851527;0.8334427213356616;0.761676282638382;0.12351876288559382;0.11289045404186063;1.0969333292437482;9.99863015822788;0.8333730960286813;1.097050064141911;1.097047711907039;0.7597407732978686;-0.12579503059167343;0.7701194184048857
92.566929;1.0941344853109107;0.8334418458630724;0.7616754060788173;0.12351897708521761;0.11289034486163504;1.096934287694684;9.998673367065317;0.8333695568040905;1.0970511035485628;1.0970516014702;0.7597394479713134;-0.1257950300141824;0.7701199684408185
92.576929;1.0941360800988014;0.8334409456136973;0.7616745998370421;0.12351919056032118;0.1128902333106032;1.0969352874487583;9.998717293284823;0.8333660876214071;1.0970520714575025;1.0970555447607635;0.7597381061228614;-0.1257950294252889;0.7701204716144145
92.586929;1.094137580563646;0.8334400078890597;0.7616738692241005;0.12351940316600506;0.11289011959158927;1.096936333470921;9.998761821870154;0.833362702659678;1.097052964147867;1.0970595340544642;0.7597367496215025;-0.1257950288260549;0.770120932321997
92.596929;1.0941389920229747;0.8334390196418955;0.7616732173893141;0.12351961459324258;0.11289000365291114;1.096937432411491;9.998806852707128;0.8333594143415191;1.0970537800790305;1.097063563722393;0.7597353820746074;-0.12579502821734578;0.7701213562935969
92.606929;1.0941403179890272;0.8334379685902593;0.7616726444750113;0.12351982413507837;0.11288988542734073;1.0969385915310472;9.998852288392795;0.8333562338717464;1.097054517796697;1.0970676288598433;0.759734008658761;-0.12579502759972266;0.7701217491433797
92.616929;1.0941415589976637;0.8334368443419072;0.761672147693947;0.12352003063531013;0.1128897648700327;1.0969398175283347;9.998898027440326;0.8333531717220636;1.0970551741804342;1.0970717238357313;0.7597326355303538;-0.1257950269733358;0.7701221152975053
92.626929;1.0941427144524927;0.8334356392890804;0.7616717216865034;0.12352023268679031;0.1128896419131362;1.0969411167325989;9.998943970902376;0.8333502378493566;1.0970557446674642;1.0970758416256798;0.759731268750534;-0.1257950263378378;0.7701224582518017
92.636929;1.094143785308813;0.8334343491173332;0.7616713594881335;0.12352042883544492;0.11288951658558008;1.0969424961554164;9.99899002579473;0.8333474419723964;1.0970562246408415;1.0970799735516337;0.759729913549329;-0.12579502569233403;0.7701227814289191
92.646929;1.0941447745710369;0.8334329729121175;0.7616710539839161;0.12352061765067684;0.11288938915201399;1.096943963263055;9.999036103665263;0.8333447941700578;1.0970566104250703;1.0970841102400715;0.7597285745304178;-0.12579502503543705;0.7701230885253073
92.656929;1.0941456863839472;0.8334315122402625;0.761670799072536;0.12352079772803848;0.112889260057031;1.0969455253185942;9.99908212486308;0.8333423050048895;1.097056899345931;1.0970882436881826;0.7597272562163205;-0.12579502436553106;0.7701233832355753
92.666929;1.0941465246786417;0.8334299693014372;0.7616705901549454;0.12352096767488438;0.11288912984757243;1.0969471892012612;9.999128027590436;0.833339984320861;1.097057088684421;1.0970923680031328;0.7597259633298844;-0.12579502368103865;0.7701236687165076
92.676929;1.0941472921131963;0.833428345425447;0.7616704239793344;0.12352112608342021;0.11288899917843478;1.0969489604633513;9.999173775044671;0.833337839698588;1.0970571740224695;1.0970964777872905;0.7597247013854463;-0.1257950229807104;0.7701239471093527
92.686929;1.0941479903797342;0.8334266408487;0.7616702978986093;0.12352127156620847;0.11288886875662991;1.0969508431027493;9.999219358038511;0.833335875923012;1.0970571488983154;1.0971005660465738;0.7597234773202995;-0.12579502226406486;0.7701242196786048
92.696929;1.094148620609278;0.8334248554457683;0.7616702086901114;0.12352140289297962;0.11288873933567843;1.0969528408934954;9.999264781958276;0.8333340951378472;1.0970570066606151;1.09710462310423;0.7597222988104391;-0.1257950215316201;0.7701244874861708
92.706929;1.0941491826051117;0.8334229889339436;0.7616701519457106;0.12352151911137652;0.11288861185584248;1.0969549578800293;9.99931004364734;0.8333324968807876;1.0970567424592892;1.0971086365154057;0.7597211727838802;-0.12579502078469565;0.7701247515931994
92.716929;1.0941496735996958;0.8334210405490844;0.7616701228245044;0.12352161962336194;0.11288848744966355;1.0969571978431312;9.999355125358415;0.8333310788098178;1.097056353675744;1.097112591512484;0.7597201046956857;-0.12579502002503085;0.7701250124011187
92.726929;1.0941500871954224;0.8334190093954422;0.7616701170932733;0.12352170425128958;0.1128883672486702;1.0969595639062493;9.99940000717933;0.83332983811253;1.097055839392611;1.0971164719786908;0.7597190989360141;-0.12579501925466638;0.7701252689271174
92.736929;1.0941504131881188;0.8334168947740813;0.7616701310659854;0.12352177320411148;0.11288825227995761;1.0969620583828619;9.999444681824656;0.8333287715061484;1.0970551996915439;1.0971202624241523;0.759718159657138;-0.12579501847628188;0.7701255189214196
92.746929;1.0941506385940767;0.833414696350926;0.7616701606069162;0.12352182697497444;0.11288814352210304;1.0969646829067834;9.999489161513264;0.8333278739606977;1.0970544350633684;1.0971239500774081;0.7597172910297267;-0.12579501769344742;0.7701257600404883
92.756929;1.094150748962021;0.8334124155663696;0.7616702003421427;0.12352186626305442;0.11288804192200533;1.0969674385994295;9.999533467728243;0.8333271381899398;1.097053545944402;1.0971275255528181;0.7597164968221314;-0.12579501691024061;0.7701259907269898
92.766929;1.094150729677893;0.8334100574033491;0.761670244077566;0.12352189183668193;0.11288794824224098;1.0969703257191576;9.999577610798093;0.8333265550944636;1.0970525324959273;1.0971309824605433;0.7597157801217661;-0.1257950161305998;0.7701262093257115
92.776929;1.094150567566995;0.8334076302927194;0.7616702865700289;0.12352190435446224;0.11288786289683485;1.0969733425125932;9.999621581340211;0.8333261146666692;1.097051394891575;1.097134317601374;0.7597151434837922;-0.12579501535795762;0.7701264127487641
92.786929;1.094150252284497;0.8334051440798277;0.7616703257985973;0.12352190433813709;0.11288778602578667;1.0969764842295648;9.99966535870276;0.8333258070309346;1.0970501336234502;1.0971375316282903;0.7597145889968961;-0.12579501459516398;0.7701265968412422
92.796929;1.09414977717186;0.8334026077438896;0.7616703638595792;0.12352189225992165;0.1128877176966974;1.0969797436456068;9.999708921325093;0.833325622265553;1.0970487495679455;1.0971406287280547;0.7597141179084725;-0.12579501384446018;0.7701267577458296
92.806929;1.0941491397494842;0.8334000282484877;0.7616704052549308;0.12352186851874306;0.11288765795394816;1.0969831124232008;9.999752247501053;0.8333255491533317;1.0970472447065232;1.0971436158190953;0.7597137300269463;-0.1257950131075136;0.7701268919780885
92.816929;1.0941483421730207;0.8333974106296634;0.7616704537452097;0.12352183339653759;0.11288760675511773;1.0969865821516775;9.999795311453813;0.8333255752095661;1.0970456236792032;1.0971465017944808;0.7597134238112974;-0.12579501238578183;0.7701269953579971
92.826929;1.0941473916243083;0.8333947589140323;0.7616705097354186;0.12352178724218431;0.11288756398077053;1.0969901453397084;9.999838082443492;0.8333256881218573;1.097043894715317;1.0971492962213039;0.7597131971355697;-0.12579501168103385;0.7701270630716618
92.836929;1.0941462992686055;0.8333920772086582;0.7616705698117533;0.12352173071022478;0.11288752948751965;1.0969937959260974;9.999880522355802;0.8333258763919452;1.0970420692204084;1.0971520087476807;0.7597130476697133;-0.12579501099552068;0.7701270913922502
92.846929;1.0941450777980668;0.8333893700601547;0.7616706286411682;0.12352166472064514;0.11288750313922578;1.0969975282416458;9.999922580323794;0.8333261286616361;1.0970401606363784;1.0971546495772517;0.7597129734010233;-0.12579501033181897;0.7701270790067845
92.856929;1.094143739821994;0.8333866421458147;0.76167068097026;0.12352159028917434;0.11288748487459853;1.0970013355954134;9.999964189268827;0.8333264333528594;1.0970381828380573;1.0971572291616056;0.7597129735220324;-0.1257950096926794;0.7701270263830968
92.866929;1.0941422974918953;0.8333838977051995;0.7616707218374967;0.12352150849346837;0.1128874747531982;1.0970052102197172;10.000005264927237;0.8333267796138306;1.097036148910668;1.0971597579512926;0.7597130480032046;-0.12579500908089572;0.770126934490649
92.876929;1.0941407625843367;0.8333811396757151;0.7616707459029843;0.12352142037938188;0.1128874728705845;1.0970091441219172;10.000045714913842;0.8333271586797141;1.0970340710665376;1.0971622478296768;0.7597131961624182;-0.12579500849900901;0.770126804548776
92.886929;1.0941391475007274;0.8333783689049096;0.7616707478493069;0.12352132670002325;0.11288747921409793;1.0970131293838734;10.000085456719566;0.8333275644596656;1.0970319601831355;1.0971647126190465;0.7597134163314029;-0.12579500794898218;0.7701266383022909
92.896929;1.0941374663264103;0.8333755840327531;0.7616707234898732;0.12352122779256042;0.1128874935864388;1.0970171570053588;10.000124418379286;0.8333279929412754;1.0970298241803422;1.0971671659441131;0.7597137060978636;-0.12579500743218075;0.7701264379447068
92.906929;1.094135734399267;0.833372782166364;0.7616706695744349;0.123521123759314;0.11288751566956777;1.0970212156411547;10.0001625213633;0.8333284409527282;1.0970276675673978;1.0971696195955245;0.7597140616800866;-0.12579500694966464;0.770126205688167
92.916929;1.0941339671733978;0.8333699597372027;0.7616705828691868;0.12352101478737204;0.11288754526712035;1.0970252919932661;10.000199682004268;0.8333289053187701;1.097025493007066;1.0971720837475623;0.7597144775345254;-0.12579500650249423;0.7701259434317808
92.926929;1.0941321789968281;0.8333671129820528;0.7616704604095008;0.12352090127938813;0.11288758252109501;1.0970293713991355;10.000235838436058;0.8333293825446774;1.0970233024648386;1.0971745666318344;0.7597149471574728;-0.12579500609171937;0.7701256527635119
92.936929;1.094130381842882;0.8333642385161113;0.761670300630278;0.1235207836325614;0.11288762780164575;1.097033437690327;10.000270973967208;0.8333298684147268;1.0970210972499468;1.0971770731230237;0.7597154637559236;-0.12579500571806862;0.770125334957681
92.946929;1.0941285853965421;0.8333613344256896;0.7616701040963241;0.12352066195781074;0.11288768139961786;1.0970374742859677;10.000305119188674;0.8333303572600791;1.0970188784113113;1.097179604734331;0.7597160200839052;-0.12579500538171948;0.7701249911037112
92.956929;1.0941267984317609;0.8333584009837601;0.7616698730954139;0.12352053609401031;0.11288774332301289;1.0970414665960126;10.000338337617539;0.8333308418546583;1.097016647604147;1.0971821620269275;0.759716609036798;-0.12579500508210748;0.7701246227518723
92.966929;1.094125029783348;0.8333554402300122;0.7616696104303246;0.12352040585171775;0.11288781324994535;1.097045403274829;10.000370706794364;0.8333313151005747;1.097014407910461;1.097184746611788;0.7597172251807793;-0.12579500481775255;0.7701242324730746
92.976929;1.0941232880093383;0.8333524553356291;0.7616693184254596;0.1235202711936806;0.11288789063481418;1.0970492756791113;10.00040230331552;0.8333317720153731;1.0970121646265105;1.0971873606528968;0.7597178646770323;-0.1257950045865609;0.7701238239403011
92.986929;1.0941215798044943;0.833349450062381;0.7616689980971465;0.12352013221768125;0.11288797490996387;1.097053077068444;10.000433191983717;0.8333322096527581;1.097009925174198;1.097190005376766;0.7597185236594942;-0.12579500438625685;0.7701234023517847
92.996929;1.094119909193173;0.8333464274947714;0.7616686484120159;0.12351998901151673;0.1128880655783811;1.0970568017305324;10.000463414833675;0.8333326260189339;1.0970076976863508;1.0971926799807197;0.7597191977485276;-0.12579500421413314;0.7701229754104968
93.006929;1.0941182793224216;0.8333433892209519;0.7616682669158291;0.1235198415091886;0.11288816212492951;1.0970604428310264;10.000492983492238;0.8333330201883393;1.0970054895646422;1.0971953807809385;0.7597198828452922;-0.12579500406654917;0.7701225531983052
93.016929;1.0941166947942131;0.8333403367742842;0.7616678515897928;0.12351968946723511;0.11288826391792155;1.0970639903704869;10.000521885789391;0.8333333928749936;1.097003307019998;1.097198100478511;0.7597205757680876;-0.12579500393912751;0.7701221462272748
93.026929;1.0941151620025575;0.8333372740617518;0.7616674020402138;0.1235195326068959;0.11288837028561187;1.0970674318829574;10.000550103799748;0.8333337461606505;1.0970011557973753;1.097200827967096;0.75972127425749;-0.1257950038275996;0.770121763435797
93.036929;1.0941136882671656;0.8333342083234312;0.7616669197912119;0.12351937080989327;0.11288848073160808;1.0970707549423597;10.000577622959563;0.8333340827415106;1.0969990417056914;1.0972035500272945;0.7597219764492048;-0.12579500372834332;0.770121411021877
93.046929;1.0941122817449507;0.8333311496158884;0.7616664082923416;0.1235192041854422;0.11288859506006685;1.0970739492529393;10.000604429336997;0.8333344049334069;1.0969969695236406;1.0972062545998205;0.7597226803055126;-0.12579500363810106;0.7701210917730659
93.056929;1.094110951803517;0.8333281096313482;0.7616658723844643;0.12351903300288118;0.11288871335146226;1.0970770075461638;10.000630509639539;0.8333347142906345;1.0969949422175138;1.0972089328830061;0.7597233834156006;-0.12579500355357473;0.7701208054084598
93.066929;1.094109707884091;0.8333250998163853;0.7616653173840079;0.1235188576773112;0.11288883587180669;1.097079924911037;10.000655852355107;0.8333350126604191;1.0969929615690028;1.0972115795501916;0.7597240834011721;-0.12579500347136946;0.7701205500024829
93.076929;1.094108557826554;0.8333221296768399;0.7616647483404153;0.12351867882417435;0.1128889629341094;1.0970826978455916;10.00068044576964;0.8333353027975309;1.0969910291828586;1.0972141913663138;0.759724779057824;-0.12579500338791205;0.7701203230286686
93.086929;1.0941075078506963;0.8333192064755012;0.7616641694827855;0.1235184972196495;0.11288909482741795;1.0970853245199812;10.00070427922582;0.8333355875417994;1.0969891481029137;1.0972167636696415;0.7597254715930053;-0.1257950032995812;0.7701201213995588
93.096929;1.094106562561286;0.833316336227318;0.7616635837660686;0.12351831370520155;0.11288923185303762;1.0970878050619788;10.000727347695035;0.8333358696416211;1.0969873238393495;1.0972192875669617;0.7597261648796998;-0.12579500320332165;0.7701199414345424
93.106929;1.0941057238614273;0.8333135251320561;0.7616629927630242;0.12351812915432807;0.11288937429748863;1.097090140821791;10.000749653660245;0.8333361529146219;1.0969855634442676;1.0972217511010185;0.7597268642440725;-0.12579500309698052;0.7701197788009068
93.116929;1.0941049907032847;0.83331078032938;0.7616623969403618;0.12351794449939524;0.11288952225316293;1.09709233406738;10.000771201955713;0.8333364427264043;1.0969838747030858;1.0972241422042945;0.7597275750907854;-0.12579500297900328;0.7701196284835629
93.126929;1.0941043594651536;0.8333081092764096;0.7616617964383802;0.12351776082974454;0.11288967540727758;1.097094389039633;10.000791990451726;0.8333367449298561;1.0969822667685574;1.0972264502038236;0.759728302685434;-0.12579500284811473;0.7701194854263862
93.136929;1.094103824221398;0.8333055184022875;0.76166119260331;0.12351757943319597;0.11288983302080344;1.0970963126345492;10.000812006234268;0.8333370651912796;1.096980750333278;1.097228666460455;0.7597290517829618;-0.12579500270331379;0.7701193452322527
93.146929;1.0941033776075042;0.8333030121232223;0.7616605893502664;0.12351740161123799;0.11288999417846644;1.097098113623072;10.000831230768346;0.8333374096906561;1.096979336635829;1.0972307854437342;0.7597298253707;-0.12579500254398968;0.7701192040517264
93.156929;1.0941030114819;0.8333005928877809;0.7616599931544783;0.12351722845333388;0.1128901580358453;1.097099801597864;10.000849650139758;0.8333377855201597;1.0969780368211997;1.0972328047697852;0.7597306239846312;-0.12579500236991858;0.7701190578404473
93.166929;1.0941027173082507;0.8332982623850149;0.7616594119277212;0.12351706079234921;0.11289032379663791;1.0971013863899044;10.000867260738714;0.8333382001786823;1.096976861389391;1.0972347227706665;0.7597314460434778;-0.12579500218089903;0.7701189021144565
93.176929;1.0941024871022822;0.8332960223165421;0.7616588536194541;0.12351689929757902;0.11289049066149061;1.0971028778872465;10.000884060888804;0.8333386616986649;1.096975819309361;1.097236535326981;0.7597322887305724;-0.12579500197645063;0.770118732597732
93.186929;1.0941023143394029;0.8332938732666492;0.7616583247371297;0.12351674461925048;0.11289065788547772;1.0971042855224231;10.000900039531196;0.833339179865559;1.096974918271114;1.0972382343511544;0.7597331490553169;-0.125795001756211;0.7701185456161702
93.196929;1.0941021940619429;0.8332918133589355;0.7616578289709163;0.12351659754214431;0.11289082466912212;1.0971056166362427;10.000915174083476;0.8333397668198371;1.0969741660609922;1.0972398086133193;0.7597340245601427;-0.125795001520326;0.7701183376867652
93.206929;1.0941021217050355;0.8332898391242557;0.7616573666157571;0.12351645904143639;0.11289098998496894;1.0971068746538069;10.000929429275399;0.833340436265428;1.0969735713854405;1.0972412453372857;0.7597349134832988;-0.1257950012690943;0.7701181049455202
93.216929;1.094102091823203;0.8332879472933064;0.7616569351906178;0.12351633014177281;0.11289115264328421;1.0971080581916306;10.000942762323168;0.833341202331846;1.0969731431336103;1.0972425309154157;0.7597358143083305;-0.12579500100265306;0.7701178431200132
93.226929;1.0941020990417134;0.833286134246459;0.7616565312643717;0.12351621173568228;0.1128913115554396;1.0971091620864528;10.000955141560157;0.8333420786517299;1.096972888673186;1.0972436523990783;0.759736725260009;-0.12579500072119446;0.7701175479247961
93.236929;1.0941021404012643;0.8332843942464045;0.7616561525597443;0.1235161045382792;0.11289146596962804;1.0971101805474492;10.000966557212703;0.8333430780324224;1.096972812711;1.0972445998160805;0.7597376446267534;-0.12579500042498373;0.7701172152666829
93.246929;1.094102216013351;0.8332827201359223;0.7616557986003913;0.12351600910093186;0.11289161551396706;1.0971111093674355;10.000977015153703;0.833344212512021;1.0969729171351295;1.0972453661288448;0.7597385713508;-0.12579500011398947;0.7701168412741118
93.256929;1.0941023270477972;0.8332811056260816;0.7616554700933537;0.12351592583264145;0.11289176013889746;1.0971119454049785;10.000986524717801;0.8333454932873862;1.0969732015194318;1.0972459458319932;0.7597395048266888;-0.1257949997878221;0.7701164222446651
93.266929;1.0941024732354692;0.8332795460304383;0.7616551682457644;0.12351585506886913;0.11289190002896614;1.0971126855489115;10.000995082158944;0.833346930705356;1.096973664112032;1.0972463350893211;0.7597404436843611;-0.1257949994461457;0.7701159544949179
93.276929;1.0941026522751225;0.8332780378747245;0.7616548939809327;0.12351579713934967;0.1128920353891768;1.0971133263769353;10.0010026529778;0.833348533164794;1.0969743026620742;1.09724653256436;0.7597413847830624;-0.12579499908880531;0.770115434608409
93.286929;1.0941028606698047;0.8332765792445158;0.7616546474857949;0.1235157523640433;0.11289216624703477;1.0971138646195422;10.001009165597955;0.8333503049889484;1.0969751146980375;1.0972465398332916;0.7597423244195528;-0.12579499871532251;0.7701148602268547
93.296929;1.094103094669029;0.8332751702287247;0.761654428495065;0.12351572100524673;0.11289229241954057;1.0971142984039155;10.001014524216375;0.833352246228562;1.0969760972594014;1.0972463615669141;0.7597432609856941;-0.12579499832458496;0.7701142307418342
93.306929;1.0941033508530558;0.8332738125636929;0.7616542365016519;0.12351570324238312;0.11289241351293898;1.0971146272292254;10.001018634103557;0.8333543546107715;1.0969772463674141;1.0972460051211044;0.7597441958189614;-0.12579499791538065;0.7701135473230295
93.316929;1.0941036258750816;0.8332725090998946;0.7616540707560548;0.12351569916866756;0.1128925288975241;1.0971148500514323;10.001021416382226;0.8333566270731796;1.096978556711009;1.0972454792801558;0.7597451316621863;-0.12579499748717385;0.770112812549984
93.326929;1.0941039160779484;0.8332712627807026;0.761653930365304;0.12351570874825876;0.11289263772732945;1.0971149638264452;10.001022799846648;0.8333590607481758;1.0969800213730567;1.097244792825787;0.7597460712581882;-0.1257949970403317;0.7701120306049267
93.336929;1.0941042182017164;0.8332700749166798;0.7616538142740653;0.12351573172926207;0.1128927390430586;1.0971149642953009;10.001022712247721;0.8333616543098158;1.0969816318388077;1.0972439542945165;0.7597470171686593;-0.1257949965759439;0.7701112080647267
93.346929;1.094104530730898;0.8332689446984478;0.7616537216802493;0.12351576764713089;0.11289283202190685;1.097114848223205;10.001021088446873;0.8333644085028827;1.096983378671004;1.0972429727862185;0.7597479716624252;-0.12579499609562234;0.7701103539278887
93.356929;1.0941048541712912;0.8332678704456057;0.7616536533582807;0.1235158159810603;0.11289291627996371;1.097114614371286;10.001017875523436;0.8333673250949877;1.0969852523312227;1.0972418580680743;0.7597489359129935;-0.12579499560117047;0.770109478614013
93.366929;1.0941051896451393;0.833266850423188;0.7616536122603463;0.12351587631135484;0.1128929918829948;1.0971142625697332;10.001013020170635;0.8333704057541089;1.0969872438850328;1.0972406201320892;0.7597499090285809;-0.1257949950943458;0.7701085932855092
93.376929;1.0941055372985036;0.8332658827277909;0.7616536021867016;0.12351594831010188;0.11289305903474123;1.0971137931473818;10.00100645362789;0.8333736515221883;1.096989345050209;1.0972392687791894;0.7597508879732713;-0.12579499457696314;0.7701077094610334
93.386929;1.0941058957018537;0.8332649658695026;0.7616536259530169;0.12351603160584188;0.1128931178179513;1.0971132077493866;10.000998090759834;0.8333770618634639;1.0969915474983896;1.0972378124725333;0.7597518686945216;-0.1257949940508288;0.7701068378476228
93.396929;1.094106262334756;0.8332641000108183;0.761653684601587;0.12351612569297943;0.11289316814345404;1.0971125101679604;10.000987844958438;0.8333806339114771;1.0969938429946295;1.097236257297654;0.7597528474472192;-0.12579499351742715;0.7701059870524374
93.406929;1.0941066341836045;0.833263286716411;0.761653777886317;0.12351622994718138;0.11289320981049017;1.0971117058052036;10.000975650534675;0.8333843631626718;1.096996223861669;1.0972346065702014;0.7597538212143203;-0.12579499297777436;0.7701051635800705
93.416929;1.0941070070668812;0.8332625270410519;0.7616539052003173;0.12351634372413899;0.11289324254452468;1.0971108008266632;10.000961476179706;0.8333882441884879;1.0969986824136864;1.0972328600353263;0.7597547873502134;-0.12579499243251793;0.7701043729807242
93.426929;1.0941073749038648;0.8332618207535092;0.7616540660032168;0.1235164664451985;0.11289326597189422;1.0971098029969697;10.00094531689817;0.8333922700662244;1.097001210584585;1.0972310136260004;0.7597557433473409;-0.12579499188219553;0.7701036207909818
93.436929;1.094107730717175;0.8332611677126502;0.7616542602106742;0.12351659757161042;0.11289327962371548;1.0971087229016834;10.000927178917404;0.8333964319657846;1.0970037999895046;1.0972290608844477;0.7597566868432083;-0.1257949913274374;0.7701029128208311
93.446929;1.0941080681690727;0.8332605687819002;0.7616544891345968;0.12351673656208928;0.1128932829685531;1.0971075725630037;10.000907079501456;0.8334007199014284;1.0970064422618535;1.0972269947525517;0.7597576156346432;-0.12579499076891903;0.7701022554472786
93.456929;1.0941083820152895;0.8332600243746917;0.7616547561548984;0.12351688291445359;0.11289327550490146;1.0971063624632593;10.000885055480635;0.8334051234411574;1.0970091303944485;1.0972248086244267;0.7597585281891599;-0.12579499020714363;0.7701016554755552
93.466929;1.0941086681126633;0.8332595326842502;0.7616550663345291;0.1235170362079542;0.11289325697239724;1.0971051001958425;10.000861169415202;0.8334096313096198;1.0970118596235365;1.0972224967465596;0.7597594241882116;-0.12579498964231187;0.7701011188749258
93.476929;1.0941089236626507;0.8332590902102069;0.761655425748486;0.12351719608035773;0.11289322750864152;1.0971037908207797;10.000835520092817;0.8334142307782006;1.097014625996829;1.0972200541899542;0.7597603039518143;-0.12579498907452968;0.7701006499488605
93.486929;1.0941091469267716;0.8332586932535129;0.7616558412646021;0.12351736221528993;0.11289318755836976;1.0971024372758704;10.00080824801415;0.8334189085291231;1.0970174238981947;1.0972174758589417;0.7597611672429861;-0.12579498850415358;0.7701002521906407
93.496929;1.0941093365942924;0.833258338117311;0.76165632015305;0.12351753428411408;0.11289313762897227;1.09710104109359;10.000779513618843;0.8334236525949054;1.0970202452755824;1.0972147549613556;0.7597620126008036;-0.12579498793173022;0.7700999291824527
93.506929;1.094109491167212;0.8332580208295454;0.7616568694199409;0.12351771176525565;0.1128930781402509;1.0970996044119328;10.000749469801539;0.8334284530366681;1.0970230806970929;1.0972118831626958;0.7597628377057338;-0.12579498735755718;0.7700996840454213
93.516929;1.0941096073651648;0.8332577373715279;0.7616574955494574;0.1235178938522769;0.11289300938066242;1.097098131205453;10.000718261507055;0.8334333009296926;1.0970259205399395;1.0972088523365215;0.7597636404615363;-0.12579498678152365;0.7700995181965068
93.526929;1.0941096790568654;0.8332574833049277;0.7616582045983882;0.12351807953740249;0.11289293146374328;1.097096625424381;10.00068603698685;0.8334381874269179;1.097028755493534;1.0972056557140153;0.7597644194592849;-0.12579498620344523;0.7700994310899918
93.536929;1.0941096997714845;0.8332572520994886;0.761659002437011;0.12351826767463933;0.1128928443723393;1.0970950890127107;10.0006529519992;0.8334431037984072;1.0970315763561145;1.097202287894277;0.7597651730566342;-0.12579498562336847;0.7700994215677028
93.546929;1.0941096667755041;0.8332570335815129;0.7616598950704738;0.12351845697497067;0.11289274803862397;1.0970935228088752;10.000619168935662;0.8334480419505597;1.0970343738123114;1.0971987443596283;0.7597658979385994;-0.12579498504168107;0.7700994895016485
93.556929;1.0941095819845077;0.8332568141909454;0.7616608886797313;0.12351864611571488;0.1128926422746654;1.0970919284333818;10.000584847275677;0.8334529945941782;1.0970371388419535;1.0971950208888062;0.759766588557303;-0.12579498445922443;0.7700996363350328
93.566929;1.094109449593237;0.8332565786946525;0.7616619897243333;0.12351883404323817;0.11289252669537211;1.0970903097587132;10.000550130985044;0.8334579548627445;1.097039863754074;1.0971911130863714;0.7597672376746097;-0.12579498387724602;0.7700998645119238
93.576929;1.0941092736751559;0.8332563118724852;0.7616632052638925;0.12351902029854571;0.11289240081140811;1.097088674121317;10.00051514805588;0.8334629160808861;1.0970425430686868;1.097187016339092;0.7597678370590949;-0.1257949832973079;0.7701001767498453
93.586929;1.0941090577311257;0.8332559994832632;0.7616645427581197;0.12351920514264915;0.11289226417772255;1.0970870316363055;10.000480016921207;0.8334678721191447;1.0970451735456392;1.0971827265857208;0.7597683782034369;-0.12579498272152773;0.7701005757521071
93.596929;1.0941088058134332;0.8332556287468418;0.7616660098407593;0.12351938934660193;0.11289211650115896;1.0970853921006047;10.000444848165358;0.8334728179185245;1.097047753997617;1.0971782415185225;0.7597688534030415;-0.12579498215278442;0.7701010635625004
93.606929;1.094108523261857;0.8332551888744059;0.761667614634804;0.12351957378549713;0.1128919577482324;1.0970837617390008;10.000409742476831;0.8334777501473846;1.097050285245515;1.097173561096841;0.7597692566828436;-0.1257949815943104;0.7701016403057215
93.616929;1.094108216280188;0.8332546716529248;0.7616693654386754;0.12351975915909455;0.11289178818388322;1.0970821413592085;10.00037478328048;0.8334826680110037;1.0970527696433694;1.0971686879697822;0.759769584034695;-0.1257949810491173;0.7701023035037297
93.626929;1.094107891272522;0.8332540714498048;0.7616712694725859;0.12351994592077557;0.11289160823597232;1.0970805265706915;10.000340029077297;0.8334875729547897;1.0970552103897875;1.097163628880912;0.7597698330605834;-0.12579498051994797;0.770103048761532
93.636929;1.0941075545805832;0.8332533845140655;0.7616733321659103;0.12352013433508152;0.11289141833446707;1.097078910202905;10.000305517393583;0.8334924671438722;1.0970576109927206;1.0971583952096668;0.7597700026270792;-0.12579498000959738;0.7701038712154693
93.646929;1.0941072130904017;0.8332526085305088;0.761675557860045;0.12352032458249414;0.11289121892811922;1.0970772852054471;10.000271271915782;0.8334973523793128;1.0970599741120381;1.097153001763643;0.7597700928402032;-0.12579497952095275;0.7701047662304474
93.656929;1.0941068752224523;0.8332517430775731;0.7616779510200495;0.12352051683367862;0.11289101059321928;1.0970756469072025;10.000237298888937;0.8335022295138758;1.0970623007437434;1.0971474660098695;0.759770105231079;-0.12579497905660383;0.7701057290540712
93.666929;1.0941065507038463;0.8332507898252492;0.7616805167224894;0.12352071128748966;0.11289079400877514;1.0970739948986756;10.000203581336516;0.8335070976017396;1.0970645923231084;1.0971418078130406;0.7597700432492756;-0.12579497861854017;0.7701067545838703
93.676929;1.094106248629952;0.8332497516473948;0.761683260677062;0.12352090810681239;0.1128905698426736;1.0970723335126873;10.000170086967387;0.8335119539182047;1.0970668538371873;1.0971360480324008;0.7597699122139534;-0.12579497820829336;0.7701078376071041
93.686929;1.0941059752320648;0.8332486322246214;0.7616861890797075;0.12352110728664656;0.11289033882874318;1.097070670401252;10.000136793247542;0.8335167956019393;1.0970690937702878;1.09713020643316;0.759769717249473;-0.12579497782720378;0.7701089729552767
93.696929;1.0941057333718072;0.833247437006457;0.7616893073566889;0.12352130866710812;0.11289010198869111;1.0970690151572629;10.0001037167176;0.8335216208473135;1.0970713216399846;1.0971243008008988;0.7597694603804341;-0.12579497747650611;0.7701101554592213
93.706929;1.094105524709288;0.8332461741269771;0.7616926182393681;0.12352151208255732;0.11288986065330767;1.0970673790447136;10.00007092186957;0.8335264285284029;1.0970735464436732;1.0971183478261912;0.7597691401058538;-0.12579497715743285;0.770111379872535
93.716929;1.094105353220234;0.833244854185562;0.7616961212834376;0.12352171751239974;0.11288961624666569;1.0970657748333978;10.000038500506914;0.8335312178059053;1.097075776593541;1.0971123636778741;0.7597687534642883;-0.12579497687147007;0.7701126405115608
93.726929;1.0941052266253564;0.8332434892027377;0.7616998139103296;0.12352192521322061;0.11288937005318171;1.0970642161622164;10.00000653772066;0.833535987942283;1.0970780203064214;1.0971063635698368;0.7597682974994046;-0.1257949766205639;0.7701139310565174
93.736929;1.094105154610048;0.8332420916973653;0.761703692446323;0.12352213573103794;0.11288912312941908;1.0970627166502565;9.999975089212986;0.8335407378124191;1.0970802861239686;1.0971003620260682;0.7597677697271683;-0.12579497640711568;0.770115245163119
93.746929;1.0941051472172292;0.833240674482501;0.7617077529878975;0.1235223496894287;0.11288887644579726;1.0970612892105145;9.999944181306768;0.8335454660248329;1.0970825830678346;1.0970943733367482;0.7597671686076306;-0.1257949762337755;0.7701165768517954
93.756929;1.0941052147773942;0.8332392511649789;0.7617119916123712;0.12352256749932747;0.11288863109144272;1.097059945822143;9.999913822082213;0.8335501714605937;1.0970849198505277;1.0970884112441668;0.7597664934273178;-0.12579497610311735;0.7701179201952907
93.766929;1.0941053666392926;0.8332378365739809;0.7617164033681887;0.12352278925795829;0.11288838831055938;1.0970586972676901;9.999884011343541;0.8335548528577378;1.0970873035756366;1.0970824890994808;0.7597657441656274;-0.12579497601733503;0.7701192696645238
93.776929;1.0941056087892913;0.8332364459445172;0.7617209816403422;0.1235230149052549;0.11288814951080706;1.0970575526236988;9.99985474452155;0.8335595077390673;1.097089739211974;1.0970766203296136;0.7597649224451116;-0.1257949759780552;0.7701206213332991
93.786929;1.094105943162252;0.8332350934272925;0.7617257188722694;0.12352324440580241;0.11288791638823738;1.0970565190741108;9.999826012883686;0.8335641317928467;1.0970922303412236;1.0970708174399848;0.7597640321668001;-0.12579497598631423;0.7701219732664486
93.796929;1.0941063688728054;0.8332337914474192;0.7617306074430742;0.12352347777483622;0.11288769098290664;1.0970556020881999;9.999797807709488;0.8335687188351124;1.0970947793318695;1.0970650902936807;0.7597630786851586;-0.1257949760425182;0.7701233242158682
93.806929;1.094106884180489;0.8332325505303183;0.7617356398257265;0.12352371507151928;0.11288747553886298;1.0970548053979179;9.999770125266794;0.8335732616666788;1.0970973857189725;1.097059445413266;0.759762068202038;-0.12579497614615376;0.7701246720469738
93.816929;1.0941074875532195;0.8332313785881335;0.7617408083179983;0.1235239564168231;0.1128872722579489;1.0970541310789306;9.999742964991116;0.8335777538829064;1.0971000444971324;1.0970538864057777;0.7597610083631853;-0.1257949762954408;0.7701260138660079
93.826929;1.0941081763461946;0.8332302803777455;0.7617461044514532;0.12352420183581277;0.11288708315588733;1.0970535800707963;9.999716322225229;0.8335821908508343;1.0971027456962714;1.0970484156097924;0.7597599089684738;-0.12579497648727594;0.7701273475118474
93.836929;1.094108944998405;0.8332292582023565;0.7617515185223794;0.12352445092261644;0.11288691014345856;1.0970531524764349;9.99969018087613;0.8335865687082626;1.097105475510236;1.097043035603205;0.7597587817906444;-0.12579497671762696;0.7701286721452556
93.846929;1.0941097853982813;0.8332283132198788;0.7617570398107119;0.12352470265270077;0.11288675513656715;1.0970528471864796;9.999664509160235;0.8335908830337158;1.0971082192265422;1.0970377482838134;0.7597576389846049;-0.1257949769823761;0.7701299874360431
93.856929;1.0941106892957742;0.833227446020056;0.7617626564588514;0.1235249554770996;0.11288661999722227;1.0970526612419063;9.99963925913976;0.8335951290116334;1.0971109640985228;1.0970325531656333;0.7597564913031398;-0.12579497727814934;0.7701312928898144
93.866929;1.0941116512438653;0.8332266565719094;0.7617683552435133;0.12352520751526994;0.11288650631432133;1.0970525903319046;9.99961436687104;0.8335993025653425;1.097113699664253;1.0970274477286863;0.7597553479953011;-0.12579497760246808;0.7701325873847056
93.876929;1.0941126690312846;0.833225944435597;0.7617741229840083;0.12352545675120773;0.11288641512072502;1.0970526306480992;9.999589754026887;0.8336034009509615;1.0971164161204061;1.0970224293701138;0.759754217801299;-0.1257949779533718;0.7701338682124189
93.886929;1.0941137405001216;0.8332253092066715;0.7617799481650914;0.12352570117678083;0.1128863467715917;1.0970527800649756;9.999565342710563;0.833607422487089;1.0971191032014491;1.0970174975233142;0.7597531096211062;-0.1257949783292149;0.7701351308565216
93.896929;1.0941148608320235;0.8332247508362272;0.7617858202919059;0.12352593875292586;0.11288630108400612;1.0970530381395533;9.999541083065848;0.8336113659182366;1.097121751068581;1.097012654674154;0.7597520328821535;-0.1257949787285705;0.7701363706442663
93.906929;1.094116022635435;0.8332242693221132;0.7617917281939979;0.12352616732551504;0.1128862775558819;1.0970534062695767;9.99951696496555;0.8336152300425039;1.0971243526024521;1.0970079055724615;0.7597509976626368;-0.125794979149833;0.7701375847897967
93.916929;1.0941172171632605;0.8332238633870659;0.7617976597410286;0.12352638469837583;0.1128862755453809;1.0970538875653149;9.99949299463828;0.8336190138492034;1.0971269048786056;1.0970032567099297;0.7597500137712415;-0.12579497959101787;0.770138772765769
93.926929;1.0941184359241778;0.8332235294237738;0.7618036028194245;0.1235265887873907;0.11288629443517648;1.097054485218385;9.999469168356539;0.8336227161833223;1.0971294083066274;1.0969987177922296;0.7597490891846204;-0.1257949800502608;0.7701399353479976
93.936929;1.0941196721776667;0.8332232622964123;0.7618095462255947;0.12352677774926173;0.11288633376381117;1.0970552008956527;9.999445480382894;0.833626334685842;1.0971318645899766;1.0969943028424813;0.7597482294210441;-0.12579498052639948;0.7701410738108033
93.946929;1.0941209210175549;0.8332230576534869;0.7618154798761401;0.12352695007718084;0.11288639324428068;1.0970560354430752;9.999421944222812;0.8336298654615371;1.0971342763043561;1.0969900283923504;0.7597474377405894;-0.12579498101912084;0.7701421892523023
93.956929;1.0941221789472109;0.8332229140433222;0.7618213941391921;0.12352710468945688;0.11288647264591321;1.0970569909753782;9.99939859647913;0.833633303772393;1.0971366481893374;1.0969859100653647;0.7597467151727598;-0.12579498152891394;0.770143281684095
93.966929;1.0941234441187841;0.8332228332834217;0.7618272788132489;0.12352724093785204;0.11288657165560138;1.0970580721039287;9.99937549075166;0.8336366448427512;1.097138987365022;1.0969819603946038;0.7597460610703609;-0.12579498205687314;0.7701443496419985
93.976929;1.0941247157767144;0.8332228188887086;0.761833123103296;0.12352735842042006;0.11288668986013736;1.0970592854616297;9.999352691074336;0.8336398845805731;1.0971413023920036;1.096978188448446;0.7597454750393208;-0.12579498260420516;0.7701453909854277
93.986929;1.0941259931643137;0.833222874528928;0.7618389169869852;0.12352745677946712;0.1128868268523088;1.0970606381469707;9.999330260526442;0.8336430202969901;1.0971436033785058;1.0969745999313245;0.7597449588252626;-0.12579498317165821;0.7701464044967438
93.996929;1.094127275263942;0.8332230042011766;0.7618446524738295;0.12352753572626812;0.11288698236149262;1.0970621368293383;9.999308241454589;0.8336460513471343;1.097145902189798;1.0969711972662017;0.7597445160292365;-0.1257949837591913;0.7701473911760085
94.006929;1.0941285604473785;0.8332232128102298;0.7618503233321794;0.12352759518669736;0.1128871563123523;1.0970637871297688;9.999286638331714;0.8336489792986711;1.0971482107559354;1.0969679799811032;0.7597441501392387;-0.12579498436593953;0.7701483539908324
94.016929;1.0941298456259263;0.8332235058134884;0.7618559238298148;0.12352763538599812;0.11288734873958593;1.0970655912459335;9.999265420953433;0.8336518071838815;1.0971505392962506;1.0969649461199187;0.7597438630542419;-0.12579498499045047;0.770149295684869
94.026929;1.0941311255843955;0.8332238882522748;0.7618614482198295;0.1235276568825486;0.11288755964035752;1.0970675459182424;9.999244542047567;0.8336545385665138;1.0971528968810478;1.0969620942987324;0.7597436547126355;-0.125794985631069;0.7701502161392015
94.036929;1.0941323930238633;0.8332243633751111;0.7618668911517736;0.12352766054132112;0.11288778899399135;1.0970696441980807;9.999223947949838;0.8336571768846542;1.097155293225311;1.0969594239547964;0.7597435234204989;-0.12579498628612615;0.7701511115407645
94.046929;1.0941336393366128;0.8332249316702139;0.7618722473631695;0.12352764745753704;0.11288803694074702;1.0970718788904021;9.999203571697436;0.8336597241740227;1.097157738883106;1.096956933681903;0.7597434664844144;-0.12579498695389457;0.7701519756737807
94.056929;1.0941348558942263;0.8332255913152454;0.7618775106456545;0.12352761896095314;0.11288830384973392;1.0970742433250613;9.999183320894787;0.8336621800795802;1.097160243098511;1.0969546202598937;0.7597434805473539;-0.12579498763264588;0.7701528020020144
94.066929;1.0941360359880397;0.8332263394870139;0.7618826735934802;0.12352757667608122;0.11288859021898764;1.0970767298279949;9.99916308770906;0.8336645433682242;1.0971628120087153;1.096952479147278;0.7597435618425644;-0.12579498832091504;0.7701535856002685
94.076929;1.0941371764163166;0.8332271734817266;0.7618877279153121;0.12352752255705715;0.11288889650042579;1.0970793289288883;9.99914277900853;0.8336668151020585;1.0971654490319698;1.0969505047719734;0.7597437069684752;-0.12579498901760733;0.7701543240644783
94.086929;1.094138277174028;0.8332280910353248;0.7618926642470016;0.12352745885055022;0.11288922284869037;1.097082030018424;9.999122333962964;0.833669000609886;1.0971681560821203;1.0969486898683285;0.7597439133278074;-0.12579498972177838;0.7701550166894671
94.096929;1.0941393398122266;0.8332290898489942;0.7618974715887907;0.12352738787634727;0.11288956896480097;1.0970848222726715;9.99910171725701;0.8336711087732882;1.097170934671038;1.0969470250511937;0.7597441780309635;-0.1257949904324235;0.770155663144397
94.106929;1.0941403655486042;0.8332301671445682;0.761902137361103;0.12352731176564588;0.11288993418576741;1.0970876947569415;9.999080904971947;0.8336731492304822;1.0971737867690985;1.096945499326982;0.7597444969330199;-0.12579499114842402;0.7701562633440361
94.116929;1.0941413534439728;0.8332313195772199;0.7619066489145785;0.1235272324153382;0.1128903176606521;1.097090635309658;9.999059880731037;0.8336751299519088;1.0971767141571356;1.096944101272294;0.7597448663058952;-0.12579499186852441;0.7701568176390343
94.126929;1.0941422990059957;0.8332325433469622;0.7619109954750278;0.12352715154507787;0.1128907185487757;1.0970936292842721;9.999038644887234;0.8336770567341888;1.0971797163695476;1.0969428198161577;0.7597452854019412;-0.12579499259131208;0.7701573263494774
94.136929;1.094143193199762;0.8332338353154284;0.7619151688613368;0.12352707069202475;0.11289113622562795;1.0970966607198651;9.999017224073917;0.833678933542052;1.097182790165729;1.0969416442975914;0.7597457563328796;-0.12579499331537378;0.7701577896884084
94.146929;1.0941440222923404;0.8332351948336286;0.761919163629882;0.12352699123745985;0.11289157030962231;1.097099715270201;9.998995661510374;0.8336807630442975;1.097185931434548;1.096940564978776;0.7597462814095365;-0.12579499403961286;0.7701582084658868
94.156929;1.0941447689787884;0.8332366236286791;0.7619229774304663;0.12352691442207073;0.11289202058972647;1.0971027806955103;9.998973992342558;0.8336825474041443;1.0971891372183311;1.096939573538523;0.7597468610343129;-0.1257949947634029;0.7701585845672249
94.166929;1.0941454143695466;0.833238123478264;0.7619266108171351;0.12352684125775949;0.11289248706197418;1.097105845627108;9.998952235755612;0.8336842885960899;1.0971924068081098;1.0969386623231112;0.759747493542609;-0.12579499548653172;0.7701589203026195
94.176929;1.0941459401254117;0.8332396948853442;0.7619300665561246;0.12352677249414538;0.11289296993357464;1.097108900094862;9.998930408537564;0.8336859881569296;1.0971957421860847;1.096937823104083;0.7597481755534561;-0.12579499620886772;0.7701592171545218
94.186929;1.0941463299370071;0.8332413377557213;0.7619333490659447;0.12352670871204326;0.11289346948002371;1.0971119360817956;9.998908539835528;0.8336876469867543;1.097199147591727;1.0969370468972488;0.7597489018329736;-0.12579499692966006;0.7701594751146199
94.196929;1.0941465704479194;0.8332430516535761;0.7619364639688889;0.1235266504145149;0.112893985881554;1.0971149452808395;9.998886683090895;0.8336892652963244;1.0972026279758558;1.09693632541167;0.7597496653324193;-0.12579499764705301;0.7701596928765211
94.206929;1.0941466518975222;0.8332448348965293;0.7619394174399597;0.12352659803590851;0.11289451908603772;1.0971179158011137;9.998864922744414;0.8336908425857078;1.0972061868890124;1.0969356520475875;0.7597504583049004;-0.12579499835844252;0.7701598684895803
94.216929;1.0941465678773488;0.8332466842526847;0.7619422151783548;0.12352655186993704;0.1128950687041231;1.0971208317142924;9.998843363607161;0.8336923776583031;1.0972098248240296;1.096935020725488;0.7597512743111682;-0.12579499906135774;0.7701599997378096
94.226929;1.0941463140690644;0.833248594953964;0.761944861586539;0.12352651191520889;0.11289563399525708;1.0971236760762166;9.998822107250927;0.8336938685175078;1.097213538342714;1.0969344248010549;0.7597521091938305;-0.1257949997539342;0.7701600839092082
94.236929;1.09414588706116;0.8332505598301729;0.7619473599468725;0.12352647774169008;0.11289621394363286;1.0971264338450695;9.998801247548775;0.8336953122111403;1.0972173202233968;1.0969338573787955;0.7597529600803705;-0.12579500043474007;0.7701601173183054
94.246929;1.0941452844022583;0.8332525686080791;0.761949713109055;0.12352644854094975;0.11289680742240248;1.0971290923784855;9.998780893615653;0.8336967048388334;1.0972211609451854;1.0969333123338663;0.7597538244116763;-0.125795001102493;0.7701600955206347
94.256929;1.0941445050685508;0.8332546084252378;0.7619519232905407;0.12352642327452386;0.11289741340296286;1.0971316407807539;9.998761185195818;0.8336980418288682;1.0972250508245056;1.0969327864488632;0.7597547002316983;-0.12579500175577701;0.7701600145757121
94.266929;1.0941435488334308;0.8332566654354142;0.7619539907440558;0.12352640078569703;0.11289803103274372;1.0971340695142147;9.998742286817313;0.833699318655625;1.097228981831232;1.0969322814555422;0.7597555861987557;-0.12579500239273336;0.7701598713539638
94.276929;1.094142415402745;0.8332587263222996;0.7619559131651308;0.12352637999287612;0.11289865954102733;1.0971363708362691;9.998724370612694;0.8337005316397952;1.0972329481263283;1.0969318038542646;0.759756480884227;-0.12579500301127394;0.7701596623513771
94.286929;1.0941411046140432;0.8332607780924451;0.7619576871338607;0.12352636017735613;0.11289929814441242;1.0971385397883042;9.998707593105568;0.8337016780206236;1.0972369448434443;1.0969313627051702;0.7597573830105879;-0.12579500360984314;0.7701593833271189
94.296929;1.0941396165875978;0.8332628070872469;0.7619593099273536;0.12352634115359054;0.11289994605510147;1.0971405734505975;9.99869208200503;0.8337027550152288;1.0972409666623233;1.096930966650599;0.7597582924308134;-0.12579500418772221;0.7701590303307411
94.306929;1.0941379507007944;0.8332647996300486;0.7619607800749254;0.12352632323087197;0.11290060251381853;1.0971424683636077;9.998677939166681;0.8337037584883001;1.0972450073413316;1.0969306207951508;0.7597592100826207;-0.12579500474434827;0.7701586013701669
94.316929;1.094136105050512;0.8332667441942803;0.7619620969367148;0.12352630695982143;0.11290126673709801;1.0971442204848525;9.998665250327972;0.8337046823175137;1.0972490590455526;1.0969303250860252;0.7597601369154199;-0.12579500527834403;0.7701580975010828
94.326929;1.0941340776520319;0.833268633033595;0.7619632594289585;0.1235262927727579;0.11290193784794794;1.0971458277971418;9.998654093987827;0.8337055190029563;1.0972531114983757;1.0969300763870327;0.759761072907847;-0.12579500578720118;0.7701575219512481
94.336929;1.0941318678510739;0.8332704619159168;0.7619642648051018;0.12352628085903916;0.11290261491239144;1.097147290202184;9.998644533730785;0.8337062610308363;1.0972571526966803;1.0969298716008684;0.7597620167393646;-0.1257950062677458;0.7701568787583182
94.346929;1.0941294772394141;0.8332722285678258;0.7619651093458977;0.12352627138230349;0.11290329700852388;1.0971486072482455;9.998636599421443;0.8337069018313003;1.0972611714356217;1.09692970784585;0.7597629659880206;-0.12579500671688207;0.770156172534081
94.356929;1.0941269101159317;0.8332739310348359;0.7619657902895827;0.12352626472479923;0.112903983172325;1.0971497785943687;9.998630283172403;0.8337074355718507;1.097265159998383;1.0969295813963813;0.7597639171938954;-0.12579500713205394;0.770155408186468
94.366929;1.0941241726902238;0.8332755664783804;0.7619663069850445;0.12352626144587639;0.1129046722595752;1.0971508059106456;9.998625547227737;0.8337078565498979;1.097269114782655;1.0969294879065878;0.7597648659432835;-0.12579500751119746;0.7701545902525594
94.376929;1.0941212718813258;0.8332771313428075;0.7619666609617294;0.12352626200972915;0.11290536289110292;1.0971516928430967;9.998622326262554;0.8337081594259398;1.0972730343378572;1.0969294231124802;0.759765807719377;-0.12579500785243605;0.7701537229725129
94.386929;1.0941182150140616;0.8332786223153096;0.7619668550744979;0.1235262665980037;0.11290605344891341;1.09715244466896;9.99862051963825;0.8337083401610101;1.0972769177470727;1.0969293827521323;0.7597667388051911;-0.12579500815372324;0.7701528111435779
94.396929;1.0941150096846224;0.8332800364198838;0.7619668915458808;0.12352627505880304;0.11290674206090064;1.0971530684972048;9.998619984574894;0.8337083967530158;1.0972807657272734;1.0969293614774345;0.759767656556556;-0.1257950084127126;0.770151860840667
94.406929;1.0941116635331065;0.8332813709491015;0.7619667702937374;0.12352628686408332;0.11290742676203232;1.097153571825;9.998620544607755;0.8337083296660684;1.0972845812519743;1.0969293515916327;0.7597685595464703;-0.12579500862711376;0.7701508792004687
94.416929;1.0941081850233014;0.8332826238720537;0.7619664898072216;0.12352630117655153;0.11290810579495482;1.0971539611081456;9.998622015192923;0.833708142237036;1.0972883669362594;1.0969293431426737;0.759769447447533;-0.1257950087952179;0.7701498734886554
94.426929;1.0941045849503215;0.833283794243562;0.7619660495553424;0.12352631713985651;0.11290877767798847;1.0971542427173968;9.998624241360416;0.8337078403047837;1.0972921228526897;1.0969293258933759;0.7597703206108374;-0.12579500891627524;0.7701488502488645
94.436929;1.0941008771864666;0.8332848827803558;0.7619654507279718;0.12352633423971034;0.11290944107624024;1.0971544235488528;9.998627122341729;0.8337074307662498;1.0972958471896275;1.0969292915672872;0.7597711796647623;-0.12579500899033544;0.7701478149142745
94.446929;1.0940970784381827;0.8332858924377544;0.7619646949523647;0.12352635242465881;0.11291009479455119;1.0971545098445212;9.998630597152982;0.8337069205429859;1.0972995372676757;1.0969292347742816;0.7597720252328759;-0.12579500901749696;0.7701467719735848
94.456929;1.094093207445967;0.8332868282054187;0.7619637830759745;0.12352637193253015;0.11291073780130781;1.0971545065898072;9.99863461606196;0.8337063163383268;1.0973031892571448;1.0969291526476574;0.7597728585291789;-0.12579500899748558;0.770145724942845
94.466929;1.0940892836928633;0.8332876959543273;0.7619627155624662;0.12352639304747577;0.11291136911618273;1.0971544187532183;9.998639136230082;0.8337056242636355;1.0973067970096335;1.0969290439042376;0.7597736825085658;-0.12579500892985648;0.770144675619205
94.476929;1.0940853265098252;0.8332885014176887;0.7619614938526594;0.12352641587439596;0.11291198773620428;1.0971542532768632;9.998644131396173;0.8337048494795097;1.0973103516235148;1.0969289079031617;0.7597745022126544;-0.12579500881416622;0.7701436237162623
94.486929;1.094081355096535;0.8332892499228816;0.7619601208311917;0.12352644023536408;0.11291259264422147;1.0971540193266605;9.998649585666886;0.8337039961662238;1.097313843324067;1.0969287438025246;0.7597753242220431;-0.12579500865021087;0.7701425677886136
94.496929;1.0940773880120611;0.8332899463239452;0.7619586003761445;0.12352646579931023;0.11291318276608217;1.0971537261745328;9.998655477314735;0.8337030678383435;1.0973172642566915;1.0969285502093078;0.7597761554007219;-0.12579500843857724;0.770141506479332
94.506929;1.0940734414203366;0.8332905953181133;0.7619569372776723;0.12352649219898372;0.11291375700033804;1.0971533819756003;9.998661771206667;0.8337020684245455;1.0973206095171133;1.0969283259584601;0.7597770014519967;-0.12579500818089906;0.7701404386930161
94.516929;1.0940695277584334;0.8332912023889065;0.7619551374355766;0.1235265190196794;0.11291431437340557;1.0971529950457735;9.998668413977649;0.8337010039888122;1.097323875886821;1.096928071200128;0.7597778663388594;-0.12579500787959838;0.7701393633853705
94.526929;1.0940656558240336;0.8332917742724004;0.7619532072893607;0.1235265458474507;0.11291485410377333;1.0971525748045927;9.998675334556323;0.8336998837801672;1.097327059903125;1.0969277874076133;0.7597787521416839;-0.125795007537735;0.7701382798491513
94.536929;1.0940618314161121;0.8332923182937997;0.7619511530337297;0.12352657231128;0.11291537557197849;1.0971521310974843;9.998682461888183;0.8336987196381701;1.097330157120872;1.0969274763506671;0.7597796585183383;-0.12579500715922728;0.7701371874953408
94.546929;1.0940580583771495;0.833292841658263;0.7619489811299928;0.12352659801373467;0.11291587835755136;1.0971516731829654;9.998689744458243;0.8336975242202562;1.0973331627520801;1.0969271392614874;0.7597805822607789;-0.12579500674907781;0.7701360849500903
94.556929;1.094054340312445;0.8332933512511799;0.7619466994996837;0.12352662249196208;0.11291636235744566;1.097151208781371;9.99869716105324;0.8336963087999172;1.0973360727951855;1.0969267775416118;0.759781517330771;-0.12579500631320198;0.7701349694461557
94.566929;1.0940506822792178;0.8332938527958043;0.7619443179194182;0.12352664522692017;0.11291682788059987;1.0971507431388696;9.998704726293065;0.8336950821171435;1.0973388856895505;1.09692639438327;0.7597824558614317;-0.12579500585799713;0.7701338369651153
94.576929;1.094047091505;0.8332943493000172;0.7619418474380104;0.12352666566635628;0.11291727560559141;1.0971502783840579;9.998712484045805;0.8336938514241726;1.0973416032260919;1.0969259947846832;0.759783390157759;-0.1257950053901246;0.7701326834931869
94.586929;1.0940435769690782;0.8332948406304815;0.7619392991659192;0.12352668330531448;0.11291770638288984;1.097149813579793;9.998720487102458;0.8336926239066704;1.0973442295900007;1.0969255836397123;0.7597843136425725;-0.125795004916318;0.7701315070339402
94.596929;1.094040147576476;0.8332953245116326;0.7619366832994517;0.12352669771320629;0.11291812106371854;1.0971493459859274;9.998728782068623;0.8336914066724709;1.097346769177767;1.096925164493441;0.759785219299128;-0.12579500444295458;0.7701303083855934
94.606929;1.094036809521954;0.833295797867839;0.7619340091243305;0.12352670843923483;0.11291852041921882;1.0971488726259686;9.998737412452018;0.8336902061459345;1.0973492243551595;1.0969247406749743;0.759786098296942;-0.1257950039758116;0.7701290894410497
94.616929;1.094033565748841;0.8332962590382746;0.76193128514296;0.12352671502211589;0.1129189050459957;1.0971483900582977;9.998746429827074;0.8336890274858126;1.0973515947495336;1.0969243170119363;0.7597869414278833;-0.12579500352002654;0.7701278510095935
94.626929;1.0940304179915297;0.8332967101575294;0.7619285182647705;0.12352671714212315;0.1129192753263891;1.097147892181617;9.998755894677556;0.8336878738413737;1.0973538788391641;1.0969238998408317;0.7597877417247303;-0.1257950030800198;0.7701265923155455
94.636929;1.0940273681345472;0.8332971567554793;0.7619257132444301;0.12352671470057101;0.11291963146718638;1.0971473695224603;9.998765866498934;0.8336867454628695;1.097356075893387;1.0969234967258565;0.7597884958465415;-0.12579500265957652;0.7701253114362594
94.646929;1.0940244173342204;0.8332976049329689;0.7619228735439366;0.1235267078075035;0.11291997347584334;1.0971468117558105;9.998776397251412;0.8336856390891156;1.0973581856624026;1.0969231168137543;0.7597892036453013;-0.1257950022620366;0.7701240056335131
94.656929;1.094021564519639;0.8332980592038791;0.7619200022373546;0.12352669673905488;0.11292030116291507;1.0971462096125015;9.998787532625228;0.8336845490926362;1.0973602064731112;1.0969227695142953;0.7597898663309385;-0.12579500189029236;0.7701226720087044
94.666929;1.094018805929317;0.8332985217075791;0.7619171020837255;0.12352668177857422;0.11292061426229791;1.0971455535405163;9.998799323349365;0.833683470054334;1.0973621344864006;1.0969224620246427;0.7597904844671041;-0.12579500154668669;0.7701213083853684
94.676929;1.0940161352112605;0.8332989921956753;0.7619141752674211;0.12352666296417548;0.11292091245358758;1.097144831621806;9.998811843982953;0.8336823981862382;1.0973639649147235;1.0969221990187836;0.759791057024027;-0.12579500123299034;0.7701199135534686
94.686929;1.0940135437704361;0.8332994687664582;0.7619112229449476;0.12352664004409604;0.112921195193357;1.0971440295931831;9.998825197151293;0.8336813316085582;1.0973656934111302;1.0969219851538166;0.7597915813666292;-0.12579500095036777;0.7701184873300917
94.696929;1.0940110217838284;0.8332999490836893;0.7619082449969962;0.12352661268372486;0.11292146154397525;1.0971431327025405;9.998839489260227;0.8336802708762399;1.097367316118781;1.0969218283225979;0.7597920536262271;-0.12579500069926083;0.7701170313602239
94.706929;1.0940085591442585;0.8333004318214116;0.7619052402289629;0.12352658067770889;0.11292171022185704;1.0971421269705546;9.998854794475367;0.8336792191608321;1.0973688293439987;1.0969217408570744;0.7597924693767348;-0.1257950004793344;0.770115549766903
94.716929;1.0940061459727768;0.833300917379273;0.7619022071748776;0.12352654414382948;0.11292193991036169;1.0971409996484043;9.998871140950074;0.8336781814778105;1.0973702299508292;1.0969217378405625;0.7597928243432975;-0.12579500028973403;0.7701140482988559
94.726929;1.0940037737923127;0.8333014071484356;0.7618991458198819;0.12352650353275572;0.11292214954065395;1.0971397404360375;9.998888532772739;0.8336771632177602;1.0973715159869069;1.0969218351324013;0.7597931149628674;-0.12579500012961847;0.7701125325966783
94.736929;1.094001437857502;0.8333019027070095;0.7618960593359657;0.12352645927406164;0.11292233833055128;1.0971383413540796;9.998906976396603;0.8336761686771353;1.0973726868235127;1.0969220491341503;0.7597933385948902;-0.1257949999984893;0.7701110073681788
94.746929;1.0939991383649843;0.8333024057610544;0.7618929544904304;0.123526411484447;0.1129225058565486;1.097136794296617;9.998926479132514;0.8336752006511341;1.0973737423348906;1.096922396466161;0.7597934932362461;-0.1257949998962639;0.7701094767830942
94.756929;1.093996878974803;0.8333029182625941;0.76188984023866;0.1235263600251255;0.11292265226234796;1.097135090071337;9.998947031489942;0.8336742608919473;1.0973746815082097;1.096922891311538;0.7597935775954191;-0.12579499982336217;0.7701079451501769
94.766929;1.0939946647470582;0.8333034428091814;0.7618867252010568;0.12352630460102025;0.11292277822660887;1.0971332195243084;9.998968600769668;0.8336733507330477;1.0973755013083752;1.0969235420683852;0.7597935917578055;-0.1257949997806729;0.7701064173087949
94.776929;1.0939925007479832;0.8333039827997782;0.7618836160338268;0.12352624479639757;0.11292288458977656;1.0971311746120647;9.998991138645467;0.8336724719652131;1.0973761961775257;1.0969243502121255;0.7597935372923903;-0.1257949997692288;0.7701048980666538
94.786929;1.0939903910294073;0.83330454171299;0.7618805176970156;0.12352618024635538;0.11292297199302664;1.0971289496721304;9.999014592500243;0.8336716273939369;1.0973767594972221;1.0969253111017692;0.7597934168710425;-0.1257949997897439;0.7701033913677027
94.796929;1.093988338600968;0.8333051227498713;0.761877434009084;0.12352611083168179;0.1129230407191334;1.097126542820291;9.999038914965013;0.8336708203535093;1.0973771871090148;1.0969264149874542;0.7597932348445273;-0.1257949998421812;0.7701019007108317
94.806929;1.0939863460619574;0.8333057290975007;0.7618743674039066;0.12352603660977017;0.11292309065920986;1.0971239559268275;9.999064061686108;0.8336700535783688;1.0973774794822917;1.0969276479878716;0.759792998664184;-0.1257949999255761;0.7701004296789892
94.816929;1.0939844157095988;0.8333063635458287;0.7618713190223605;0.123525957587017;0.1129231214017713;1.0971211932159537;9.99908997450057;0.833669328528772;1.0973776405750815;1.0969289937736486;0.7597927192008955;-0.1257950000382895;0.7700989815478944
94.826929;1.093982549056088;0.8333070278235613;0.7618682888434711;0.12352587366356697;0.11292313246269324;1.0971182605613452;9.999116565682948;0.8336686458121427;1.0973776752737945;1.096930435765235;0.7597924091512448;-0.12579500017843318;0.7700975593852983
94.836929;1.093980746487362;0.8333077227036073;0.7618652746002612;0.12352578479616468;0.11292312346870233;1.0971151661013028;9.999143716756853;0.8336680057305116;1.0973775874862457;1.0969319584200747;0.7597920806893645;-0.1257950003442494;0.7700961672454085
94.846929;1.0939790071436708;0.8333084484884808;0.7618622712792742;0.12352569115660916;0.11292309412157646;1.097111920379852;9.999171292040165;0.8336674078618782;1.0973773795482173;1.0969335466404793;0.7597917439229748;-0.125795000534265;0.7700948111513563
94.856929;1.0939773283242653;0.8333092053567774;0.7618592729108654;0.12352559313218148;0.11292304410501479;1.097108534609021;9.99919915747444;0.8336668504250303;1.0973770527870361;1.0969351843597492;0.7597914069846401;-0.1257950007470646;0.7700934989527984
94.866929;1.0939757054626145;0.8333099937414146;0.761856274972012;0.12352549123367576;0.11292297313786005;1.0971050185472198;9.999227194635507;0.8336663308041361;1.0973766083418128;1.0969368546174183;0.7597910770265646;-0.12579500098117155;0.7700922400008293
94.876929;1.0939741340014641;0.8333108143490078;0.7618532754664946;0.1235253860327345;0.1129228810807216;1.0971013807715564;9.999255305107269;0.8336658467292934;1.0973760474609413;1.0969385411205994;0.7597907605870391;-0.12579500123526224;0.7700910450026223
94.886929;1.0939726107933698;0.8333116677922436;0.7618502742592976;0.12352527813412553;0.11292276793572925;1.097097630394863;9.999283405381325;0.8336653962262865;1.0973753721456299;1.0969402291867012;0.75979046294667;-0.12579500150827935;0.7700899250893655
94.896929;1.0939711326938002;0.8333125544427795;0.7618472716257023;0.12352516817752429;0.11292263377746965;1.0970937771074705;9.999311419095198;0.8336649767561498;1.0973745863066695;1.0969419057466248;0.7597901880498252;-0.12579500179933273;0.770088890628764
94.906929;1.0939696947760815;0.8333134740497277;0.7618442677726784;0.12352505685301757;0.11292247873006347;1.0970898295905018;9.999339273435165;0.83366458557069;1.0973736953183881;1.0969435594593495;0.759789939791827;-0.1257950021074601;0.7700879508067313
94.916929;1.0939682912598068;0.833314425148869;0.7618412635214007;0.12352494478467917;0.11292230299045021;1.0970857946573476;9.99936690150815;0.83366422041925;1.0973727042268202;1.0969451820084535;0.7597897225885949;-0.12579500243137826;0.7700871134911617
94.926929;1.0939669175580706;0.8333154056679329;0.7618382613363718;0.12352483232286977;0.11292210689380183;1.0970816784928845;9.999394251215222;0.8336638786626749;1.0973716168500605;1.096946770131877;0.7597895406543763;-0.12579500276946295;0.770086384910118
94.936929;1.0939655703360505;0.8333164146126316;0.761835266032858;0.1235247194950769;0.11292189104519791;1.0970774885308925;9.999421294261898;0.8336635558141646;1.0973704357758793;1.0969483250380863;0.7597893982290395;-0.12579500311986963;0.7700857697425687
94.946929;1.0939642460652454;0.833317452789676;0.7618322839083613;0.12352460611669096;0.11292165637911132;1.097073233495184;9.999448023559804;0.83366324546126;1.0973691630790259;1.0969498486754168;0.759789300853435;-0.12579500348075773;0.7700852717199037
94.956929;1.093962940072691;0.8333185218158045;0.7618293209497248;0.1235244919399536;0.11292140400829204;1.0970689222771868;9.999474441148035;0.8336629402478841;1.0973678015744142;1.0969513410365068;0.7597892554351013;-0.1257950038507081;0.7700848935475523
94.966929;1.0939616467845623;0.8333196226298206;0.761826382398144;0.12352437679160905;0.11292113505240096;1.097064563517469;9.999500547616945;0.8336626322777643;1.0973663550139774;1.0969528005079316;0.75978926856803;-0.12579500422887838;0.7700846362246555
94.976929;1.0939603607613673;0.8333207545509115;0.7618234732572536;0.12352426060735963;0.11292085064866095;1.0970601658096952;9.99952633281729;0.8336623130462557;1.0973648268421807;1.0969542256719929;0.7597893452672145;-0.12579500461455717;0.7700844993705972
94.986929;1.0939590776340242;0.833321915030339;0.7618205983180768;0.12352414336135545;0.11292055198433285;1.0970557387043316;9.99955176444717;0.8336619743260885;1.0973632182803135;1.0969556166726322;0.7597894897069905;-0.12579500500687382;0.7700844822274923
94.996929;1.0939577944855812;0.8333231000372721;0.7618177619610674;0.12352402501306543;0.11292024026106785;1.0970512939817294;9.999576782132586;0.8336616100348367;1.0973615266698986;1.0969569756123059;0.75978970634537;-0.12579500540506156;0.770084584015118
95.006929;1.0939565091161731;0.8333243049868505;0.7618149675835661;0.12352390554117428;0.1129199167885048;1.0970468457102438;9.999601303673318;0.8336612173716991;1.097359745442276;1.0969583059897139;0.759789999222726;-0.12579500580874087;0.7700848035221921
95.016929;1.0939552186129375;0.8333255256028538;0.7618122167438813;0.12352378497750174;0.11291958319225541;1.0970424095764935;9.999625234165762;0.8336607959015438;1.0973578658829406;1.096959611187647;0.7597903701841082;-0.1257950062180373;0.7700851379912302
95.026929;1.0939539190708596;0.8333267584971363;0.7618095094159772;0.12352366330460214;0.11291924144333768;1.0970380016149281;9.999648468954875;0.8336603459883175;1.0973558793006881;1.0969608934729498;0.7597908180051528;-0.12579500663365428;0.7700855826439857
95.036929;1.0939526058917328;0.8333280017905392;0.7618068453013961;0.12352354032274127;0.11291889367237615;1.0970336361416788;9.999670894783621;0.8336598680283929;1.0973537780172322;1.0969621537286303;0.7597913382938829;-0.1257950070567757;0.7700861318828872
95.046929;1.093951273279389;0.8333292549818183;0.7618042249779783;0.12352341569153785;0.11291854198944411;1.0970293239492939;9.999692395092458;0.8336593616969669;1.097351554757274;1.0969633909750238;0.7597919229831489;-0.12579500748859665;0.7700867802380571
95.056929;1.0939499143715774;0.8333305176300749;0.761801650187514;0.12352328910147975;0.11291818833010257;1.097025071416159;9.999712858323708;0.833658825735888;1.0973492019480169;1.0969646033978662;0.7597925601433928;-0.1257950079298729;0.7700875223978287
95.066929;1.0939485227517078;0.8333317881153683;0.7617991228980416;0.12352316040121006;0.11291783433601209;1.0970208810527555;9.999732184762708;0.833658259522767;1.0973467124023208;1.0969657910321278;0.7597932354160226;-0.1257950083809588;0.7700883532815307
95.076929;1.093947093687065;0.8333330636389454;0.7617966440752587;0.12352302962536829;0.11291748150076046;1.0970167529349186;9.999750294599442;0.8336576643488293;1.0973440803624457;1.0969669571853014;0.759793934388167;-0.12579500884205888;0.7700892674728299
95.086929;1.093945624430613;0.833334341377008;0.7617942137153584;0.1235228969998667;0.11291713149639283;1.097012685790603;9.99976713896287;0.8336570421426043;1.0973413015997524;1.0969681075503206;0.7597946445617441;-0.12579500931346918;0.7700902586751667
95.096929;1.093944114412466;0.833335619839686;0.7617918318299448;0.12352276295544876;0.11291678626821855;1.0970086777654533;9.999782706518534;0.8336563936598859;1.0973383737995785;1.0969692479193287;0.7597953560208042;-0.125795009795802;0.7700913210804866
95.106929;1.0939425652436419;0.8333368998408835;0.7617894990301629;0.1235226281064289;0.11291644787524824;1.0970047272587418;9.999797018769783;0.833655718587811;1.097335297323839;1.0969703820346905;0.7597960611916893;-0.125795010290102;0.7700924509879579
95.116929;1.0939409801215076;0.833338184626932;0.7617872162822039;0.12352249318855879;0.11291611830571818;1.0970008338857646;9.999810112716602;0.8336550166171413;1.0973320738835861;1.0969715111705258;0.7597967550303534;-0.125795010797551;0.7700936461502321
95.126929;1.0939393629337397;0.8333394786643947;0.7617849840924862;0.12352235892859449;0.11291579933183434;1.0969969983696397;9.999822023079947;0.833654287899932;1.097328703927681;1.0969726354788862;0.7597974351735587;-0.12579501131859844;0.7700949038752954
95.136929;1.093937717005974;0.8333407861376835;0.7617828018553519;0.12352222587507194;0.11291549247771913;1.0969932207541835;9.999832782942617;0.8336535328485917;1.0973251861526632;1.0969737556363124;0.7597981008258647;-0.12579501185270367;0.7700962200559185
95.146929;1.093936043926541;0.8333421108998421;0.7617806676311861;0.12352209436040265;0.11291519906889572;1.0969894996522376;9.999842434847455;0.8336527520424857;1.0973215184432992;1.0969748737869405;0.7597987509909471;-0.12579501239926158;0.7700975897941925
95.156929;1.0939343434645792;0.8333434573118815;0.761778578137578;0.12352196460009197;0.11291492015395556;1.096985834405165;9.999851027174369;0.8336519465764554;1.0973176973961594;1.0969759933096677;0.7597993836692797;-0.12579501295803594;0.7700990086585225
95.166929;1.0939326145476698;0.8333448301441496;0.761776529971895;0.12352183675499324;0.1129146563126167;1.0969822276373893;9.999858604894563;0.8336511185428511;1.0973137179135568;1.0969771169866003;0.7597999963787242;-0.1257950135285782;0.7701004736607205
95.176929;1.093930856537803;0.8333462334655908;0.7617745217220787;0.12352171098526413;0.11291440759346927;1.0969786854618095;9.999865215620071;0.8336502713753909;1.0973095753538407;1.096978245151419;0.7598005871526127;-0.12579501411013277;0.7701019840878918
95.186929;1.0939290701317503;0.8333476695827216;0.7617725546858435;0.12352158757363683;0.11291417367497915;1.0969752161244712;9.999870917483408;0.8336494097592994;1.0973052679280306;1.0969793761886488;0.75980115517639;-0.12579501470228704;0.7701035415059249
95.196929;1.0939272572949812;0.8333491389696288;0.7617706322874793;0.12352146700693745;0.11291395414026278;1.0969718285467585;9.999875773435077;0.8336485391976011;1.097300797002628;1.09698050906341;0.7598017004458242;-0.12579501530538728;0.7701051482078185
95.206929;1.0939254203549498;0.8333506410142876;0.7617687597206214;0.12352134992439724;0.11291374868733225;1.0969685305294863;9.9998798383654;0.8336476659298214;1.0972961663083087;1.0969816453406305;0.7598022232894932;-0.12579501592045736;0.7701068053387657
95.216929;1.0939235612057499;0.8333521746417725;0.7617669436126068;0.12352123693309891;0.11291355713739294;1.0969653269480024;9.999883153933611;0.8336467973092532;1.0972913812477607;1.0969827892402175;0.759802724505781;-0.12579501654888814;0.770108512321887
95.226929;1.0939216806423202;0.8333537389469194;0.7617651909370239;0.12352112839216155;0.1129133793376723;1.0969622193806463;9.999885761693296;0.8336459418238665;1.097286448406054;1.0969839470402638;0.7598032051464122;-0.12579501719204506;0.7701102677362576
95.236929;1.0939197774417202;0.8333553337667519;0.7617635081806492;0.1235210243167662;0.11291321516886953;1.096959207447112;9.999887719086317;0.8336451081933294;1.0972813748592722;1.0969851267138564;0.759803665992002;-0.12579501785104133;0.7701120706141222
95.246929;1.0939178482740122;0.8333569596343503;0.7617619017405103;0.12352092443931542;0.11291306461486625;1.09695629041402;9.999889095111227;0.8336443044431594;1.0972761680451617;1.0969863363044072;0.7598041070473311;-0.125795018526816;0.770113921051804
95.256929;1.093915889050995;0.8333586174006864;0.7617603780861727;0.12352082834563642;0.11291292773263484;1.0969534678758015;9.999889956613366;0.8336435379647235;1.0972708366631065;1.0969875813843826;0.7598045266364619;-0.12579501922034517;0.7701158195611116
95.266929;1.093913895555607;0.8333603079003394;0.7617589428301351;0.1235207355894456;0.1129128045700372;1.0969507398171296;9.999890363789321;0.8336428160785085;1.0972653902886265;1.0969888647159143;0.7598049211642742;-0.1257950199327354;0.7701177659238387
95.276929;1.0939118619884372;0.8333620317970278;0.7617576000082862;0.12352064571416795;0.11291269510725876;1.0969481066196756;9.999890368770219;0.8336421470411889;1.097259836846593;1.0969901883165114;0.7598052864347075;-0.12579502066507733;0.770119759511832
95.286929;1.0939097803848161;0.8333637894501242;0.7617563520166314;0.12352055820151936;0.11291259921295833;1.0969455685813028;9.9998900172174;0.8336415412829474;1.0972541815209116;1.096991554443624;0.7598056193849007;-0.12579502141823498;0.770121800835285
95.296929;1.093907642509484;0.8333655806344777;0.7617551995106202;0.1235204725622575;0.11291251668327597;1.0969431245009658;9.999889360899484;0.8336410107736255;1.0972484284818949;1.0969929639038773;0.7598059192307216;-0.12579502219269117;0.7701238919824688
95.306929;1.0939054416094462;0.8333674042533604;0.7617541414909745;0.12352038855889821;0.11291244738775318;1.0969407706689722;9.99988846743052;0.8336405664422357;1.0972425819187386;1.0969944143397161;0.759806187997981;-0.12579502298834846;0.7701260360700718
95.316929;1.0939031730871498;0.8333692579791978;0.7617531760670024;0.12352030622834365;0.11291239135819059;1.0969385017487716;9.999887414477206;0.8336402169506733;1.0972366451707045;1.0969959011103192;0.7598064301642911;-0.1257950238042621;0.770128236740234
95.326929;1.093900834629569;0.8333711382390834;0.761752301276444;0.1235202256878561;0.11291234868702985;1.0969363122699063;9.999886279894213;0.8336399699256118;1.0972306204131703;1.0969974189513463;0.7598066511467071;-0.1257950246383574;0.77013049733649
95.336929;1.0938984254873878;0.8333730409248101;0.761751515476761;0.12352014697486681;0.11291231934344273;1.0969341977509586;9.999885140292797;0.8336398325453735;1.0972245101018625;1.0969989623152179;0.7598068555234053;-0.1257950254873264;0.7701328201662185
95.346929;1.0938959463930922;0.8333749620066333;0.761750817590848;0.12352007001729333;0.11291230309260779;1.0969321559328702;9.999884071985505;0.8336398095551337;1.0972183184862314;1.0970005255222455;0.7598070464937849;-0.12579502634673628;0.7701352063439746
95.356929;1.093893400708229;0.8333768976808025;0.7617502071027527;0.12351999465610636;0.11291229954020918;1.096930186570218;9.999883141784572;0.8336399010234702;1.0972120513857297;1.0970021031617703;0.7598072264950576;-0.1257950272111245;0.770137655730812
95.366929;1.0938907940095421;0.8333788442979986;0.7617496835516804;0.12351992063850012;0.11291230815421739;1.0969282895764445;9.99988239315235;0.8336401021332657;1.0972057155545916;1.0970036903899685;0.759807397495855;-0.12579502807427645;0.7701401667867986
95.376929;1.0938881317058844;0.8333807974517143;0.761749245651263;0.12351984761957237;0.11291232825158524;1.0969264640802348;9.999881842576894;0.8336404045493772;1.0971993191081086;1.0970052834911117;0.7598075607577699;-0.1257950289297631;0.7701427366356489
95.386929;1.093885417268277;0.8333827503853368;0.7617488904553026;0.12351977527051633;0.11291235907740606;1.0969247087842704;9.999881487958506;0.833640798360276;1.0971928719340298;1.0970068800234174;0.7598077165880222;-0.1257950297713247;0.7701453613207172
95.396929;1.0938826516087843;0.8333846938405801;0.7617486132588843;0.12351970346498181;0.11291239988106606;1.0969230223184694;9.99988132054204;0.8336412735558647;1.0971863857914335;1.0970084776824562;0.7598078639532178;-0.1257950305930657;0.7701480360884572
95.406929;1.0938798339151805;0.8333866182366154;0.7617484083212136;0.12351963232392156;0.11291244995655479;1.09692140322312;9.99988133170897;0.833641820023345;1.0971798742707561;1.097010072502857;0.7598080004001834;-0.12579503138962722;0.7701507555417277
95.416929;1.0938769639621349;0.8333885158139354;0.7617482696284709;0.12351956205433542;0.11291250881796691;1.0969198503643698;9.99988151409084;0.8336424264997452;1.0971733513894348;1.0970116583144551;0.7598081231875473;-0.12579503215620275;0.7701535132303376
95.426929;1.0938740430181824;0.8333903807788099;0.7617481914971488;0.12351949283240432;0.11291257630137351;1.0969183642705247;9.999881864121642;0.8336430798419675;1.0971668296861194;1.097013228141028;0.7598082308918039;-0.12579503288839086;0.7701563012919447
95.436929;1.0938710726470955;0.8333922087310017;0.761748169336975;0.12351942484080601;0.11291265231645069;1.0969169475381308;9.999882388364995;0.8336437658483025;1.0971603204715117;1.0970147751085308;0.7598083238487278;-0.1257950335820953;0.7701591116115196
95.446929;1.0938680537641268;0.8333939968329385;0.7617481997205746;0.12351935828116896;0.1129127365910718;1.0969156026680231;9.999883103509202;0.833644471406947;1.0971538356224624;1.0970162921028703;0.7598084034684337;-0.1257950342334093;0.770161937885438
95.456929;1.0938649868861192;0.8333957440817987;0.7617482794741907;0.1235192933550753;0.11291282869469886;1.0969143297117925;9.999884023786715;0.8336451858071837;1.0971473879334366;1.0970177724334356;0.7598084715130103;-0.1257950348384787;0.7701647764589461
95.466929;1.0938618730490193;0.8333974508433272;0.7617484055206757;0.12351923032060175;0.11291292807871087;1.09691312710915;9.999885153023408;0.8336459000823647;1.0971409892377837;1.097019210961166;0.7598085301656089;-0.12579503539358722;0.7701676257919526
95.476929;1.0938587143898046;0.833399118083498;0.7617485759286479;0.12351916951614766;0.11291303406160878;1.096911995051062;9.99988649190043;0.8336466053205167;1.09713464877806;1.0970206038836756;0.7598085826423738;-0.12579503589532195;0.7701704859110847
95.486929;1.093855513910147;0.8334007470922505;0.7617487906337412;0.1235191113222709;0.11291314591804873;1.096910937478685;9.999888046767188;0.8336472911376014;1.097128373786975;1.097021948018929;0.7598086332086906;-0.12579503634058156;0.7701733581311605
95.496929;1.093852275202065;0.833402339194987;0.7617490511710884;0.12351905615642862;0.11291326294419818;1.0969099605478327;9.999889837845144;0.8336479455442478;1.0971221702137066;1.0970232406552018;0.7598086866995455;-0.12579503672673034;0.7701762444155253
95.506929;1.0938490021691878;0.8334038950350064;0.7617493600660589;0.12351900448592187;0.11291338438962834;1.0969090696273387;9.999891902502677;0.833648556495631;1.0971160421183626;1.0970244801317006;0.7598087479919602;-0.12579503705179923;0.7701791463740418
95.516929;1.0938456978930542;0.8334054146257968;0.7617497203264189;0.12351895681684637;0.11291350936414073;1.096908267856106;9.999894280518362;0.8336491131916836;1.0971099917428728;1.0970256664748066;0.7598088207786602;-0.12579503731409492;0.7701820648606285
95.526929;1.0938423638827743;0.8334068981364072;0.7617501352171112;0.12351891359045812;0.11291363680110857;1.0969075571147977;9.99989700338355;0.8336496057596247;1.0971040204886404;1.097026801371876;0.75980890639079;-0.12579503751177323;0.7701850006001324
95.536929;1.093839000974961;0.8334083458332118;0.7617506089437643;0.12351887501204396;0.1129137655321436;1.0969069401186358;9.999900100819042;0.8336500247918778;1.0970981293584325;1.0970278882762032;0.7598090045181473;-0.1257950376432992;0.7701879550203283
95.546929;1.0938356105317657;0.8334097575548015;0.7617511475512118;0.12351884099474314;0.11291389437038407;1.0969064212520077;9.99990359803195;0.8336503620425831;1.0970923191123105;1.0970289321910311;0.7598091146746977;-0.1257950377080904;0.7701909304694792
95.556929;1.0938321949188523;0.8334111328965117;0.761751757928433;0.12351881123227268;0.11291402202073401;1.0969060058375462;9.999907502508083;0.8336506114175672;1.0970865907766587;1.0970299378068273;0.7598092362144647;-0.1257950377063142;0.7701939295354255
95.566929;1.093828757430369;0.8334124711881447;0.7617524453942358;0.12351878533042984;0.11291414703042282;1.0969056996599498;9.999911804518057;0.8336507690845849;1.097080946842344;1.0970309077115692;0.7598093681686326;-0.12579503763833916;0.7701969535714238
95.576929;1.0938253016008672;0.8334137705167757;0.7617532125633182;0.12351876298625629;0.11291426800411848;1.09690550870106;9.999916492937764;0.8336508325801518;1.0970753924303132;1.0970318425365138;0.7598095102229896;-0.12579503750461624;0.7702000015299444
95.586929;1.093821830317811;0.8334150270984408;0.7617540598501479;0.1235187440684465;0.11291438378495064;1.096905437917852;9.99992156414544;0.8336507992686357;1.097069934812625;1.0970327417938208;0.7598096628302365;-0.1257950373056535;0.7702030703026309
95.596929;1.0938183454987802;0.8334162359608314;0.7617549861130991;0.12351872857466407;0.11291449335604646;1.0969054899870314;9.999927015268618;0.8336506648104011;1.097064581900574;1.0970336040420354;0.7598098260023572;-0.12579503704183487;0.7702061560638597
95.606929;1.0938148480697814;0.8334173921402884;0.7617559893916305;0.12351871666535773;0.11291459568965717;1.0969056652873903;9.999932839859968;0.8336504233628886;1.097059341525328;1.0970344264054877;0.759809999354938;-0.12579503671344597;0.7702092553719967
95.616929;1.0938113379609502;0.833418490869123;0.7617570680572411;0.12351870874090885;0.1129146897974369;1.096905962399589;9.999939033358352;0.8336500695721232;1.0970542218314367;1.0970352037680864;0.7598101835656265;-0.1257950363208717;0.77021236559689
95.626929;1.0938078149566153;0.8334195265401374;0.7617582215178619;0.12351870536744419;0.11291477488475599;1.0969063781760562;9.999945596583391;0.8336495997130152;1.0970492321123844;1.097035928907247;0.759810380837589;-0.12579503586473273;0.7702154848139612
95.636929;1.0938042801746246;0.8334204922314631;0.7617594499801231;0.12351870716058465;0.112914850388369;1.0969069075824296;9.999952531071049;0.8336490112941144;1.0970443829182093;1.0970365937684174;0.7598105935924778;-0.12579503534607536;0.7702186113076879
95.646929;1.0938007367784655;0.8334213805632994;0.7617607536495392;0.12351871484417294;0.1129149159376059;1.0969075437856362;9.999959829048139;0.8336483024752028;1.097039685116859;1.097037189612221;0.7598108226076261;-0.12579503476653295;0.7702217428367014
95.656929;1.093797189849451;0.8334221841433912;0.7617621321948675;0.12351872933979777;0.11291497139972477;1.0969082787685833;9.999967465923987;0.8336474718202751;1.0970351494400785;1.097037706411942;0.7598110661222058;-0.1257950341282108;0.7702248763370095
95.666929;1.0937936456072035;0.8334228946448324;0.7617635849635824;0.12351875168503977;0.1129150169937927;1.096909104608641;9.999975405841392;0.8336465183093154;1.0970307873636418;1.0970381341285251;0.7598113207401962;-0.12579503343346782;0.7702280083144868
95.676929;1.0937901103434033;0.8334235022531477;0.7617651110550433;0.12351878293576161;0.11291505330240853;1.0969100152471005;9.999983615731134;0.8336454413721208;1.0970266118908023;1.0970384646982214;0.7598115828821884;-0.12579503268481926;0.7702311348250954
95.686929;1.09378658999462;0.8334239967100522;0.7617667088430121;0.1235188241233143;0.11291508106459078;1.0969110076980904;9.999992071516658;0.8336442407360922;1.0970226366696223;1.097038692765634;0.7598118486809854;-0.1257950318849076;0.7702342507135245
95.696929;1.0937830898368344;0.8334243685495408;0.7617683760669991;0.12351887610098208;0.1129151009135519;1.0969120816730202;10.000000754338345;0.8336429162041583;1.0970188741786493;1.0970388157844508;0.7598121128558452;-0.12579503103656625;0.7702373493770052
95.706929;1.0937796139955205;0.8334246092544105;0.7617701102275802;0.12351893941078962;0.11291511326163511;1.0969132387970073;10.000009644654158;0.8336414676482744;1.0970153351343683;1.0970388331522576;0.7598123682571086;-0.1257950301429265;0.770240423731028
95.716929;1.0937761652018179;0.8334247105997847;0.7617719079786772;0.12351901439862117;0.11291511832633773;1.096914482599929;10.000018722576778;0.8336398948027184;1.0970120291429335;1.0970387445061893;0.7598126060766277;-0.1257950292073567;0.7702434674561138
95.726929;1.0937727447695313;0.8334246638651437;0.7617737643573377;0.12351910142632282;0.11291511628626963;1.0969158182507088;10.000027972438971;0.8336381966844831;1.097008964772596;1.0970385492546268;0.7598128168130133;-0.1257950282333211;0.7702464754387434
95.736929;1.0937693530608619;0.8334244596883468;0.7617756731683555;0.12351920088584474;0.11291510743060763;1.0969172517078198;10.000037379317035;0.8336363717528846;1.0970061488649112;1.0970382476594513;0.7598129922302396;-0.12579502722442296;0.7702494437688874
95.746929;1.093765989984028;0.8334240887650717;0.7617776278648495;0.123519313027912;0.11291509210935025;1.0969187887193546;10.000046922678822;0.8336344191294399;1.0970035854960465;1.0970378418019633;0.7598131269805323;-0.12579502618465627;0.7702523698736958
95.756929;1.0937626551484818;0.8334235430986677;0.7617796216501044;0.12351943793923506;0.11291507063682761;1.096920433460429;10.000056576807701;0.8336323396520714;1.0970012747694027;1.097037335308403;0.7598132187514833;-0.1257950251186142;0.7702552519708087
95.766929;1.0937593484863692;0.8334228174145217;0.7617816468401233;0.12351957565593304;0.11291504332889403;1.0969221872707917;10.00006630569624;0.8336301357694378;1.0969992124940589;1.0970367326106358;0.7598132674920198;-0.12579502403132384;0.7702580878434465
95.776929;1.0937560708893233;0.8334219097631386;0.7617836945371002;0.12351972606764332;0.11291501055423833;1.0969240483344382;10.000076045221604;0.8336278110042913;1.096997390952001;1.097036038806262;0.7598132742162094;-0.12579502292774625;0.7702608748421399
95.786929;1.093752823749414;0.8334208209706194;0.7617857549623435;0.12351988877217984;0.11291497264055957;1.0969260121180622;10.0000856955718;0.8336253699254027;1.0969958006270848;1.0970352599315618;0.7598132394582353;-0.12579502181263688;0.7702636113278669
95.796929;1.0937496079587443;0.833419553723579;0.7617878180817148;0.12352006320009744;0.11291492968678803;1.0969280713956253;10.00009513887882;0.8336228177109729;1.0969944323288883;1.097034403193084;0.7598131628056941;-0.12579502069105214;0.7702662972500878
95.806929;1.0937464232101917;0.8334181115385825;0.761789874179673;0.12352024879700324;0.1129148814931839;1.0969302159131555;10.000104260822425;0.8336201591401288;1.0969932772715163;1.0970334763093441;0.7598130442956839;-0.1257950195686161;0.7702689330538257
95.816929;1.0937432680846548;0.8334164975844512;0.7617919139372588;0.12352044502589242;0.1129148276466335;1.0969324330916694;10.000112958285122;0.8336173983923828;1.0969923246214903;1.0970324856458853;0.7598128859138669;-0.12579501845097518;0.7702715188014135
95.826929;1.0937401415920807;0.8334147138580819;0.7617939281587083;0.12352065136897428;0.11291476758430283;1.0969347094382556;10.000121140003326;0.8336145394780906;1.0969915595849118;1.0970314348478416;0.7598126917513938;-0.1257950173432265;0.7702740545572745
95.836929;1.093737045606874;0.8334127615639781;0.7617959082480174;0.12352086748734557;0.11291470060370469;1.0969370307278714;10.00012872759779;0.833611586809165;1.0969909642517992;1.0970303253135671;0.7598124672279033;-0.1257950162498447;0.7702765406879852
95.846929;1.0937339864031588;0.8334106430035724;0.7617978473965413;0.12352109333527732;0.11291462592599506;1.0969393809331145;10.000135658001403;0.8336085463906691;1.0969905201330532;1.0970291572815234;0.7598122183317361;-0.12579501517468225;0.7702789771447813
95.856929;1.0937309741724817;0.8334083634973622;0.7617997410246096;0.12352132905080856;0.1129145428223751;1.0969417424466237;10.000141887278295;0.8336054266969564;1.0969902102975146;1.097027929670713;0.759811951173431;-0.1257950141210038;0.7702813622663816
95.866929;1.0937280208223579;0.8334059313530767;0.7618015862262298;0.1235215748760712;0.11291445075610977;1.09694409783825;10.000147388293938;0.8336022380426749;1.0969900193895263;1.09702663884886;0.7598116714094892;-0.12579501309165136;0.7702836917082042
95.876929;1.093725137789107;0.8334033558878736;0.7618033807992809;0.12352183133504643;0.1129143495203816;1.0969464303622816;10.000152139490128;0.8335989913003373;1.0969899310995892;1.0970252789196775;0.7598113838289379;-0.1257950120888666;0.7702859583681093
95.886929;1.09372233597682;0.8334006457430019;0.7618051222492371;0.12352209942883953;0.11291423929846155;1.096948723240891;10.000156118264469;0.8335956968235271;1.0969899263115694;1.0970238447169156;0.759811093003106;-0.12579501111370048;0.7702881538440547
95.896929;1.0937196269843505;0.8333978088595214;0.7618068076989645;0.12352238058534927;0.11291412054755498;1.0969509599836245;10.000159308333975;0.8335923632199947;1.0969899841439792;1.0970223346150167;0.759810804049591;-0.12579501016575906;0.7702902703406798
95.906929;1.093717022811599;0.8333948532223489;0.761808434761837;0.12352267637307171;0.11291399379119335;1.0969531252410543;10.000161712914682;0.8335889962048981;1.0969900828757955;1.0970207510160292;0.7598105218428693;-0.12579500924362017;0.7702923014944181
95.916929;1.0937145342700603;0.8333917875360087;0.7618100022446184;0.12352298810525582;0.11291385946098745;1.096955204574547;10.000163357450141;0.8335855985263956;1.0969901997839135;1.0970190992433901;0.7598102496343575;-0.12579500834533525;0.7702942419174903
95.926929;1.0937121700811165;0.8333886209371597;0.7618115098963119;0.12352331651345051;0.11291371784654367;1.0969571840004708;10.000164278399016;0.8335821712551706;1.0969903126137812;1.0970173858945145;0.7598099890148566;-0.125795007468624;0.7702960867176915
95.936929;1.0937099368357814;0.8333853612706089;0.7618129573467728;0.12352366170550408;0.11291356918891512;1.0969590506756222;10.000164514832392;0.8335787157074902;1.096990402143031;1.097015617938043;0.7598097407302609;-0.12579500661102497;0.7702978319159479
95.946929;1.0937078390910542;0.83338201355883;0.7618143438413523;0.12352402343297633;0.11291341379385224;1.0969607943648738;10.000164109563462;0.8335752349598938;1.0969904537162651;1.0970138030225018;0.7598095050854229;-0.12579500577024993;0.7702994749865133
95.956929;1.0937058794961483;0.8333785800272587;0.7618156690074852;0.12352440132493558;0.11291325203318371;1.0969624086602332;10.000163104658506;0.8335717342426133;1.0969904574257896;1.0970119501000204;0.7598092822905089;-0.12579500494461557;0.7703010144776337
95.966929;1.0937040592550042;0.8333750613593246;0.7618169325363172;0.1235247948925313;0.1129130842705102;1.0969638906885018;10.000161527407991;0.8335682202493587;1.0969904074571637;1.097010069564079;0.7598090730064323;-0.12579500413325792;0.770302449137714
95.976929;1.0937023787809663;0.8333714583018387;0.7618181328823751;0.12352520357666934;0.11291291079434167;1.0969652386403008;10.000159382937422;0.8335647004595315;1.0969903019404739;1.0970081727351313;0.7598088783623878;-0.12579500333595106;0.7703037769832057
95.986929;1.0937008379792628;0.8333677726565013;0.7618192666209985;0.12352562688957411;0.11291273181280442;1.0969664488804267;10.000156662109033;0.8335611830756862;1.0969901430897724;1.097006271604634;0.7598086998026102;-0.1257950025526825;0.7703049943489937
95.996929;1.0936994362417187;0.8333640070581487;0.76182032838343;0.12352606440428526;0.11291254748053103;1.0969675152030796;10.000153349849171;0.8335576769353295;1.0969899363419613;1.0970043788996526;0.7598085393903994;-0.1257950017834119;0.7703060962958943
96.006929;1.0936981726797788;0.8333601635733073;0.7618213112075836;0.12352651569993421;0.1129123579342587;1.0969684300566835;10.000149424487228;0.8335541915466431;1.0969896890799262;1.097002506917446;0.7598083995930967;-0.12579500102817706;0.770307078348259
96.016929;1.0936970466257991;0.8333562421461881;0.7618222080314935;0.12352698031171579;0.11291216335148234;1.0969691860348363;10.000144868827821;0.8335507375243659;1.0969894097105555;1.0970006661776874;0.7598082824117356;-0.1257950002870713;0.770307937565661
96.026929;1.0936960579993498;0.8333522406942468;0.7618230142519286;0.12352745751588116;0.11291196395365609;1.0969697773211873;10.00013969516603;0.833547326675706;1.0969891067109032;1.0969988657027947;0.7598081888263046;-0.1257949995598523;0.770308672332972
96.036929;1.0936952069711108;0.8333481570777546;0.7618237297644174;0.12352794617077506;0.11291175987484567;1.0969702012804654;10.000133949154234;0.8335439714465704;1.0969887879961022;1.0969971132259935;0.7598081187013077;-0.12579499884575537;0.7703092813628919
96.046929;1.0936944930414652;0.833343991001127;0.7618243586576807;0.12352844476053705;0.11291155101919942;1.0969704589883431;10.00012769115432;0.8335406835354949;1.096988462468011;1.096995414017793;0.7598080715364428;-0.12579499814387066;0.7703097634982787
96.056929;1.0936939144898286;0.8333397446242647;0.7618249065770253;0.12352895149806058;0.1129113370962605;1.0969705535398986;10.00012098881655;0.8335374718347712;1.0969881432021311;1.096993769329354;0.7598080476299888;-0.125794997453489;0.7703101189166504
96.066929;1.093693468833487;0.8333354223642354;0.7618253778218923;0.12352946447595045;0.11291111777693072;1.0969704882136273;10.000113919236256;0.833534341839057;1.096987848584608;1.0969921761965797;0.759808048223865;-0.12579499677390396;0.7703103493361722
96.076929;1.0936931532097114;0.8333310304891562;0.7618257739914346;0.1235299817592585;0.11291089279172846;1.096970266447141;10.000106563177555;0.8335312974011221;1.0969876003073886;1.0969906293023435;0.759808075256843;-0.12579499610427378;0.770310456489051
96.086929;1.0936929635124524;0.8333265766245799;0.7618260944404249;0.1235305013825428;0.11291066199464546;1.0969698917628687;10.000098998787669;0.8335283423951846;1.0969874202776924;1.0969891225770794;0.7598081314964841;-0.12579499544412845;0.7703104412722397
96.096929;1.0936928943653663;0.8333220691186433;0.7618263376869627;0.12353102147064512;0.11291042548511818;1.096969366660638;10.000091297347462;0.833525480730532;1.0969873274686908;1.0969876492895898;0.7598082202987331;-0.1257949947937273;0.7703103046774267
96.106929;1.0936929408431555;0.8333175162316316;0.7618265023220034;0.12353154040887487;0.11291018371226504;1.0969686919296007;10.000083516706768;0.8335227151424173;1.0969873353604276;1.0969862023252386;0.7598083455311815;-0.12579499415353507;0.7703100488817034
96.116929;1.0936930994731346;0.8333129252022854;0.7618265868394483;0.12353205682800154;0.11290993744289853;1.096967866655289;10.000075697326144;0.8335200458456041;1.0969874514616345;1.0969847752987791;0.7598085120744632;-0.1257949935235765;0.7703096770698883
96.126929;1.0936933683124181;0.8333083019284603;0.7618265895202969;0.1235325695620471;0.11290968762732466;1.0969668887959232;10.000067862035461;0.8335174705162561;1.0969876780289238;1.096983363352583;0.7598087260647134;-0.12579499290349333;0.7703091925459409
96.136929;1.093693746976812;0.833303652193823;0.7618265091378186;0.12353307774549853;0.11290943527643824;1.0969657568537043;10.000060023066512;0.8335149853269738;1.0969880123772375;1.0969819621479944;0.7598089949293393;-0.12579499229294047;0.77030859839818
96.146929;1.0936942363961915;0.8332989830795866;0.7618263459133611;0.12353358087849617;0.11290918142902027;1.0969644719263254;10.000052195135627;0.8335125858770778;1.0969884487495107;1.0969805657652978;0.7598093269793481;-0.12579499169153077;0.7703078982776917
96.156929;1.0936948385431302;0.8332943025467937;0.7618261019736227;0.12353407873041206;0.11290892719680554;1.0969630387932001;10.000044398126184;0.8335102679351947;1.0969889823707122;1.0969791669929547;0.7598097303296911;-0.12579499109833034;0.7703070977447793
96.166929;1.0936955555099332;0.8332896184828784;0.7618257807475117;0.12353457111319509;0.11290867372141696;1.0969614651988213;10.000036647895742;0.8335080276093327;1.0969896119675449;1.0969777601438089;0.7598102120355984;-0.12579499051170834;0.7703062047814915
96.176929;1.0936963876593608;0.8332849385648705;0.7618253859280585;0.12353505763382003;0.11290842199164598;1.0969597602626322;10.000028950396109;0.8335058607536504;1.0969903388661337;1.0969763421383705;0.759810777591926;-0.125794989929756;0.7703052290663814
96.186929;1.09369733210169;0.8332802697948608;0.761824920993731;0.12353553760555877;0.11290817272837858;1.0969579347912792;10.00002130610478;0.8335037626786229;1.0969911649362796;1.09697491125815;0.7598114305989104;-0.12579498935064093;0.7703041814505739
96.196929;1.0936983817365018;0.8332756180276076;0.7618243886467191;0.12353601009255007;0.11290792647983335;1.0969560025284457;10.000013720101785;0.8335017284388444;1.0969920916527143;1.0969734667246205;0.7598121727091808;-0.12579498877254758;0.7703030738995246
96.206929;1.0936995252958186;0.8332709884791302;0.7618237899996158;0.12353647391942896;0.11290768378104316;1.0969539789132534;10.00000620730147;0.8334997530880627;1.0969931202892327;1.0969720092558268;0.7598130036896414;-0.12579498819324922;0.7703019186091542
96.216929;1.0937007496703797;0.8332663864810252;0.7618231245410056;0.12353692770442111;0.11290744512392059;1.0969518788265762;9.999998790646316;0.8334978324575609;1.096994252340002;1.0969705408813815;0.7598139214795205;-0.12579498760952149;0.7703007269116566
96.226929;1.0937020431072648;0.8332618175803307;0.7618223911868015;0.12353736999112175;0.11290721076363396;1.0969497158579147;9.99999149979122;0.833495964605157;1.0969954892766343;1.096969064436574;0.7598149222688163;-0.1257949870171218;0.7702995092684727
96.236929;1.0937033966412983;0.8332572868108156;0.7618215898623164;0.12353779940547567;0.11290698065080836;1.096947502467499;9.999984367781716;0.8334941503007437;1.0969968315615037;1.0969675837439152;0.7598160010218965;-0.12579498641156306;0.7702982759042053
96.246929;1.0937048036258292;0.8332527985367898;0.7618207222715238;0.12353821478089035;0.11290675457676547;1.0969452507015491;9.999977419886783;0.8334923917401146;1.0969982774843436;1.0969661036753096;0.7598171525408044;-0.12579498578892134;0.7702970370941201
96.256929;1.0937062586768094;0.8332483575638753;0.76181979144666;0.12353861517741874;0.11290653229560822;1.096942972641191;9.999970661518832;0.8334906908470643;1.096999821816341;1.0969646291773225;0.7598183722468608;-0.12579498514650672;0.7702958025923167
96.266929;1.093707756973926;0.8332439695293826;0.7618188011803166;0.12353899980300953;0.11290631347352237;1.096940679474176;9.999964071620663;0.8334890484127268;1.0970014554523926;1.0969631637912753;0.7598196561106829;-0.12579498448332466;0.7702945809945779
96.276929;1.093709293685222;0.83323963970774;0.7618177556721325;0.12353936797319663;0.11290609754379292;1.096938380874894;9.999957604379034;0.8334874641631356;1.0970031674191112;1.096961708665294;0.7598209996677052;-0.12579498379988127;0.7702933801050047
96.286929;1.0937108629971177;0.8332353716772893;0.7618166594244347;0.12353971911833296;0.11290588366712194;1.09693608549011;9.999951201017435;0.8334859378200449;1.0970049475952666;1.0969602629522153;0.7598223969445939;-0.12579498309774698;0.7702922079825419
96.296929;1.0937124574801513;0.8332311669092277;0.7618155174645843;0.12354005275309062;0.11290567094749782;1.096933800934733;9.999944807123583;0.8334844705672173;1.097006788619285;1.0969588251062157;0.7598238408995993;-0.1257949823793851;0.7702910742275096
96.306929;1.0937140685711249;0.8332270253126166;0.7618143351058213;0.12354036842750821;0.11290545872299625;1.0969315337789685;9.999938386422977;0.833483065356276;1.09700868689561;1.0969573933771923;0.7598253251297318;-0.125794981647897;0.7702899908161023
96.316929;1.093715687914655;0.8332229464750381;0.7618131172984253;0.12354066572424048;0.1129052466415717;1.0969292905913843;9.999931919504645;0.8334817254581286;1.0970106421643961;1.0969559653122725;0.7598268443920037;-0.12579498090661828;0.7702889713837943
96.326929;1.0937173085369118;0.8332189305751594;0.7618118685757687;0.12354094433825688;0.1129050345283782;1.0969270794266055;9.99992539685194;0.8334804530881306;1.097012656364951;1.096954537761452;0.75982839304268;-0.1257949801589021;0.7702880296310294
96.336929;1.093718925109773;0.8332149779940154;0.7618105936068961;0.12354120420631544;0.11290482233993555;1.0969249106973578;9.999918822541096;0.8334792495154686;1.0970147323143957;1.09695310806362;0.759829963764237;-0.12579497940781412;0.7702871781285274
96.346929;1.0937205338262574;0.8332110885875725;0.7618092978535898;0.12354144559021966;0.1129046103401867;1.0969227960704382;9.999912217658133;0.8334781151141128;1.0970168721543148;1.0969516747569892;0.7598315483568635;-0.12579497865545627;0.7702864272520702
96.356929;1.0937221324049855;0.8332072617197976;0.7618079880278366;0.12354166909397997;0.11290439917854982;1.096920745842075;9.999905618586995;0.8334770483762842;1.0970190773784083;1.0969502362712122;0.7598331391773324;-0.125794977902575;0.7702857843939804
96.366929;1.0937237202269607;0.8332034963370814;0.7618066718433614;0.12354187564744869;0.11290418966290595;1.0969187668070037;9.999899073967784;0.8334760451746543;1.0970213502201958;1.0969487892167666;0.7598347294017946;-0.12579497714898685;0.7702852545882363
96.376929;1.0937252986213566;0.8331997906851867;0.7618053568478222;0.12354206646954191;0.11290398255017187;1.0969168615990335;9.99989263479327;0.8334750992706514;1.0970236937648363;1.0969473288178255;0.7598363123311684;-0.12579497639440995;0.7702848418653956
96.386929;1.0937268703445464;0.8331961429977929;0.7618040494541507;0.12354224297907139;0.1129037785999658;1.0969150293573942;9.999886345628898;0.833474203469514;1.0970261109531871;1.096945851176937;0.759837881605478;-0.12579497563901676;0.770284549816683
96.396929;1.0937284374121024;0.8331925529099856;0.7618027551849185;0.12354240656115643;0.11290357864100858;1.0969132668084376;9.999880243852056;0.8334733503430587;1.097028604277169;1.0969443551137263;0.7598394330185267;-0.12579497488347702;0.7702843818548183
96.406929;1.093729998839764;0.8331890213438766;0.761801478943566;0.12354255831299106;0.11290338344348577;1.0969115695725427;9.999874367717608;0.833472532559571;1.09703117615015;1.0969428422521015;0.7598409657448338;-0.125794974128737;0.7702843416542974
96.416929;1.0937315509011563;0.8331855492795663;0.7618002243312384;0.12354269904492599;0.11290319356938613;1.096909933802817;9.999868773696207;0.8334717433299373;1.0970338292008985;1.0969413156804817;0.7598424811702856;-0.12579497337565065;0.7702844327163529
96.426929;1.0937330903514146;0.8331821374213058;0.7617989933982854;0.12354282947478677;0.11290300935057997;1.096908357158576;9.9998635407164;0.8334709769009676;1.0970365666277444;1.0969397784631914;0.7598439805872961;-0.12579497262455697;0.770284657052457
96.436929;1.0937346170922269;0.833178786763015;0.7617977876045728;0.12354295036457798;0.11290283090588438;1.0969068386644918;9.999858750062423;0.8334702290957614;1.0970393923792434;1.0969382329568536;0.7598454639865565;-0.12579497187527422;0.7702850144932077
96.446929;1.0937361325458217;0.8331754990972915;0.7617966085263317;0.1235430625186613;0.11290265816362952;1.0969053780027918;9.99985446365884;0.8334694978008387;1.0970423099907796;1.0969366813143133;0.7598469301915991;-0.12579497112744295;0.7702855030584304
96.456929;1.093737635966131;0.8331722768998467;0.7617954576063355;0.12354316666341623;0.11290249096928338;1.096903974978916;9.999850714490837;0.8334687825821526;1.097045320343783;1.0969351270090568;0.7598483773186957;-0.12579497038070353;0.7702861195449953
96.466929;1.0937391238369811;0.8331691227168041;0.7617943360864508;0.12354326335850972;0.11290232918494274;1.0969026292368382;9.99984751112352;0.8334680838488472;1.0970484203243518;1.0969335754075782;0.7598498032124054;-0.12579496963473916;0.7702868600199558
96.476929;1.0937405924966839;0.8331660382916705;0.7617932457080188;0.12354335305564798;0.1129021726714978;1.0969013398909857;9.999844857981685;0.8334674030167185;1.0970516029691324;1.0969320319148697;0.7598512054838811;-0.12579496888940142;0.7702877200951351
96.486929;1.0937420400821622;0.8331630236663883;0.7617921891975007;0.12354343613981121;0.11290202128787395;1.0969001058148624;9.99984277191081;0.8334667429475355;1.0970548580714845;1.0969305001292038;0.7598525809914332;-0.12579496814483399;0.7702886944673685
96.496929;1.093743466592431;0.8331600771007387;0.7617911698633745;0.12354351290379414;0.11290187503428872;1.09689892606667;9.999841274930168;0.8334661074985785;1.0970581728394564;1.0969289818725096;0.7598539258594456;-0.1257949674014582;0.7702897761296467
96.506929;1.0937448737294615;0.8331571960612818;0.7617901909487554;0.123543583622552;0.11290173419076803;1.0968977992625908;9.999840378826399;0.8334655010131488;1.0970615328227389;1.0969274773295221;0.7598552362058777;-0.12579496665981563;0.7702909565237196
96.516929;1.0937462646330054;0.8331543782555245;0.7617892550824817;0.12354364863960421;0.11290159922535009;1.0968967234076294;9.999840083814501;0.8334649286298124;1.0970649232528145;1.0969259850853321;0.7598565081778413;-0.12579496592030312;0.7702922265766221
96.526929;1.0937476430660231;0.8331516215576673;0.7617883638910703;0.12354370827474022;0.11290147060475324;1.0968956963409688;9.999840382824297;0.8334643967752098;1.0970683302217275;1.0969245029284949;0.7598577376254092;-0.12579496518290537;0.7702935773368967
96.536929;1.0937490132658418;0.833148923022675;0.761787518540288;0.12354376274345799;0.11290134878083805;1.0968947151584385;9.999841257238183;0.8334639121638994;1.0970717405179884;1.0969230283228455;0.7598589203371947;-0.12579496444725202;0.7702949999527939
96.546929;1.0937503808596196;0.8331462785976831;0.7617867210741018;0.12354381226481395;0.1129012342351518;1.0968937760400375;9.999842676108448;0.8334634797462718;1.0970751403648253;1.0969215584279406;0.7598600514243206;-0.12579496371300003;0.7702964855573816
96.556929;1.0937517529272578;0.8331436842329749;0.7617859747674889;0.1235438571470458;0.11290112744872949;1.0968928755872727;9.999844605642922;0.8334631023228484;1.0970785146834938;1.0969200900633194;0.7598611241520292;-0.12579496298003914;0.7702980255578666
96.566929;1.0937531359422323;0.8331411370314781;0.7617852830319218;0.12354389779138636;0.11290102895403109;1.0968920116239118;9.99984700739186;0.8334627816702305;1.0970818473568122;1.0969186195135303;0.7598621306532546;-0.12579496224839254;0.7702996119961444
96.576929;1.0937545337314303;0.8331386352712832;0.7617846486056028;0.12354393472086596;0.11290093935455715;1.0968911828687764;9.999849821207219;0.8334625189344718;1.0970851216836617;1.0969171426944857;0.7598630632723009;-0.1257949615182173;0.7703012370848273
96.586929;1.0937559477087797;0.8331361775152458;0.7617840733607376;0.12354396856856785;0.11290085911292504;1.0968903884406822;9.999852958092601;0.8334623146038828;1.0970883206324973;1.0969156551970733;0.7598639142549098;-0.12579496078998012;0.7703028929155719
96.596929;1.093757377970772;0.8331337613389261;0.7617835577852441;0.1235439999243128;0.11290078839772232;1.096889627245416;9.999856313156561;0.8334621693533895;1.0970914275091277;1.0969141523187949;0.7598646752251277;-0.12579496006457233;0.7703045721578826
96.606929;1.0937588235472941;0.8331313828368658;0.7617831006794177;0.12354402907651874;0.11290072722107257;1.0968888985305831;9.999859786811287;0.8334620852124685;1.0970944274262004;1.0969126300792476;0.7598653381407309;-0.1257949593432496;0.7703062682323772
96.616929;1.0937602821482053;0.833129037435924;0.7617826995151167;0.123544055927308;0.11290067568882547;1.0968882036589327;9.999863303349397;0.8334620659353535;1.0970973085719296;1.0969110856887423;0.7598658968990535;-0.1257949586273668;0.7703079746046027
96.626929;1.0937617501229997;0.8331267203875983;0.7617823508429898;0.12354408018872422;0.11290063414405804;1.0968875461360792;9.999866818199818;0.8334621160937509;1.0971000620785203;1.0969095165860572;0.7598663478563158;-0.12579495791819156;0.7703096843379653
96.636929;1.0937632231999008;0.8331244266711564;0.7617820506897657;0.1235441015688007;0.11290060312515715;1.096886930131837;9.999870306660135;0.83346223949485;1.0971026804218897;1.0969079198301033;0.7598666889787995;-0.12579495721710796;0.7703113902441023
96.646929;1.0937646970944215;0.8331221517338493;0.7617817950692827;0.12354411985488362;0.11290058321632356;1.096886359778873;9.999873745214927;0.8334624387926624;1.097105155875153;1.0969062923609936;0.7598669189826163;-0.125794956525863;0.7703130854299189
96.656929;1.0937661665897276;0.833119892107493;0.7617815807880368;0.12354413499133242;0.11290057489246118;1.0968858390571412;9.999877103815257;0.8334627168894545;1.0971074802205172;1.09690463154906;0.7598670369992752;-0.12579495584634834;0.7703147638555727
96.666929;1.0937676241071472;0.8331176450656026;0.7617814066892311;0.12354414701696302;0.11290057846523903;1.0968853718921117;9.999880349339186;0.8334630783741308;1.0971096450552462;1.096902935638993;0.7598670423500744;-0.1257949551802072;0.7703164207501367
96.676929;1.093769059984971;0.8331154086120078;0.7617812738768593;0.12354415588163699;0.11290059415816264;1.0968849623171655;9.999883454125523;0.8334635292398211;1.0971116419657143;1.0969012031298322;0.7598669342837435;-0.12579495452870731;0.770318052820301
96.686929;1.093770464931629;0.8331131814695918;0.7617811842769341;0.12354416143216712;0.11290062214423748;1.0968846142253368;9.999886405842531;0.8334640750715484;1.0971134623470142;1.0968994313385527;0.7598667118869541;-0.12579495389262346;0.7703196577550189
96.696929;1.0937718318889291;0.8331109622917118;0.7617811394012108;0.12354416353127846;0.11290066252356475;1.0968843308520313;9.999889207078105;0.8334647194832029;1.0971150974136528;1.0968976162859885;0.7598663750212893;-0.12579495327209617;0.7703212330977117
96.706929;1.0937731552413452;0.8331087488995835;0.7617811398346398;0.12354416208580563;0.11290071531110438;1.0968841143076244;9.999891864325782;0.8334654639575718;1.0971165391034847;1.0968957544402174;0.7598659256783369;-0.12579495266669452;0.7703227751003151
96.716929;1.0937744294838314;0.8331065379120358;0.7617811847590674;0.12354415710030094;0.1129007803705698;1.096883965144563;9.999894383232757;0.8334663087019731;1.0971177817026028;1.0968938441558143;0.7598653676887973;-0.12579495207554234;0.7703242782428025
96.726929;1.0937756491521557;0.8331043245795771;0.7617812718409488;0.12354414882367648;0.11290085735315276;1.0968838813888542;9.999896773430635;0.8334672533263039;1.0971188240056458;1.0968918855750913;0.7598647056336797;-0.12579495149748424;0.7703257359461969
96.736929;1.093776809565819;0.8331021030518991;0.7617813973183126;0.12354413772854625;0.1129009457055424;1.0968838578498936;9.999899055723116;0.8334682972345125;1.0971196709220978;1.096889880030519;0.7598639445352461;-0.12579495093141072;0.7703271416943792
96.746929;1.093777907319628;0.8330998674729905;0.761781556535833;0.12354412436560741;0.11290104467175274;1.096883887708321;9.999901266940496;0.833469440393978;1.0971203332490298;1.0968878295025477;0.7598630892562207;-0.1257949503766762;0.7703284892173107
96.756929;1.0937789396407829;0.8330976138082892;0.7617817457659761;0.12354410939310492;0.11290115333198755;1.0968839654222797;9.999903456903642;0.8334706834731002;1.097120826328188;1.0968857353261534;0.759862143459729;-0.12579494983334025;0.7703297715639619
96.766929;1.0937799034116937;0.8330953415295034;0.7617819637329972;0.12354409370891643;0.11290127072140685;1.0968840887322509;9.999905677384527;0.8334720265076202;1.0971211680590982;1.0968835970065938;0.7598611091199786;-0.1257949493020085;0.7703309801738849
96.776929;1.0937807950286942;0.8330930537332716;0.7617822110011107;0.12354407847492353;0.11290139590782339;1.096884259176371;9.999907969045431;0.8334734679386128;1.0971213761331455;1.0968814131290345;0.7598599867741499;-0.12579494878351757;0.7703321051718409
96.786929;1.093781611515324;0.833090755471019;0.7617824883092675;0.1235440650001751;0.11290152801647738;1.0968844809826168;9.999910355428336;0.8334750057913126;1.0971214662494861;1.0968791834590483;0.7598587765554389;-0.1257949482786696;0.7703331367590561
96.796929;1.0937823520450278;0.8330884522829578;0.761782795291132;0.1235440545525877;0.112901666265138;1.0968847592162578;9.999912846615812;0.8334766394673138;1.0971214525147528;1.0968769098355462;0.7598574789539996;-0.1257949477880736;0.770334066626541
96.806929;1.0937830178813153;0.8330861499068811;0.7617831298594823;0.12354404821732248;0.11290180991890572;1.0968850986010954;9.999915448374761;0.8334783702211935;1.0971213485292677;1.0968745950672247;0.7598560943210587;-0.1257949473123306;0.7703348884748894
96.816929;1.093783611246118;0.8330838542302607;0.7617834889710074;0.12354404682946936;0.11290195818863727;1.0968855034478957;9.99991817608032;0.8334802008084105;1.0971211673309422;1.0968722409517466;0.7598546224226475;-0.12579494685239287;0.7703355973359786
96.826929;1.0937841347512427;0.8330815712831509;0.7617838702152354;0.12354405099856611;0.11290211024040288;1.0968859779951896;9.999921065031968;0.8334821349143658;1.0971209202906407;1.096869847413796;0.7598530629977089;-0.12579494640955702;0.7703361888706597
96.836929;1.0937845903477734;0.8330793072478576;0.7617842720522591;0.12354406126131096;0.11290226533200923;1.0968865261909697;9.999924170230615;0.8334841763842198;1.09712061714632;1.0968674130444784;0.7598514159536824;-0.12579494598515895;0.7703366597900605
96.846929;1.0937849775303263;0.833077068366062;0.7617846935708587;0.1235440781978641;0.11290242296923203;1.0968871515600394;9.999927563749228;0.8334863283875026;1.0971202679876697;1.0968649358504037;0.75984968075149;-0.12579494558037635;0.7703370083057591
96.856929;1.0937852934188315;0.8330748608947718;0.7617851354063114;0.12354410233707362;0.11290258290869552;1.0968878575744465;9.999931333160431;0.833488592359158;1.0971198847118773;1.0968624137662233;0.7598478564856662;-0.12579494519608095;0.7703372332931476
96.866929;1.0937855356358748;0.833072690997619;0.7617855995133347;0.12354413399318717;0.11290274498802975;1.0968886472987984;9.999935577088152;0.833490966980541;1.0971194808035905;1.0968598449294746;0.7598459428356467;-0.1257949448326786;0.770337332957405
96.876929;1.0937857054482616;0.8330705645166744;0.7617860870665693;0.1235441732267182;0.11290290904974222;1.096889523179625;9.999940392384705;0.8334934480626195;1.097119070455169;1.096857228178081;0.7598439404719608;-0.12579494449011486;0.770337304351192
96.886929;1.0937858083855878;0.8330684860512971;0.7617865976354017;0.12354421985213172;0.11290307504942894;1.0968904880614667;9.99994585451488;0.8334960295403814;1.097118666722856;1.0968545637947482;0.7598418502809753;-0.125794944168066;0.7703371438104964
96.896929;1.0937858522287822;0.8330664577528878;0.7617871302132129;0.12354427338933864;0.11290324313783474;1.0968915454131674;9.999952013116939;0.8334987046741514;1.0971182796258692;1.0968518532226579;0.7598396724254708;-0.1257949438661832;0.7703368480341205
96.906929;1.0937858448107458;0.8330644794817871;0.7617876840438972;0.12354433302323337;0.1129034136138227;1.0968926983769747;9.999958908342569;0.8335014659326195;1.0971179167611587;1.0968490981928398;0.7598374062329288;-0.12579494358413143;0.7703364156081038
96.916929;1.0937857927779981;0.8330625498564727;0.7617882584510437;0.12354439768465467;0.11290358678349931;1.0968939495135195;9.999966575492344;0.8335043035244987;1.0971175853984407;1.096846300706465;0.7598350503084511;-0.12579494332149935;0.7703358476377351
96.926929;1.0937857007188936;0.833060667243433;0.7617888522801439;0.12354446625497516;0.11290376278090626;1.0968953014528213;9.999975027198545;0.8335072052684254;1.0971172931499844;1.0968434633946273;0.759832602715139;-0.12579494307796368;0.770335146631517
96.936929;1.093785571208349;0.8330588307976458;0.7617894643472877;0.12354453768995274;0.11290394147450804;1.0968967572234598;9.999984244894996;0.833510159014276;1.0971170477776486;1.0968405902167693;0.7598300617818259;-0.12579494285366438;0.7703343152663352
96.946929;1.0937854060368322;0.8330570403493069;0.7617900946966073;0.12354461096188693;0.11290412252804892;1.0968983192963144;9.999994190699796;0.8335131547917262;1.097116857657485;1.09683768748535;0.759827427242035;-0.1257949426493167;0.7703333563919078
96.956929;1.0937852076963621;0.8330552949333526;0.761790744741614;0.12354468502719271;0.11290430551911737;1.0968999881388748;10.00000481476495;0.8335161848403633;1.0971167321453976;1.0968347640287912;0.7598247015119799;-0.12579494246595427;0.770332273399945
96.966929;1.0937849805918534;0.8330535925289302;0.7617914163695211;0.12354475892573157;0.11290448999849284;1.0969017623875772;10.000016051754956;0.833519243009512;1.0971166810266992;1.0968318310172684;0.7598218900428325;-0.12579494230472701;0.7703310700446887
96.976929;1.0937847310233473;0.8330519314341063;0.761792111726957;0.12354483189658882;0.11290467546419898;1.0969036410154678;10.000027828538455;0.8335223241163976;1.0971167130897135;1.0968289020997395;0.7598189997769987;-0.1257949421668677;0.7703297501600574
96.986929;1.0937844653939148;0.8330503105661352;0.7617928338224331;0.12354490341874928;0.11290486123959702;1.09690562425838;10.000040084823677;0.8335254230356597;1.0971168343174982;1.096825992788926;0.7598160376741138;-0.12579494205362365;0.7703283180482523
96.996929;1.0937841887117095;0.8330487284842244;0.7617935862210107;0.12354497316266369;0.11290504634299911;1.0969077111623262;10.000052780627875;0.8335285350384208;1.0971170470393112;1.0968231190097901;0.7598130105027742;-0.12579494196615848;0.7703267791397922
97.006929;1.0937839052386966;0.8330471836073439;0.7617943715100486;0.1235450409027664;0.11290522954211182;1.0969098976287317;10.000065884088341;0.8335316571589423;1.097117350880164;1.0968202956653899;0.7598099247092931;-0.12579494190539478;0.7703251400913432
97.016929;1.093783620489088;0.833045675674796;0.7617951901477007;0.12354510643934917;0.11290540958131422;1.096912177864397;10.00007936059342;0.8335347878921056;1.0971177449195864;1.0968175353066862;0.7598067861611166;-0.12579494187189766;0.7703234086127323
97.026929;1.093783342842076;0.8330442064475868;0.7617960401026957;0.1235451695882392;0.1129055854088826;1.096914545764204;10.000093175976115;0.8335379252659568;1.097118229545988;1.0968148470035821;0.7598036001866475;-0.12579494186610343;0.7703215933107888
97.036929;1.0937830832030926;0.8330427792376022;0.7617969175994619;0.12354523023327474;0.11290575630601495;1.0969169942299162;10.000107305042032;0.8335410654482844;1.0971188069598181;1.096812235557478;0.7598003715826469;-0.12579494188856608;0.7703197032601717
97.046929;1.0937828524835014;0.8330413979222677;0.7617978191398651;0.12354528831614339;0.11290592188035183;1.096919515199523;10.000121731495442;0.8335442025050352;1.097119481159065;1.0968097014953242;0.7597971040974313;-0.12579494193963128;0.7703177474433535
97.056929;1.0937826591335778;0.8330400659449002;0.7617987426031544;0.12354534376527102;0.11290608193677822;1.0969221011139725;10.000136439143132;0.8335473292886887;1.0971202576445322;1.0968072430676008;0.7597937999004368;-0.12579494201882097;0.7703157344298281
97.066929;1.0937825091880418;0.8330387865657868;0.7617996869988839;0.12354539640298415;0.11290623635522094;1.0969247457053057;10.00015140227916;0.8335504384440072;1.0971211416760356;1.0968048591395467;0.7597904606723412;-0.1257949421246557;0.7703136727024638
97.076929;1.0937824083822265;0.8330375643009199;0.7618006528719035;0.12354544575568965;0.11290638514758326;1.0969274433291263;10.000166580918387;0.8335535218968292;1.0971221357353897;1.0968025506704633;0.7597870897396464;-0.1257949422550098;0.770311571330827
97.086929;1.0937823637207544;0.8330364052273845;0.7618016425537719;0.12354549090383005;0.11290652861770102;1.0969301874954969;10.000181924016246;0.8335565697370899;1.0971232381687575;1.0968003206421566;0.7597836924032298;-0.12579494240758698;0.7703094399774347
97.096929;1.0937823831456126;0.8330353158579199;0.7618026584679619;0.12354553065277586;0.1129066674014084;1.0969329702697883;10.00019738006977;0.833559570250919;1.0971244436873797;1.0967981728838956;0.7597802744350413;-0.1257949425801086;0.7703072888503728
97.106929;1.0937824743293822;0.8330343021298479;0.7618037008429874;0.12354556391865486;0.11290680237904566;1.0969357832902087;10.000212911624663;0.8335625105839981;1.0971257446665117;1.0967961116183855;0.7597768409520393;-0.12579494277003542;0.770305129312337
97.116929;1.0937826441793572;0.833033368503033;0.7618047671553306;0.12354558992347243;0.11290693454708427;1.0969386184845193;10.00022849812477;0.8335653768492791;1.0971271324602774;1.0967941425534593;0.7597733962519485;-0.1257949429743283;0.7703029734299639
97.126929;1.0937828993071166;0.8330325173515056;0.7618058531661346;0.1235456080276331;0.11290706484263721;1.0969414672446056;10.000244116826774;0.833568154087699;1.0971285990262065;1.0967922724547656;0.7597699440310265;-0.1257949431899088;0.770300832119856
97.136929;1.093783245825501;0.8330317497556181;0.761806953619086;0.12354561740100341;0.11290719396866257;1.0969443191668387;10.000259729480403;0.8335708271141666;1.0971301379275924;1.0967905071848136;0.7597664874341056;-0.12579494341436442;0.7702987136312509
97.146929;1.0937836877649532;0.8330310667181968;0.761808062035407;0.12354561688176827;0.11290732236096686;1.0969471621646407;10.000275293893663;0.8335733821113551;1.0971317435615164;1.0967888520056401;0.7597630287204895;-0.12579494364601912;0.7702966228230966
97.156929;1.093784226330961;0.8330304693336885;0.7618091707377697;0.12354560511155273;0.11290745029057522;1.0969499840003203;10.00029077428535;0.8335758081141412;1.0971334092970098;1.0967873140644062;0.7597595692172829;-0.12579494388372084;0.7702945620094117
97.166929;1.0937848613617036;0.8330299587640715;0.7618102715763415;0.12354558066536721;0.11290757798487659;1.0969527734866529;10.000306137960811;0.8335780975385711;1.0971351257130502;1.0967859036757517;0.7597561100998125;-0.1257949441271611;0.770292533288164
97.176929;1.0937855928918057;0.8330295369100748;0.7618113567874043;0.12354554201265941;0.11290770573300336;1.0969555214054176;10.00032135175629;0.8335802452105256;1.0971368806260067;1.0967846339703702;0.7597526531007518;-0.1257949443772427;0.7702905392146482
97.186929;1.0937864206336307;0.8330292068934118;0.7618124194655866;0.12354548751969385;0.1129078338702532;1.0969582218250573;10.000336381808621;0.8335822470310198;1.097138661721048;1.096783520266084;0.7597492002231597;-0.12579494463568386;0.7702885810958757
97.196929;1.0937873428131282;0.8330289723506662;0.7618134532402524;0.12354541570385201;0.11290796257842159;1.0969608724648165;10.00035119794045;0.8335840997383491;1.0971404593710457;1.0967825783367566;0.7597457533358649;-0.1257949449042596;0.7702866577274199
97.206929;1.0937883570356077;0.8330288366207997;0.7618144513354003;0.12354532557344713;0.11290809174709152;1.0969634737269656;10.00036578073678;0.8335858006325642;1.097142267516702;1.0967818227076989;0.7597423151308454;-0.12579494518426249;0.7702847658515933
97.216929;1.093789462175371;0.8330288031236391;0.7618154064474792;0.12354521670307445;0.11290822109718505;1.0969660277075073;10.000380126511311;0.8335873466019629;1.0971440832972268;1.0967812673925157;0.7597388907208609;-0.1257949454763099;0.7702829021010421
97.226929;1.0937906584740025;0.8330288757722545;0.7618163118242303;0.1235450889896331;0.11290835037217088;1.0969685373509037;10.00039425111497;0.8335887342246104;1.0971459059134523;1.0967809260247958;0.7597354879118308;-0.12579494578046757;0.7702810653750956
97.236929;1.0937919461318872;0.8330290582814902;0.7618171617211404;0.12354494239576841;0.11290847937246686;1.0969710058843096;10.000408183156212;0.8335899608211177;1.0971477348523415;1.096780809163891;0.7597321161862034;-0.12579494609641714;0.7702792574233055
97.246929;1.0937933248686071;0.8330293530026955;0.7618179502461107;0.12354477690066613;0.11290860791237624;1.0969734371892188;10.000421943431256;0.8335910249510042;1.0971495689898538;1.0967809230337568;0.75972878543087;-0.12579494642360253;0.7702774812886696
97.256929;1.0937947952223428;0.8330297605632444;0.761818670162342;0.12354459256834359;0.11290873578564638;1.0969758359005342;10.000435532912888;0.8335919266195047;1.0971514062362087;1.0967812718116292;0.7597255047285165;-0.12579494676157912;0.7702757391877684
97.266929;1.0937963598940512;0.8330302809757228;0.7618193135909517;0.12354438964723;0.11290886276842325;1.0969782064795321;10.000448942995304;0.8335926671883871;1.0971532423309427;1.0967818598031076;0.759722281621703;-0.12579494711040035;0.7702740311875156
97.276929;1.093798023977646;0.8330309151994569;0.7618198740672889;0.12354416867001924;0.1129089887243416;1.0969805526964995;10.000462175896917;0.8335932479310656;1.0971550706153859;1.096782690787633;0.7597191222593814;-0.12579494747077544;0.7702723559663628
97.286929;1.0937997943579674;0.8330316653377561;0.7618203478735515;0.1235439304598003;0.11290911370571316;1.0969828779322144;10.000475255500408;0.8335936681528556;1.0971568840743813;1.0967837665254139;0.7597160322225779;-0.12579494784399672;0.7702707131046934
97.296929;1.0938016779519426;0.8330325330647794;0.7618207338121494;0.1235436760486734;0.11290923794082842;1.096985185665229;10.000488220926618;0.8335939255614001;1.0971586774063182;1.0967850868522173;0.7597130169031843;-0.1257949482317726;0.7702691040184134
97.306929;1.0938036793979344;0.833033518061133;0.7618210321347693;0.12354340663752383;0.11290936174914697;1.0969874790452923;10.00050111622046;0.8335940187872445;1.0971604467674418;1.0967866500628076;0.7597100807876971;-0.12579494863626692;0.7702675305973583
97.316929;1.0938058005282303;0.8330346176602311;0.7618212437219235;0.12354312367244046;0.11290948546173972;1.096989759523892;10.000513988371619;0.8335939492400506;1.0971621879619093;1.096788452246916;0.7597072268348662;-0.12579494906036434;0.7702659934769551
97.326929;1.0938080418125;0.8330358267094462;0.7618213695018116;0.12354282893644439;0.11290960942095898;1.0969920270384639;10.00052689042014;0.8335937214049182;1.097163895707209;1.0967904870880523;0.7597044567703441;-0.1257949495076693;0.7702644909660611
97.336929;1.093810403666024;0.8330371375207561;0.7618214096536293;0.12354252447128027;0.11290973401985462;1.096994281227606;10.00053988356484;0.8335933425406399;1.0971655647946743;1.0967927468564815;0.7597017715824335;-0.12579494998208554;0.770263018850903
97.346929;1.0938128869195294;0.8330385413328846;0.7618213633973108;0.12354221231235325;0.11290985970810972;1.0969965212693649;10.000553029751417;0.8335928220611257;1.097167191556953;1.0967952237600633;0.7596991716125596;-0.12579495048742367;0.7702615716259765
97.356929;1.093815492823582;0.833040030806318;0.7618212297647712;0.12354189420237965;0.11290998694022548;1.0969987455822627;10.000566375357796;0.8335921703793293;1.0971687731480366;1.09679791106112;0.7596966565020046;-0.12579495102726337;0.7702601440611202
97.366929;1.0938182227141167;0.8330416012770149;0.7618210083474618;0.12354157147582177;0.11291011606487543;1.0970009522078221;10.000579943957831;0.8335913975719786;1.0971703048654393;1.096800803034311;0.7596942250250249;-0.12579495160481538;0.7702587320134622
97.376929;1.0938210775605381;0.8330432502803504;0.7618206994765271;0.12354124520052966;0.11291024725826115;1.097003138767287;10.000593743246897;0.8335905124578947;1.097171779355728;1.0968038938908766;0.7596918743131883;-0.12579495222272266;0.7702573326555037
97.386929;1.0938240571214184;0.8330449763478897;0.761820304027346;0.12354091637467117;0.11291038056505055;1.097005302809129;10.000607776387886;0.833589522009742;1.0971731891282395;1.0968071777560804;0.7596895990957504;-0.12579495288296128;0.7702559434407895
97.396929;1.0938271590797501;0.8330467776729222;0.7618198233055204;0.12354058593287136;0.11291051603056655;1.0970074434565238;10.00062205551405;0.8335884313916724;1.0971745296282172;1.0968106501115686;0.7596873927021768;-0.125794953586893;0.7702545602140866
97.406929;1.093830379008619;0.8330486512279806;0.7618192597630905;0.12354025464015986;0.11291065391406392;1.0970095625371556;10.000636614871247;0.83358724495366;1.0971758002595131;1.0968143081043258;0.7596852496420133;-0.12579495433547033;0.7702531761383267
97.416929;1.0938337098205764;0.8330505929308257;0.7618186180794728;0.12353992306272582;0.11291079485841515;1.0970116638543757;10.000651516016147;0.8335859667534947;1.0971770035336452;1.0968181480464092;0.7596831665975805;-0.12579495512932046;0.7702517818191059
97.426929;1.0938371397334026;0.8330525989329048;0.7618179051426023;0.12353959172611081;0.11291093990550718;1.097013752028823;10.000666838471036;0.8335845998663641;1.097178143930559;1.0968221621070307;0.7596811412717244;-0.12579495596854576;0.7702503669982581
97.436929;1.093840651896017;0.8330546669578905;0.7618171295187552;0.12353926136593993;0.11291109034037639;1.0970158322713248;10.000682657661796;0.8335831463690433;1.0971792261171354;1.0968263375112515;0.7596791726505784;-0.12579495685257797;0.7702489233009537
97.446929;1.0938442277778158;0.8330567961977299;0.7618163016283683;0.12353893296359565;0.11291124741221946;1.0970179102936026;10.000699027601053;0.8335816092153052;1.0971802527197045;1.0968306582759333;0.7596772626778934;-0.12579495778018923;0.7702474454720847
97.456929;1.093847850914466;0.8330589862345529;0.7618154332465698;0.12353860754894094;0.11291141216537731;1.0970199910884526;10.000715978128921;0.833579993771809;1.0971812241859538;1.0968351067065907;0.7596754162562518;-0.12579495874966676;0.770245930432858
97.466929;1.09385150828619;0.8330612369088468;0.7618145355538665;0.12353828610628917;0.11291158547150132;1.0970220775739334;10.00073351405427;0.8335783068471726;1.0971821402968618;1.0968396640664946;0.7596736397964772;-0.12579495975898056;0.7702443764694318
97.476929;1.0938551900916318;0.8330635490077348;0.7618136174953591;0.12353796967075686;0.11291176802875072;1.0970241710546373;10.000751611702256;0.8335765552875856;1.097183001022421;1.0968443114205528;0.7596719397683094;-0.12579496080569305;0.7702427835287419
97.486929;1.0938588885752296;0.8330659243342573;0.7618126852102257;0.123537659342764;0.11291196022266721;1.0970262727507496;10.00077021994359;0.8335747461266221;1.097183807052022;1.096849030198133;0.7596703218083792;-0.1257949618870128;0.7702411532263461
97.496929;1.09386259688606;0.8330683654232821;0.7618117424241233;0.12353735619263125;0.11291216197024788;1.0970283846330837;10.000789263615786;0.8335728867569462;1.0971845604166663;1.0968538021730427;0.7596687911070964;-0.12579496300006546;0.7702394880365635
97.506929;1.0938663082254458;0.8330708750320007;0.7618107921767757;0.12353706123971556;0.11291237264503329;1.0970305090059396;10.000808649108468;0.8335709844760509;1.0971852639771467;1.0968586093460617;0.7596673532777297;-0.12579496414198696;0.7702377901524214
97.516929;1.0938700142815827;0.8330734550045863;0.7618098385803046;0.12353677540008877;0.11291259120379936;1.097032646751626;10.000828270780485;0.833569046182013;1.0971859192350712;1.0968634340418222;0.7596660139442601;-0.12579496530979015;0.7702360605274987
97.526929;1.093873704507831;0.8330761058018284;0.7618088868677422;0.12353649932188196;0.11291281652918479;1.0970347962994744;10.000848007536836;0.8335670781528645;1.0971865242176833;1.0968682590930707;0.759664777387414;-0.12579496650010275;0.7702342994558806
97.536929;1.093877367308436;0.8330788274225661;0.7618079425992468;0.1235362333037367;0.1129130476657538;1.0970369552353958;10.000867718557839;0.8335650864231992;1.097187073389663;1.096873067474247;0.7596636458640492;-0.12579496770914242;0.7702325085445089
97.546929;1.093880991064793;0.8330816204835741;0.7618070114644172;0.12353597741959427;0.11291328372942988;1.0970391224884675;10.000887260418033;0.8335630775557535;1.097187558701044;1.096877842191348;0.7596626200452694;-0.12579496893307635;0.7702306911125667
97.556929;1.0938845647517759;0.8330844863452349;0.761806099213535;0.12353573172568519;0.1129135236860569;1.0970412987978595;10.000906512833584;0.8335610582328064;1.0971879707105152;1.096882568317836;0.7596617001555181;-0.12579497016847277;0.7702288501800421
97.566929;1.093888078784254;0.8330874262166009;0.7618052109507214;0.12353549638129808;0.11291376626611638;1.0970434855265563;10.000925383259537;0.8335590341845254;1.0971883006823488;1.0968872360205213;0.7596608873160205;-0.1257949714128092;0.7702269865787587
97.576929;1.0938915254408677;0.8330904408551012;0.7618043504825928;0.12353527172165123;0.1129140101426945;1.0970456833959519;10.000943793530693;0.8335570101211349;1.0971885425414831;1.0968918408126687;0.7596601842549497;-0.12579497266462653;0.7702250986184663
97.586929;1.0938948993000102;0.8330935318232034;0.7618035205978034;0.12353505831432311;0.11291425425423075;1.0970478922221856;10.000961667337254;0.8335549897278702;1.0971886923696086;1.0968963806235819;0.7596595948966233;-0.12579497392287514;0.7702231829863599
97.596929;1.0938981975160094;0.8330967021024742;0.761802723594085;0.12353485684697511;0.11291449798586492;1.0970501101477845;10.000978927173355;0.8335529742917722;1.0971887467867272;1.096900853378095;0.7596591234920061;-0.12579497518603658;0.7702212361284491
97.606929;1.0939014191270764;0.8330999550853022;0.7618019613396323;0.12353466785577949;0.11291474113870235;1.097052332017927;10.000995503267673;0.8335509619766264;1.0971887026775746;1.0969052566614437;0.7596587742133114;-0.1257949764518341;0.7702192548864283
97.616929;1.0939045646825785;0.8331032937688669;0.7618012357028604;0.12353449149332232;0.11291498382933063;1.0970545484552232;10.001011344505718;0.8335489492527787;1.0971885580588465;1.0969095875906365;0.7596585509068317;-0.12579497771753667;0.770217236032336
97.626929;1.093907636719603;0.8331067206249607;0.7618005494303737;0.12353432747569273;0.11291522647917235;1.097056746448995;10.001026420129348;0.8335469323166892;1.0971883127225064;1.0969138416394568;0.7596584562511312;-0.12579497898037037;0.7702151760669286
97.636929;1.0939106392006674;0.8331102371802575;0.7617999062985372;0.12353417528319897;0.11291546989045119;1.0970589118624015;10.0010407107569;0.8335449074633734;1.0971879678903338;1.0969180113902164;0.7596584912387209;-0.12579498023770477;0.7702130719808951
97.646929;1.093913575014838;0.8331138432019135;0.7617993107276145;0.12353403445977558;0.11291571515436458;1.0970610323277294;10.0010541904839;0.8335428715827858;1.0971875253950767;1.0969220867253593;0.7596586559229339;-0.1257949814871142;0.7702109219142368
97.656929;1.0939164438366609;0.8331175365449894;0.7617987675693234;0.12353390467873257;0.1129159633689706;1.097063098979282;10.00106681920887;0.8335408229054213;1.097186987035687;1.0969260561836478;0.7596589502405535;-0.1257949827263825;0.770208725430058
97.666929;1.093919243005844;0.8331213140860303;0.761798281911319;0.12353378558168149;0.11291621548885199;1.0970651070274111;10.001078554969546;0.8335387613583535;1.0971863540257347;1.0969299086819142;0.7596593738059385;-0.12579498395332495;0.7702064841023708
97.676929;1.0939219698939464;0.8331251723147773;0.7617978588498924;0.12353367674255353;0.11291647239546698;1.0970670546667054;10.001089363586324;0.8335366883560497;1.0971856270789189;1.0969336355172536;0.7596599255677693;-0.12579498516561746;0.7702042019346773
97.686929;1.093924622827509;0.8331291067701861;0.761797503011583;0.12353357781595348;0.11291673498876048;1.097068941875632;10.00109922181882;0.8335346060770508;1.0971848069123218;1.096937231823165;0.7596606045671247;-0.12579498636084382;0.7702018845511872
97.696929;1.0939272010746275;0.8331331115398289;0.7617972179278087;0.12353348858012775;0.11291700413337656;1.0970707714640724;10.001108122865432;0.833532516365222;1.0971838939838523;1.0969406967828312;0.7596614107239601;-0.12579498753673074;0.7701995373156313
97.706929;1.0939297051217387;0.8331371797637646;0.7617970062920356;0.12353340885439604;0.11291728042638302;1.097072549765264;10.001116073938755;0.8335304199107333;1.0971828879611307;1.096944032547292;0.7596623441253875;-0.12579498869147285;0.7701971635997896
97.716929;1.0939321368969162;0.8331413046004789;0.7617968714442601;0.12353333839441319;0.11291756392366605;1.0970742835566252;10.001123086966507;0.8335283168855819;1.0971817875833547;1.0969472428397062;0.7596634040088164;-0.12579498982378745;0.7701947643408379
97.726929;1.0939344998257379;0.8331454798321796;0.7617968190323872;0.1235332767141829;0.11291785406429439;1.0970759764286937;10.001129174664749;0.8335262086435237;1.0971805909010213;1.0969503329181318;0.7596645886436454;-0.12579499093256996;0.7701923385629393
97.736929;1.0939367982940276;0.8331496998003273;0.7617968571942394;0.1235332230605845;0.11291814985010372;1.0970776293730327;10.001134351139338;0.8335240983501475;1.0971792960103308;1.0969533096700876;0.759665895461974;-0.12579499201666405;0.770189883920668
97.746929;1.0939390360886756;0.8331539588229356;0.7617969948302139;0.12353317668995188;0.11291845003445881;1.0970792440118322;10.00113862731701;0.8335219899609936;1.0971779016129033;1.096956180224412;0.7596673206812716;-0.1257949930750766;0.7701873973787375
97.756929;1.0939412154684611;0.8331582505674144;0.7617972395118078;0.1235331370973638;0.11291875322128189;1.097080824594522;10.001142000365105;0.8335198872818989;1.0971764074438233;1.0969589509537583;0.7596688589983372;-0.12579499410749675;0.770184875755711
97.766929;1.0939433379052446;0.8331625678563468;0.7617975964893678;0.12353310400473569;0.11291905807685161;1.0970823783890218;10.001144448663618;0.8335177939595138;1.0971748152877776;1.0969616281684171;0.7596705043355451;-0.1257949951146593;0.7701823158006879
97.776929;1.0939454049923525;0.8331669030215074;0.7617980688292569;0.1235330773121769;0.11291936357140056;1.0970839153574332;10.001145936285976;0.8335157132410282;1.0971731295759215;1.0969642194062623;0.7596722507655077;-0.12579499609814257;0.770179714285106
97.786929;1.0939474184777715;0.8331712482522962;0.7617986576361809;0.12353305712142673;0.11291966897248089;1.0970854462074149;10.001146418837328;0.8335136477704934;1.0971713561326022;1.0969667338595506;0.7596740931425129;-0.12579499706004518;0.7701770681585152
97.796929;1.0939493799371771;0.8331755955811112;0.7617993614977754;0.12353304373216559;0.11291997365411875;1.0970869785346233;10.001145845553726;0.8335116005409888;1.0971694998950634;1.0969691810692974;0.7596760275614495;-0.1257949980030633;0.7701743752455946
97.806929;1.093951290153817;0.8331799371883543;0.7618001758586564;0.12353303760731602;0.1129202769232626;1.097088514554663;10.001144158869167;0.8335095760867831;1.0971675638527592;1.0969715695205133;0.7596780505912434;-0.1257949989306792;0.7701716357604518
97.816929;1.0939531484961815;0.8331842661956471;0.7618010935608587;0.1235330393384218;0.11292057800064917;1.0970900531460468;10.001141296621633;0.8335075809114545;1.097165549706295;1.096973907368436;0.7596801582478336;-0.12579499984704967;0.7701688532678737
97.826929;1.0939549544297835;0.833188577180145;0.7618021063114337;0.12353304952328893;0.11292087615603462;1.0970915928310683;10.001137201772087;0.8335056229772755;1.097163459036565;1.0969762037574449;0.759682346102221;-0.12579500075648492;0.7701660341710933
97.836929;1.0939567107254022;0.8331928663716207;0.761803205823564;0.12353306855985303;0.1129211707958305;1.097093131530402;10.001131832844433;0.8335037108172009;1.0971612939279716;1.0969784683379546;0.7596846094847653;-0.1257950016628393;0.7701631862125978
97.846929;1.0939584239955735;0.8331971317487015;0.7618043843867883;0.12353309656584374;0.112921461435353;1.0970946643876343;10.0011251658806;0.833501853344351;1.0971590567461507;1.0969807100818827;0.7596869434577199;-0.12579500256930803;0.7701603170595398
97.856929;1.0939601015119853;0.8332013725343752;0.7618056353961113;0.12353313351415537;0.11292174765273165;1.0970961830368016;10.001117193299903;0.8335000600396146;1.0971567500812305;1.0969829374275217;0.7596893429001093;-0.1257950034786881;0.770157434151429
97.866929;1.0939617484112558;0.8332055879497856;0.7618069533819709;0.12353317932591558;0.11292202903404147;1.0970976771982928;10.00110792505056;0.8334983405152748;1.0971543770708303;1.0969851587570614;0.7596918020135266;-0.12579500439372207;0.7701545457083921
97.876929;1.093963367910019;0.8332097759481617;0.7618083331661213;0.12353323379246064;0.11292230510000226;1.0970991374870989;10.001097388079717;0.8334967034988603;1.097151941183301;1.0969873809303217;0.7596943133766583;-0.1257950053171454;0.7701516612560291
97.886929;1.0939649623650762;0.8332139323426085;0.7618097691351645;0.12353329656550972;0.11292257527399038;1.0971005571104877;10.00108562364898;0.8334951560720113;1.0971494464263354;1.0969896069514384;0.7596968679549959;-0.12579500625164947;0.7701487905857819
97.896929;1.093966532884214;0.8332180502311515;0.7618112551917121;0.12353336724763034;0.1129228388522275;1.097101930631635;10.001072684253467;0.8334937036090145;1.0971468983081596;1.0969918352028056;0.759699456423116;-0.1257950071998353;0.7701459421600219
97.906929;1.0939680784708496;0.8332221202665043;0.7618127847618329;0.1235334453561905;0.11292309485404053;1.0971032511874363;10.001058634233658;0.8334923499954009;1.097144303209966;1.0969940605613562;0.7597020703060322;-0.12579500816377784;0.7701431224119719
97.916929;1.0939695960910425;0.8332261322319553;0.7618143506939878;0.12353353027220601;0.11292334191456731;1.0971045086124949;10.001043559696582;0.8334910979350969;1.0971416657076478;1.096996276976662;0.7597047020911327;-0.12579500914455058;0.7701403355190836
97.926929;1.093971081341057;0.8332300767393789;0.7618159451418892;0.12353362137744675;0.1129235785019106;1.0971056892612767;10.00102757709348;0.8334899492571932;1.097138986618126;1.0969984797001622;0.759707345101794;-0.125795010142196;0.7701375828313183
97.936929;1.09397252883271;0.833233945733623;0.7618175593318405;0.12353371817369774;0.11292380330873569;1.0971067775198537;10.001010820860582;0.8334889044279388;1.09713626336289;1.0970006654245255;0.7597099933959142;-0.125795011156039;0.7701348627859255
97.946929;1.093973932441215;0.83323773244549;0.7618191841990128;0.12353382020338473;0.11292401545533755;1.0971077581457023;10.000993412004211;0.8334879616981489;1.097133491092228;1.0970028316328115;0.7597126416376823;-0.12579501218518632;0.770132172189873
97.956929;1.0939752855192353;0.8332414318679879;0.7618208118551513;0.1235339269518376;0.11292421443610681;1.0971086180480947;10.000975437547071;0.8334871174085887;1.0971306633230309;1.0970049765111505;0.7597152851604696;-0.12579501322879671;0.7701295082458167
97.966929;1.093976580767227;0.8332450410198873;0.7618224358211251;0.12353403789183956;0.11292439995309388;1.097109346828;10.000956960159856;0.8334863670524131;1.0971277724816224;1.0970070992575975;0.7597179197047156;-0.12579501428578274;0.7701268698609474
97.976929;1.0939778112535916;0.8332485577910845;0.7618240500240541;0.12353415252582442;0.112924571760064;1.0971099366851986;10.000938039319918;0.8334857059368487;1.0971248100594793;1.097009200278743;0.7597205410185197;-0.12579501535444046;0.7701242576084745
97.986929;1.0939789727336053;0.8332519792376302;0.7618256483249435;0.12353427034653477;0.11292472958771396;1.0971103825874267;10.000918742285533;0.8334851295318882;1.0971217664339106;1.097011280481893;0.759723145020688;-0.1257950164324245;0.7701216735575482
97.996929;1.0939800643245403;0.833255301195631;0.7618272249086327;0.12353439090122888;0.11292487318669095;1.0971106823292076;10.000899145038064;0.8334846334410239;1.0971186316749904;1.097013339927853;0.7597257277960295;-0.12579501751677785;0.7701191214682561
98.006929;1.0939810861847914;0.8332585189219052;0.7618287748320454;0.1235345138753766;0.1129250024763395;1.0971108368853406;10.000879332359178;0.8334842126581987;1.0971153977944688;1.0970153771214912;0.7597282850917386;-0.1257950186039602;0.7701166062120537
98.016929;1.0939820360921797;0.8332616274027145;0.7618302939794698;0.12353463891488604;0.11292511764491638;1.0971108512539185;10.000859396363657;0.8334838605226234;1.0971120604188367;1.0970173891840176;0.7597308123323828;-0.12579501969008636;0.7701141329451363
98.026929;1.093982908319564;0.8332646217070949;0.7618317784914325;0.12353476534833041;0.11292521905655184;1.097110733877419;10.000839428538134;0.8334835682015812;1.0971086175681264;1.0970193720161248;0.75973330504209;-0.12579502077138763;0.7701117073017273
98.036929;1.0939836953987068;0.8332674980384613;0.7618332241827861;0.12353489222298879;0.11292530715225506;1.0971104951055484;10.00081951921346;0.8334833257427954;1.0971050675968121;1.0970213194675849;0.7597357582857208;-0.1257950218446817;0.7701093359601275
98.046929;1.0939843896729464;0.8332702549770102;0.7618346257870614;0.12353501859164309;0.112925382522924;1.0971101469011453;10.000799763528706;0.8334831242218265;1.0971014092489608;1.0970232216966864;0.7597381651605518;-0.12579502290748898;0.7701070267061435
98.056929;1.0939849836011797;0.8332728941168852;0.761835976636155;0.12353514358442652;0.1129254459235853;1.097109702956437;10.000780253515233;0.8334829566022807;1.0970976424121466;1.097025064404316;0.7597405160834212;-0.1257950239578937;0.7701047879157501
98.066929;1.0939854701519385;0.8332754196810281;0.7618372698066553;0.12353526627027787;0.11292549806460542;1.0971091778099775;10.000761069154748;0.8334828172114966;1.0970937680517863;1.097026830279385;0.7597427997095574;-0.12579502499455075;0.7701026275915716
98.076929;1.0939858436971577;0.8332778372859476;0.7618384994805081;0.1235353856771482;0.11292553935365479;1.097108586111111;10.000742285608913;0.833482701716674;1.0970897883679296;1.0970285019369903;0.7597450043212332;-0.12579502601677697;0.7701005525372824
98.086929;1.0939861008075173;0.8332801525449158;0.7618396604691604;0.12353550092369396;0.11292556973766549;1.097107942636752;10.000723984752758;0.8334826077114029;1.0970857077636926;1.0970300636072992;0.7597471182814536;-0.12579502702427817;0.7700985679706202
98.096929;1.0939862399277425;0.8332823705341079;0.7618407469276942;0.1235356112739337;0.11292558873526747;1.0971072614514683;10.000706260172054;0.8334825353034269;1.097081533728867;1.097031500121569;0.75974912996912;-0.12579502801637393;0.7700966771227917
98.106929;1.0939862604591595;0.833284496239199;0.7618417528404838;0.12353571618888634;0.11292559573365463;1.0971065539538827;10.000689212967574;0.8334824873355589;1.0970772765790353;1.097032796157215;0.7597510284490596;-0.12579502899138584;0.7700948809474238
98.116929;1.093986162527622;0.8332865348004963;0.7618426734695887;0.12353581537836214;0.11292559027671815;1.0971058278594734;10.000672940136305;0.8334824687047606;1.0970729479235364;1.0970339379310685;0.7597528043330226;-0.1257950299469272;0.7700931783141352
98.126929;1.0939859471991176;0.8332884912542298;0.7618435055645907;0.12353590868023268;0.11292557203911663;1.097105087892678;10.00065752597987;0.8334824849786893;1.0970685595270124;1.0970349139593631;0.7597544498381119;-0.12579503088065427;0.7700915660971531
98.136929;1.093985616763912;0.8332903706099091;0.7618442470169076;0.12353599581944412;0.11292554075306073;1.097104336753686;10.000643040040853;0.8334825412548196;1.0970641244103172;1.0970357135544726;0.7597559589056004;-0.1257950317904892;0.7700900390225487
98.146929;1.0939851744987403;0.8332921780557099;0.7618448968500937;0.12353607635818505;0.11292549635229779;1.097103575752983;10.000629535131244;0.8334826423318489;1.0970596585484091;1.0970363270479715;0.7597573277770465;-0.1257950326742399;0.7700885900332293
98.156929;1.0939846235168307;0.8332939182724813;0.7618454550417098;0.12353614989310814;0.11292543908767651;1.0971028053402339;10.000617043839576;0.8334827939107512;1.0970551798891808;1.0970367484040977;0.7597585547028284;-0.12579503352906982;0.7700872113435107
98.166929;1.093983966012727;0.8332955942541771;0.7618459221551468;0.12353621623577855;0.11292536946211883;1.097102025133812;10.000605570040742;0.8334830029515466;1.0970507050122749;1.0970369764171541;0.759759638689725;-0.1257950343511762;0.7700858956160933
98.176929;1.0939832039902786;0.8332972075292314;0.7618462990279316;0.1235362753401487;0.11292528814211744;1.0971012340961868;10.000595082132302;0.8334832768290003;1.0970462469819693;1.0970370124674378;0.7597605787181897;-0.12579503513594514;0.7700846366485365
98.186929;1.0939823403048274;0.8332987600693572;0.7618465868027181;0.12353632700868214;0.11292519591449036;1.097100431745025;10.000585531832467;0.8334836226578916;1.09704181577979;1.0970368578068839;0.7597613738255647;-0.12579503587837307;0.7700834293442589
98.196929;1.0939813784109786;0.8333002553733018;0.7618467871379484;0.12353637079932714;0.11292509362500439;1.0970996190407982;10.000576885758104;0.8334840475090338;1.0970374192253012;1.097036514147118;0.7597620236496485;-0.12579503657347862;0.7700822690590753
98.206929;1.093980322035631;0.8333016976403744;0.761846901800751;0.12353640631073139;0.11292498205534222;1.0970987976816404;10.000569124455414;0.8334845592588932;1.097033063308532;1.097035984997614;0.7597625291580612;-0.12579503721666233;0.7700811509878648
98.216929;1.0939791767323597;0.8333030911939066;0.7618469320186659;0.12353643342999515;0.11292486184179977;1.0970979687339764;10.00056220671671;0.833485166399332;1.0970287518745425;1.097035274575023;0.7597628926243102;-0.125795037803819;0.7700800703162355
98.226929;1.093977951693451;0.8333044411084186;0.7618468784128395;0.12353645238171393;0.11292473362686792;1.0970971317041858;10.000556047507551;0.8334858759842766;1.0970244854067779;1.0970343868437384;0.759763116652341;-0.1257950383311571;0.7700790226511788
98.236929;1.0939766584352368;0.8333057531608493;0.7618467412468517;0.12353646368481166;0.11292459832370498;1.0970962849682893;10.000550536946516;0.8334866923459469;1.0970202608100714;1.0970333254215514;0.75976320408466;-0.1257950387949029;0.7700780041790202
98.246929;1.093975306960282;0.8333070328364737;0.7618465208614169;0.12353646796119498;0.11292445712767368;1.097095427094355;10.000545567992617;0.8334876181832463;1.0970160740151276;1.0970320927395352;0.7597631594218571;-0.12579503919099208;0.7700770121680425
98.256929;1.0939739036720841;0.8333082854880789;0.7618462183090551;0.12353646571304115;0.11292431128045709;1.0970945569457864;10.000541044934943;0.8334886560509509;1.097011923966263;1.097030690292139;0.7597629898893604;-0.12579503951486987;0.7700760456454534
98.266929;1.093972452358974;0.8333095172110203;0.7618458361125023;0.1235364572419571;0.1129241619424804;1.0970936731640888;10.000536885054537;0.8334898089902917;1.0970078146596265;1.0970291201591738;0.7597627050421554;-0.1257950397616693;0.770075105123986
98.276929;1.0939709564659765;0.8333107342807186;0.7618453790870013;0.12353644272211492;0.11292401029532952;1.0970927743717827;10.000533016691254;0.8334910808234861;1.097003753359764;1.0970273853782018;0.7597623156319754;-0.1257950399269627;0.7700741919491773
98.286929;1.0939694212036128;0.8333119421040996;0.7618448541678098;0.12353642234291383;0.11292385771774527;1.0970918587859357;10.000529372524925;0.8334924758494234;1.0969997476043216;1.097025489944759;0.7597618327309723;-0.12579504000759528;0.7700733081840885
98.296929;1.0939678538676638;0.8333131457194258;0.7618442692413853;0.12353639639263088;0.11292370583797483;1.0970909230276091;10.000525891098786;0.8334939979548789;1.0969958048862432;1.0970234396359495;0.7597612673227905;-0.12579504000200223;0.7700724564730791
98.306929;1.0939662629469296;0.8333143512486053;0.7618436325502603;0.12353636528589741;0.11292355635222381;1.0970899619757017;10.000522526589402;0.833495650640954;1.0969919345079056;1.0970212422628762;0.7597606296328021;-0.12579503991006039;0.7700716395816181
98.316929;1.093964658203838;0.8333155665385658;0.7618429526732631;0.12353632950068279;0.11292341081216858;1.0970889704111133;10.000519257656991;0.8334974376408802;1.096988148434746;1.0970189065505136;0.7597599281744074;-0.12579503973281622;0.7700708598275329
98.326929;1.093963050634932;0.8333168003338566;0.7618422380089772;0.12353628938993497;0.11292327059594577;1.0970879447604118;10.000516090941984;0.8334993626360211;1.0969844595880074;1.097016440866718;0.7597591696797298;-0.12579503947243661;0.7700701187692096
98.336929;1.0939614508588773;0.8333180611855666;0.7618414958120854;0.12353624508451906;0.11292313692324865;1.0970868829550757;10.000513052154451;0.8335014289699785;1.0969808787524105;1.0970138532369804;0.7597583598399689;-0.12579503913238124;0.7700694173374125
98.346929;1.0939598667650237;0.83331935741497;0.7618407316494177;0.1235361965781504;0.11292301083330127;1.0970857839201336;10.000510170417707;0.8335036399950718;1.0969774125606069;1.0970111522482542;0.7597575039723582;-0.1257950387173485;0.7700687559538085
98.356929;1.093958302059526;0.8333206972166133;0.7618399491618854;0.12353614383671761;0.11292289321690735;1.097084649297385;10.000507469415481;0.833505998851011;1.0969740636835668;1.097008347541954;0.7597566079496972;-0.12579503823274224;0.7700681347421634
98.366929;1.0939567577033826;0.8333220879855632;0.7618391497578125;0.12353608686819476;0.11292278490518698;1.097083485125656;10.000504959776334;0.8335085073209257;1.0969708320902032;1.097005450342587;0.7597556793977657;-0.12579503768393607;0.770067553810088
98.376929;1.0939552349786346;0.8333235357321985;0.7618383331591798;0.12353602576638188;0.11292268677796925;1.0970823002137913;10.000502633007867;0.8335111648543241;1.0969677160500084;1.0970024739581041;0.7597547279063689;-0.12579503707573297;0.7700670128111554
98.386929;1.0939537368237473;0.8333250448444672;0.7618374989126786;0.12353596073771222;0.11292259980399257;1.0970811030301795;10.00050046347448;0.8335139687224951;1.0969647136893845;1.0969994320700813;0.7597537640500956;-0.12579503641218992;0.7700665104612603
98.396929;1.0939522680805662;0.8333266174379661;0.7618366478252441;0.12353589208515489;0.1129225248849568;1.0970799001635674;10.00049841110084;0.8335169144121272;1.0969618246068809;1.0969963359152972;0.7597527984957098;-0.1257950356967916;0.7700660452319127
98.406929;1.0939508365189576;0.8333282527181701;0.7618357825810547;0.12353582010606552;0.11292246258314383;1.097078696843552;10.000496428247969;0.8335199951896332;1.0969590489461774;1.0969931937376103;0.7597518415313241;-0.12579503493267422;0.7700656163043736
98.416929;1.0939494531787881;0.8333299473135913;0.7618349066905176;0.12353574502279413;0.11292241303619106;1.0970774979971623;10.000494472209368;0.833523201776794;1.0969563854804711;1.0969900118261668;0.7597509021674891;-0.12579503412271398;0.7700652232065731
98.426929;1.0939481311645085;0.8333316960190864;0.7618340224176452;0.12353566700585472;0.11292237611370583;1.097076308374637;10.00049251497471;0.8335265224450709;1.0969538318662184;1.0969867955292025;0.759749986844839;-0.12579503326971692;0.7700648644748893
98.436929;1.0939468849260443;0.833333492144681;0.7618331299655149;0.12353558613808854;0.11292235156359083;1.0970751327917905;10.000490556713746;0.8335299434324106;1.0969513859499338;1.0969835508151315;0.759749099067281;-0.1257950323766785;0.7700645373670958
98.446929;1.0939457298659272;0.8333353277937976;0.7618322285934086;0.1235355023536794;0.11292233906789374;1.0970739772626266;10.000488635116353;0.8335334505054462;1.096949046350336;1.0969802858228717;0.7597482404476716;-0.12579503144681223;0.7700642394972159
98.456929;1.0939446804468942;0.8333371944314465;0.7618313182326765;0.12353541550712716;0.11292233824778543;1.0970728490309665;10.000486811909136;0.8335370304817167;1.0969468118910481;1.096977010563313;0.7597474119525257;-0.12579503048349125;0.770063970299059
98.466929;1.0939437488559969;0.8333390835265403;0.7618304001580463;0.12353532550066405;0.11292234862572764;1.0970717545951802;10.000485155046718;0.8335406712771;1.096944679918029;1.0969737350544797;0.7597466145824112;-0.12579502949033217;0.7700637301954516
98.476929;1.0939429457046035;0.8333409866969582;0.7618294767339974;0.12353523234814516;0.11292236962839097;1.0970706975269622;10.000483733591134;0.8335443612385611;1.0969426459507963;1.096970468208516;0.7597458496355456;-0.1257950284711768;0.7700635185356349
98.486929;1.0939422802456433;0.833342895238918;0.761828550943949;0.1235351361432135;0.11292240063507335;1.0970696778737348;10.0004826095934;0.8335480888230654;1.0969407060829282;1.0969672175483343;0.759745118556002;-0.12579502742981422;0.7700633327178955
98.496929;1.0939417597764303;0.8333447998669964;0.7618276259736698;0.12353503693926877;0.11292244099182552;1.097068693308656;10.000481828552514;0.8335518428974293;1.0969388586161748;1.0969639887828992;0.759744422813965;-0.1257950263696887;0.770063168741433
98.506929;1.0939413900969428;0.833346690474004;0.7618267049659116;0.12353493464103499;0.11292249000531802;1.0970677401146376;10.000481426826635;0.8335556130174611;1.0969371025440504;1.096960786525326;0.7597437639058127;-0.1257950252936712;0.7700630217022262
98.516929;1.0939411765133646;0.8333485549068829;0.7618257910191939;0.12353482900474269;0.11292254694535327;1.0970668124886573;10.000481448218162;0.8335593893890961;1.0969354355002991;1.0969576159169376;0.759743142700702;-0.12579502420392602;0.7700628859343652
98.526929;1.0939411237885044;0.833350378435235;0.7618248872348496;0.12353471974944033;0.11292261107908041;1.0970659019849354;10.000481947446023;0.833563162967559;1.0969338533387631;1.0969544831604499;0.7597425588737575;-0.12579502310210458;0.770062755329077
98.536929;1.093941235781582;0.8333521457586716;0.7618239965702045;0.12353460672686174;0.11292268178986925;1.0970649987951575;10.000482982739053;0.8335669254956071;1.0969323514577354;1.0969513951810501;0.759742011201507;-0.1257950219897335;0.770062623508703
98.546929;1.093941516150668;0.8333538428145979;0.7618231215547278;0.12353449003672061;0.1129227587166425;1.097064093507334;10.000484614347586;0.8335706689961938;1.0969309273784122;1.0969483595970573;0.7597414973215423;-0.1257950208684082;0.7700624840103417
98.556929;1.0939419685948355;0.8333554559174261;0.7618222634845191;0.12353437000611713;0.11292284175402409;1.097063178261011;10.000486905534952;0.8335743852304432;1.0969295818224745;1.096945384803727;0.7597410130668962;-0.1257950197396846;0.7700623309136947
98.566929;1.0939425954040607;0.8333569708254401;0.761821421188402;0.12353424704583706;0.11292293091059256;1.0970622474204426;10.000489918732022;0.833578065646502;1.096928317285709;1.0969424788454685;0.7597405528294839;-0.12579501860485673;0.770062158705809
98.576929;1.0939433961132594;0.8333583739124895;0.761820591032277;0.12353412142887382;0.11292302620216142;1.097061297387301;10.000493708910868;0.8335817011726201;1.0969271365470072;1.0969396481715843;0.7597401100226703;-0.1257950174649492;0.7700619613575156
98.586929;1.0939443677093257;0.8333596536267405;0.7618197682057872;0.12353399311970832;0.11292312761033677;1.0970603262817151;10.000498315470672;0.8335852817115577;1.0969260411524813;1.09693689943132;0.7597396767200415;-0.1257950163208988;0.7700617327254639
98.596929;1.0939455056615952;0.8333608007104486;0.7618189473986893;0.12353386177136658;0.1129232349744032;1.0970593347532795;10.0005037645661;0.8335887962864998;1.0969250296598303;1.0969342426005035;0.7597392437721925;-0.12579501517359792;0.7700614679820934
98.606929;1.0939468043512348;0.8333618082209471;0.761818122764038;0.12353372677035632;0.11292334788642107;1.0970583270107754;10.000510085192085;0.833592233853346;1.0969240979305401;1.0969316917783198;0.759738801982632;-0.12579501402377827;0.770061164305989
98.616929;1.0939482563469496;0.8333626720844326;0.7618172879914892;0.12353358722876902;0.11292346571027426;1.09705731074574;10.000517314536713;0.8335955836731891;1.0969232407284337;1.0969292648005504;0.7597383428537683;-0.12579501287193376;0.7700608209111208
98.626929;1.0939498521871647;0.8333633910781092;0.7618164362142129;0.12353344212078467;0.11292358763412108;1.0970562958675818;10.00052548413803;0.8335988350923855;1.0969224516584999;1.096926983028937;0.7597378581488418;-0.12579501171847474;0.7700604385177179
98.636929;1.0939515827464066;0.8333639656042068;0.7618155599889311;0.12353329061112323;0.11292371272207499;1.0970552924168249;10.000534616649654;0.8336019778145484;1.096921722228752;1.0969248699430696;0.7597373394383977;-0.1257950105641688;0.770060018189675
98.646929;1.0939534421502852;0.8333643962600227;0.7618146517597032;0.12353313226381561;0.11292384001129036;1.0970543093557514;10.000544741282027;0.8336050028855839;1.0969210421834867;1.0969229483154772;0.7597367784994168;-0.1257950094103347;0.7700595605095559
98.656929;1.093955427256295;0.833364683560854;0.7618137042036346;0.123532967006269;0.11292396855377294;1.0970533559819786;10.000555895960906;0.8336079031080368;1.0969204007008835;1.096921238216415;0.7597361681292877;-0.12579500825831305;0.7700590658209853
98.666929;1.0939575339267267;0.833364829096566;0.7618127104750476;0.12353279502036905;0.11292409735843177;1.0970524445673349;10.000568110411919;0.8336106717960363;1.0969197877639243;1.0969197572643732;0.759735502832166;-0.125795007108997;0.7700585353644529
98.676929;1.0939597541354011;0.8333648362934678;0.7618116646564037;0.12353261665374353;0.11292422542255875;1.0970515914317582;10.000581394014292;0.8336133014776151;1.0969191950860517;1.0969185211227732;0.759734779077647;-0.12579500596318216;0.7700579720801999
98.686929;1.093962077079689;0.8333647097599493;0.7618105618985278;0.12353243233137214;0.11292435193276847;1.0970508154699998;10.000595744151827;0.833615784934645;1.0969186157567377;1.0969175435299774;0.7597339948043697;-0.12579500482203687;0.7700573801392168
98.696929;1.093964492911806;0.8333644548361194;0.7618093984078977;0.12353224242311614;0.11292447640276099;1.09705013515067;10.000611165104266;0.8336181165943577;1.0969180435466346;1.0969168376389953;0.7597331488966482;-0.12579500368704571;0.7700567645069334
98.706929;1.0939669945612345;0.8333640775469253;0.7618081722061288;0.12353204707865262;0.11292459855614088;1.0970495656317345;10.000627662572128;0.8336202919568657;1.096917473042545;1.096916416911494;0.7597322415340902;-0.1257950025598062;0.77005613142424
98.716929;1.0939695767627968;0.8333635837750435;0.761806884231475;0.1235318461429617;0.11292471811154056;1.0970491165913179;10.000645214648504;0.8336223071213866;1.0969169005451946;1.0969162939505626;0.7597312745591763;-0.12579500144181607;0.7700554886111011
98.726929;1.0939722349788776;0.833362978293929;0.7618055382249842;0.12353163919212906;0.11292483469963667;1.0970487908146864;10.000663762052628;0.833624159454964;1.096916324920627;1.0969164791080126;0.7597302508214674;-0.12579500033420918;0.770054844518899
98.736929;1.0939749642414824;0.8333622653913051;0.7618041392780427;0.12353142564951038;0.11292494790868363;1.0970485845322553;10.000683228736154;0.8336258480451437;1.0969157474377187;1.0969169786736281;0.7597291729984367;-0.12579499923787263;0.7700542069318063
98.746929;1.0939777576230858;0.8333614504929566;0.7618026922202038;0.12353120491635307;0.11292505741649402;1.0970484897468795;10.000703542768614;0.8336273736740614;1.0969151708224925;1.0969177927051712;0.7597280433486062;-0.125794998153852;0.7700535820371782
98.756929;1.0939806060561126;0.8333605398834936;0.7618012003663369;0.12353097648633864;0.11292516311100681;1.0970484968659286;10.000724640038744;0.8336287389481181;1.0969145982241595;1.0969189149159129;0.7597268647474487;-0.12579499708337938;0.7700529750427534
98.766929;1.0939834987893355;0.8333595390517697;0.7617996651511737;0.12353074010499104;0.1129252650494712;1.0970485966047123;10.000746465921951;0.833629948499101;1.0969140323300217;1.0969203343540384;0.7597256417847825;-0.12579499602759464;0.7700523913924201
98.776929;1.0939864236821752;0.8333584527190522;0.7617980865818395;0.1235304958516451;0.11292536335163289;1.097048781319683;10.000768978459048;0.8336310082195162;1.0969134754632213;1.0969220366675851;0.7597243810679384;-0.1257949949875938;0.7700518372709949
98.786929;1.0939893684170594;0.8333572863631702;0.7617964629660687;0.12353024403231047;0.1129254581809923;1.097049045667489;10.000792141382451;0.8336319238933729;1.0969129304863898;1.096924004930127;0.7597230903203063;-0.12579499396491364;0.7700513190094259
98.796929;1.0939923209914575;0.8333560470323502;0.7617947905492558;0.12352998504520356;0.11292554980089316;1.097049386174044;10.000815917925875;0.833632700673684;1.0969124001417576;1.0969262215169207;0.7597217765600993;-0.12579499296193317;0.7700508417854781
98.806929;1.0939952687760215;0.8333547424361593;0.761793065014849;0.12352971928979449;0.11292563862246197;1.097049799914799;10.000840268706245;0.8336333429511344;1.0969118850986574;1.0969286705198453;0.7597204451612696;-0.12579499198171742;0.7700504091292923
98.816929;1.093998198804784;0.8333533793051776;0.7617912839398716;0.12352944707194534;0.11292572520202614;1.0970502834068057;10.000865141060126;0.8336338539064803;1.0969113839136224;1.096931337935064;0.7597191006708349;-0.1257949910272671;0.7700500240905709
98.826929;1.0940010991361693;0.8333519627168339;0.7617894479100719;0.1235291685107743;0.11292581022597815;1.0970508322481822;10.000890459850547;0.833634235662198;1.0969108948498518;1.0969342092410097;0.7597177480763315;-0.12579499010058923;0.770049690990459
98.836929;1.0940039597035274;0.8333504969722306;0.7617875592776392;0.12352888351615944;0.11292589450214482;1.0970514415519468;10.000916128472404;0.8336344900444993;1.096910417294557;1.0969372681905616;0.7597163933631973;-0.12579498920230864;0.7700494156613737
98.846929;1.094006772973172;0.8333489867907765;0.7617856200982693;0.1235285919264666;0.11292597890003996;1.097052107192735;10.000942034755585;0.8336346186642805;1.0969099519084546;1.0969404990665044;0.7597150429696149;-0.12579498833220962;0.7700492040502236
98.856929;1.0940095337456992;0.8333474369689793;0.7617836317904375;0.12352829377043886;0.11292606421782789;1.0970528274583002;10.000968064438405;0.8336346227315222;1.0969094992207722;1.0969438892818206;0.7597137022103334;-0.12579498749014545;0.7700490613306414
98.866929;1.094012237507403;0.8333458512669557;0.7617815963189337;0.12352798942444443;0.1129261510873648;1.0970536042868717;10.000994113255748;0.8336345036393943;1.0969090576188827;1.0969474288488832;0.759712374046897;-0.12579498667648117;0.7700489917867344
98.876929;1.0940148791015512;0.8333442324035013;0.7617795166474713;0.12352767948671013;0.11292623998378075;1.097054442481537;10.001020080518156;0.8336342633481982;1.0969086228983023;1.0969511077056435;0.7597110594292334;-0.12579498589194918;0.770048999053123
98.886929;1.094017452614224;0.8333425826220924;0.761777395994834;0.12352736456738993;0.11292633125208362;1.0970553472094662;10.001045852800443;0.8336339039501485;1.0969081894100052;1.0969549144044197;0.759709758532516;-0.1257949851374054;0.7700490872337884
98.896929;1.0940199515837237;0.8333409040434916;0.761775237900334;0.12352704519206185;0.11292642512604414;1.0970563229957118;10.00107130142296;0.8336334271986451;1.0969077500938735;1.0969588372031864;0.7597084717933352;-0.12579498441390288;0.7700492616760531
98.906929;1.094022369009583;0.8333391993901325;0.7617730479151616;0.12352672172974596;0.11292652173309438;1.0970573751452164;10.001096297840363;0.8336328341627146;1.0969072950187286;1.096962865146994;0.759707200361283;-0.1257949837226272;0.7700495283624804
98.916929;1.094024696662885;0.8333374729577991;0.7617708345175647;0.12352639436712134;0.11292662100754429;1.0970585106982091;10.001120733078018;0.8336321254304435;1.096906811761214;1.096966987829654;0.7597059457955173;-0.12579498306423864;0.77004989286475
98.926929;1.0940269247918053;0.8333357304138286;0.7617686075200272;0.1235260632211557;0.11292672261462026;1.0970597368875792;10.001144532022332;0.8336313024149851;1.0969062882701435;1.0969711946263887;0.759704709417114;-0.1257949824383772;0.7700503597144472
98.936929;1.0940290435633044;0.833333977486473;0.7617663755832286;0.12352572855952453;0.11292682599005958;1.0970610587643057;10.001167650458545;0.8336303682031343;1.0969057151557848;1.096975473561766;0.7597034919645325;-0.1257949818437401;0.7700509322883528
98.946929;1.0940310440524883;0.83333221983324;0.7617641451595331;0.12352539102723467;0.1129269303465915;1.097062478663796;10.001190053381006;0.8336293267451621;1.0969050855410214;1.0969798103714758;0.7597022934959284;-0.12579498127829236;0.7700516126405699
98.956929;1.0940329181745068;0.8333304639582988;0.7617619213379391;0.12352505167046789;0.11292703469239232;1.0970639974514993;10.001211705463284;0.8336281816425266;1.0969043934358178;1.0969841887378253;0.7597011133630489;-0.12579498073966594;0.7700524008523097
98.966929;1.094034659196615;0.8333287169839088;0.7617597088187293;0.12352471173507122;0.11292713810925953;1.0970656150388862;10.001232577927363;0.8336269352571366;1.0969036335415243;1.0969885909037658;0.7596999503865949;-0.1257949802256558;0.7700532948614639
98.976929;1.0940362617137518;0.8333269858799635;0.7617575116036449;0.12352437258095116;0.11292724005929436;1.097067329050723;10.001252640166657;0.8336255877838037;1.096902802875299;1.0969929978872126;0.7596988034562634;-0.12579497973416207;0.7700542913538929
98.986929;1.094037721008516;0.8333252771545677;0.7617553324728122;0.12352403581839286;0.11292734024277172;1.0970691337049203;10.001271851200705;0.8336241370696251;1.0969019011479015;1.0969973903080403;0.7596976719059902;-0.12579497926282363;0.7700553868186024
98.996929;1.094039033238351;0.8333235964391168;0.7617531731718828;0.12352370321674999;0.11292743816834583;1.0970710210780705;10.00129017617074;0.8336225801583346;1.0969009296588634;1.0970017500221854;0.7596965544453781;-0.1257949788089029;0.7700565779207655
99.006929;1.0940401953828;0.8333219484153604;0.7617510350082087;0.12352337620729385;0.11292753301957856;1.0970729840539593;10.001307601169556;0.8336209153090275;1.0968998904884986;1.0970060613635892;0.7596954477562344;-0.12579497836932194;0.7700578605510903
99.016929;1.0940412041492573;0.8333203372719261;0.7617489197732504;0.12352305557650815;0.11292762392285796;1.0970750180495845;10.001324135766554;0.8336191425068564;1.0968987861357744;1.0970103112543794;0.7596943471402651;-0.12579497794088926;0.7700592285011536
99.026929;1.0940420555250117;0.8333187668264119;0.7617468307723739;0.12352274173651731;0.11292771020893591;1.0970771199122633;10.001339814915774;0.8336172625082401;1.096897619627629;1.0970144881729533;0.7596932487550719;-0.12579497752069993;0.7700606735578998
99.036929;1.094042746033103;0.8333172403394833;0.7617447733733478;0.12352243513099027;0.11292779140953087;1.0970792857312852;10.001354683917192;0.8336152759088628;1.0968963946305887;1.0970185816790217;0.7596921506746301;-0.1257949771063082;0.7700621864187396
99.046929;1.0940432742349588;0.8333157606505401;0.7617427550647822;0.12352213629182161;0.11292786713828004;1.0970815100151787;10.00136876743116;0.8336131832410455;1.096895115011332;1.097022583515343;0.7596910518705919;-0.1257949766956705;0.7700637576569156
99.056929;1.0940436412301482;0.8333143305914374;0.7617407852692565;0.12352184570006917;0.11292793706307953;1.0970837863201408;10.001382059423179;0.8336109858457184;1.0968937841322226;1.0970264881307785;0.759689951104756;-0.12579497628708136;0.7700653787077888
99.066929;1.0940438507564865;0.8333129531491843;0.7617388741149351;0.12352156382328294;0.1129280009791952;1.097086108028543;10.00139454485022;0.8336086869456574;1.0968924041880996;1.0970302915758314;0.759688847028578;-0.1257949758790556;0.7700670420103082
99.076929;1.0940439089135217;0.8333116313124046;0.7617370303161152;0.12352129121552394;0.11292805889238995;1.0970884691176581;10.001406230096235;0.8336062919978179;1.0968909764768486;1.0970339898850139;0.7596877388518901;-0.12579497546997842;0.7700687404369704
99.086929;1.094043823155249;0.8333103676985875;0.761735260201512;0.12352102840369418;0.11292811098429906;1.097090865033655;10.001417160610714;0.8336038072667006;1.09688950236813;1.0970375778960828;0.7596866266602085;-0.12579497505772227;0.7700704671400552
99.096929;1.0940436014257326;0.8333091642044025;0.7617335686010753;0.12352077568777796;0.11292815746012744;1.097093293338316;10.001427416700775;0.8336012377682652;1.0968879830474756;1.0970410493875828;0.759685510502466;-0.12579497463966666;0.7700722158361277
99.106929;1.0940432524174328;0.8333080221108745;0.7617319605453536;0.12352053309734967;0.11292819852730224;1.0970957542906496;10.001437095571141;0.8335985869179506;1.0968864183203362;1.0970443981479057;0.7596843891376014;-0.12579497421316468;0.770073980923268
99.116929;1.0940427862598914;0.8333069421185244;0.7617304422123982;0.12352030051609646;0.11292823458379793;1.0970982506992133;10.001446287594849;0.8335958578063212;1.0968848062951608;1.0970476183895224;0.7596832605667011;-0.1257949737759799;0.7700757571620842
99.126929;1.094042213112857;0.8333059238379312;0.7617290199716991;0.12352007787123623;0.11292826630510797;1.0971007867075744;10.00145504837432;0.8335930542964856;1.0968831438973932;1.0970507042393614;0.7596821236463885;-0.12579497332624956;0.7700775385225763
99.136929;1.0940415399808894;0.8333049655859699;0.7617276988007293;0.1235198652946893;0.11292829446631508;1.0971033665014882;10.00146338794301;0.8335901810039217;1.09688142726225;1.097053649889622;0.7596809786774725;-0.12579497286229882;0.770079316843193
99.146929;1.0940407699391337;0.833304065138778;0.7617264822845531;0.12351966312587495;0.11292831974966837;1.0971059931031715;10.001471292884162;0.8335872417364573;1.096879652578032;1.0970564515192822;0.7596798269828688;-0.12579497238286105;0.7700810822093951
99.156929;1.0940399053170682;0.8333032208259644;0.7617253737099705;0.12351947176243011;0.11292834267512096;1.0971086675317003;10.00147876042415;0.8335842372870328;1.096877818337434;1.097059109190969;0.7596786707303705;-0.12579497188732364;0.7700828251611525
99.166929;1.0940389510875697;0.8333024320425951;0.7617243762846607;0.12351929155904572;0.11292836349127736;1.097111388435936;10.00148582060988;0.8335811654410771;1.0968759267853527;1.097061626747181;0.7596775135385975;-0.12579497137566303;0.770084538743258
99.176929;1.0940379143533558;0.8333016988284094;0.7617234927561317;0.12351912279801822;0.11292838207507767;1.0971141513628029;10.001492538680672;0.8335780238560643;1.0968739826248186;1.0970640108663714;0.759676360781197;-0.12579497084838204;0.7700862194680084
99.186929;1.094036801639444;0.8333010209364127;0.7617227258895751;0.12351896565004547;0.11292839806355849;1.0971169488194537;10.001499003323497;0.8335748125088258;1.096871991586376;1.097066270252279;0.7596752184450027;-0.12579497030642303;0.7700878676328171
99.196929;1.0940356181804256;0.8333003976735923;0.7617220792938716;0.12351882020030039;0.11292841108161328;1.0971197721232793;10.001505323175255;0.8335715336200001;1.0968699600736334;1.0970684140376659;0.7596740919342808;-0.12579496975102072;0.7700894861275163
99.206929;1.0940343689838583;0.8332998287243067;0.7617215571042067;0.12351868653666026;0.11292842079140238;1.0971226124270745;10.001511632427858;0.8335681906108526;1.0968678938234802;1.0970704501234734;0.7596729865543674;-0.12579496918373903;0.7700910775549809
99.216929;1.0940330595891965;0.8332993138739726;0.7617211626276147;0.1235185648176815;0.11292842678838713;1.0971254604521408;10.001518074279126;0.8335647872272952;1.0968657962516244;1.0970723854296076;0.7596719081507465;-0.12579496860661152;0.7700926426389074
99.226929;1.0940316955791642;0.8332988515322207;0.761720897447757;0.12351845531130454;0.11292842846114548;1.09712830785834;10.001524767384044;0.8335613271482667;1.0968636688498365;1.097074226979316;0.7596708622040843;-0.12579496802202403;0.7700941809526703
99.236929;1.094030281073479;0.8332984385513784;0.7617207616436739;0.12351835836306066;0.11292842495145167;1.097131149046215;10.001531796969683;0.8335578145705426;1.0968615127863894;1.0970759811884248;0.7596698532533286;-0.12579496743238533;0.7700956913845319
99.246929;1.0940288181899949;0.8332980711052907;0.7617207544541793;0.1235182743267043;0.11292841532296365;1.0971339804036493;10.001539232147838;0.8335542543649398;1.0968593292749167;1.0970776523465349;0.7596688859404499;-0.1257949668400732;0.7700971711833698
99.256929;1.0940273078175202;0.8332977448087072;0.7617208744297777;0.12351820352060623;0.11292839873518166;1.0971367982167934;10.001547139152347;0.8335506510349198;1.0968571187393772;1.0970792430157696;0.7596679653305416;-0.12579496624774386;0.7700986150954602
99.266929;1.094025750302239;0.8332974544038038;0.7617211185705312;0.12351814612027684;0.11292837446683923;1.0971395972720825;10.001555580077978;0.833547008020407;1.0968548801906435;1.097080755748092;0.7596670962539117;-0.12579496565847234;0.7701000159559543
99.276929;1.0940241457744089;0.8332971940573736;0.761721481335305;0.12351810201822797;0.11292834190340517;1.0971423699177099;10.001564604253543;0.8335433282234529;1.0968526108964374;1.0970821935186645;0.7596662836648174;-0.12579496507543458;0.7701013660218281
99.286929;1.0940224936840999;0.8332969580439386;0.7617219548849316;0.12351807086659361;0.11292830054430572;1.0971451050018062;10.001574244726097;0.8335396152252281;1.096850306155754;1.0970835587380476;0.7596655328093689;-0.1257949645014981;0.7701026579768584
99.296929;1.0940207920185565;0.8332967407929375;0.7617225304699746;0.1235180522603699;0.11292825009241479;1.0971477875036209;10.001584522805807;0.8335358740729982;1.0968479596349292;1.0970848524158152;0.7596648483777902;-0.12579496393920633;0.7701038857950464
99.306929;1.094019036951723;0.8332965366455681;0.7617231996124055;0.12351804583983643;0.11292819062948604;1.0971503997369463;10.001595449159822;0.8335321110681305;1.0968455640312431;1.097086073190259;0.7596642338592855;-0.12579496339094418;0.770105045211412
99.316929;1.0940172222800262;0.8332963403185022;0.7617239541289197;0.12351805135282669;0.11292812266367391;1.0971529238124977;10.001607022188795;0.833528333016577;1.0968431113599;1.0970872163375773;0.7596636909694504;-0.1257949628589828;0.7701061332602355
99.326929;1.0940153399835515;0.8332961474877019;0.7617247857119417;0.12351806877003009;0.11292804698650753;1.0971553441428725;10.001619230424472;0.8335245468887016;1.0968405932715224;1.0970882749382693;0.7596632189297857;-0.12579496234567847;0.7701071473719923
99.336929;1.0940133822905063;0.8332959551619209;0.7617256864786488;0.12351809827773974;0.11292796454144167;1.0971576479233334;10.001632053379499;0.8335207603036449;1.0968380018114905;1.0970892420318472;0.7596628138172125;-0.1257949618536685;0.7701080850043759
99.346929;1.0940113418780981;0.83329576242288;0.761726649941697;0.12351814003817235;0.11292787639633667;1.0971598239079907;10.001645458164587;0.8335169818188362;1.0968353301483034;1.0970901108711713;0.7596624683488593;-0.12579496138572144;0.7701089444392963
99.356929;1.0940092105215453;0.8332955712242196;0.761727670644088;0.12351819396023117;0.11292778371291408;1.097161862374329;10.00165940019099;0.8335132205045815;1.0968325735229505;1.0970908744928587;0.7596621729204401;-0.12579496094447268;0.7701097259195301
99.366929;1.0940069791863958;0.8332953863717644;0.7617287427484549;0.12351825967959186;0.11292768767853532;1.0971637567816668;10.001673837093469;0.8335094856031385;1.0968297302407284;1.097091526112773;0.7596619175467546;-0.12579496053222605;0.770110431655095
99.376929;1.0940046387372533;0.8332952143185997;0.7617298592579915;0.12351833667148944;0.1129275894650755;1.0971655054855085;10.00168874152816;0.83350578618968;1.0968268017244194;1.0970920597037896;0.7596616930001027;-0.1257949601507798;0.7701110649846018
99.386929;1.0940021811170235;0.8332950615561376;0.7617310130166333;0.12351842438045875;0.1129274901728108;1.0971671120446558;10.001704088497238;0.8335021302729607;1.096823792169978;1.0970924702517573;0.7596614902175314;-0.12579495980128855;0.7701116295510185
99.396929;1.0939996017357774;0.8332949336003261;0.7617321987849583;0.12351852231010617;0.11292739067471871;1.0971685836294867;10.001719829956558;0.8334985239057483;1.096820709037429;1.0970927537737216;0.7596612993149809;-0.1257949594843309;0.7701121285797403
99.406929;1.09399690026397;0.8332948346287395;0.7617334137770554;0.12351863006192135;0.11292729154585374;1.0971699284198961;10.001735884631453;0.8334949711664386;1.0968175638209168;1.0970929078231262;0.7596611094240984;-0.12579495920027275;0.7701125653489881
99.416929;1.0939940785037938;0.8332947681203862;0.7617346563331396;0.12351874728766991;0.1129271932781297;1.0971711533432318;10.001752143686;0.8334914750937351;1.0968143710690161;1.097092932547628;0.7596609084373773;-0.1257949589496035;0.7701129452239944
99.426929;1.0939911377492786;0.8332947388071429;0.761735924864489;0.12351887359690202;0.11292709649827085;1.0971722636585877;10.001768482222161;0.8334880389749992;1.096811145683435;1.0970928313494093;0.7596606830848521;-0.1257949587329403;0.7701132765736609
99.436929;1.0939880778042368;0.8332947538113583;0.7617372174703231;0.12351900858401807;0.11292700195946188;1.0971732643377994;10.001784774732476;0.833484667476885;1.0968079010572067;1.0970926108441605;0.7596604205612218;-0.12579495855095899;0.7701135690677444
99.446929;1.093984898248446;0.8332948211318113;0.7617385315281929;0.12351915187738283;0.1129269104591136;1.0971741610385506;10.001800909394497;0.8334813670421876;1.0968046488816556;1.097092280454543;0.7596601096922053;-0.12579495840451768;0.7701138313614193
99.456929;1.0939816005026433;0.8332949480454632;0.7617398633837666;0.12351930301094227;0.11292682272831318;1.0971749603057823;10.00181679205882;0.8334781449787607;1.0968013990754648;1.097091851721373;0.7596597401025239;-0.1257949582945324;0.7701140701082471
99.466929;1.0939781885246227;0.8332951417744449;0.7617412085786386;0.12351946130266626;0.11292673935154665;1.097175670552127;10.001832342554367;0.8334750081930696;1.096798159145251;1.0970913373605775;0.7596593015478676;-0.12579495822150694;0.7701142904712168
99.476929;1.0939746682853668;0.8332954101297669;0.7617425625423797;0.12351962594174008;0.11292666081503239;1.0971763025541295;10.001847498013037;0.8334719624315376;1.0967949337316585;1.0970907507407144;0.7596587852211127;-0.12579495818545774;0.770114497511836
99.486929;1.0939710472456063;0.8332957604669444;0.7617439210642496;0.12351979612530749;0.11292658754907654;1.0971768671719373;10.001862225242466;0.8334690116931981;1.09679172519803;1.0970901058066789;0.7596581853745171;-0.1257949581863806;0.7701146973854357
99.496929;1.0939673341544887;0.8332961990718166;0.7617452803942178;0.12351997105286686;0.11292651990530152;1.097177372883785;10.001876523641526;0.8334661587834172;1.096788534930097;1.0970894158925322;0.7596574988188819;-0.12579495822462014;0.7701148969546845
99.506929;1.093963539165698;0.8332967322409639;0.7617466375515314;0.12352014981565988;0.11292645818002765;1.0971778268341559;10.001890414682348;0.8334634073530044;1.096785363234137;1.0970886919841152;0.7596567232788545;-0.12579495830084453;0.7701151018840076
99.516929;1.0939596736537083;0.8332973666222663;0.7617479907784277;0.12352033131452983;0.11292640265339954;1.0971782369608385;10.001903932370563;0.8334607631122668;1.0967822073180464;1.0970879424990478;0.75965585708537;-0.1257949584159094;0.7701153154307351
99.526929;1.093955749593116;0.8332981073648533;0.7617493396303093;0.1235205142566132;0.11292635354124908;1.0971786116200108;10.00191711432991;0.8334582332722806;1.0967790604737282;1.0970871736615284;0.7596549001292751;-0.1257949585707532;0.7701155390664985
99.536929;1.0939517795594105;0.8332989570956228;0.7617506847770148;0.1235206971846623;0.11292631095971085;1.0971789580414477;10.00192999029994;0.8334558254098609;1.0967759138501276;1.0970863891230118;0.759653854213919;-0.12579495876621416;0.7701157739084503
99.546929;1.093947777301096;0.8332999170820862;0.7617520278674763;0.1235208785295966;0.11292627495712673;1.0971792815005237;10.001942580254473;0.8334535459987488;1.0967727585019829;1.0970855891037685;0.7596527222513629;-0.125794959002988;0.7701160217309466
99.556929;1.0939437574125022;0.8333009877095573;0.7617533713283026;0.12352105671096143;0.11292624542634815;1.0971795855193043;10.001954909842881;0.8334513987412963;1.096769586690786;1.0970847698329347;0.7596515079048572;-0.12579495928163403;0.7701162846464644
99.566929;1.0939397341912924;0.8333021677328524;0.7617547173413565;0.12352123023388244;0.11292622194477403;1.0971798735177996;10.001967028701245;0.8334493837674358;1.0967663933331842;1.0970839246141475;0.7596502163708947;-0.1257949596022912;0.77011656436279
99.576929;1.093935721446862;0.833303454273054;0.7617560665199598;0.12352139780017399;0.11292620377155083;1.0971801506590704;10.001979004905017;0.8334474983100728;1.0967631769779345;1.0970830462290198;0.7596488549547606;-0.1257949599645108;0.7701168626254143
99.586929;1.0939317332809584;0.8333048429171329;0.7617574182147728;0.12352155847443405;0.1129261899861229;1.0971804235715188;10.001990897092496;0.8334457381727957;1.0967599388590308;1.0970821287740777;0.7596474328520982;-0.1257949603674634;0.7701171819878863
99.596929;1.0939277843381903;0.8333063267242758;0.7617587719346575;0.12352171174154059;0.11292617971367591;1.0971806983993673;10.002002735689285;0.8334440981767454;1.0967566812484637;1.0970811684532948;0.7596459605207241;-0.12579496081014366;0.7701175257023851
99.606929;1.0939238889214555;0.8333078959216418;0.7617601275738747;0.12352185735849365;0.11292617232365038;1.097180979803828;10.00201452593048;0.83344257154897;1.0967534073377043;1.0970801639606222;0.75964444858635;-0.12579496129139045;0.7701178971953516
99.616929;1.0939200597928442;0.8333095393572726;0.761761484527499;0.12352199520619662;0.11292616730749809;1.097181272209901;10.002026262236095;0.8334411502294771;1.096750122455822;1.097079116911686;0.7596429065673138;-0.12579496180974847;0.7701182996228177
99.626929;1.0939163081058696;0.8333112456614274;0.7617628411418929;0.12352212532896384;0.11292616390171051;1.0971815816979882;10.00203794107537;0.833439826405518;1.0967468351325464;1.0970780319261868;0.7596413422361389;-0.12579496236341361;0.7701187357524321
99.636929;1.093912644037302;0.8333130033555596;0.7617641949210101;0.12352224806319807;0.11292616090772277;1.097181915102194;10.002049563695556;0.8334385941535819;1.0967435566012271;1.0970769151475392;0.7596397617692189;-0.12579496295051068;0.7701192080881656
99.646929;1.0939090763084258;0.8333148013765161;0.7617655434379426;0.12352236410453658;0.11292615684736255;1.0971822763137182;10.002061131282295;0.8334374504440071;1.0967402992168063;1.097075771945322;0.7596381704435278;-0.12579496356951014;0.7701197182324487
99.656929;1.0939056111042613;0.833316629799992;0.7617668854033595;0.12352247447410651;0.11292615019094021;1.0971826644458857;10.002072645168273;0.8334363955356217;1.0967370753719559;1.0970746058787268;0.7596365738372927;-0.12579496421935107;0.7701202658535851
99.666929;1.0939022518407546;0.8333184794180226;0.7617682207213781;0.12352258029854524;0.1129261394920969;1.0971830755508243;10.002084117257409;0.8334354328935782;1.0967338967095555;1.0970734196469534;0.7596349787128391;-0.1257949648989962;0.7701208483661901
99.676929;1.0938989993448058;0.833320340507494;0.7617695491922309;0.12352268242383926;0.11292612352273614;1.097183505170606;10.002095572994286;0.8334345680341736;1.0967307734338554;1.0970722174158056;0.7596333926489697;-0.12579496560677741;0.7701214606242681
99.686929;1.0938958520205362;0.8333222018944044;0.7617708689925997;0.12352278113525723;0.11292610139289311;1.097183949695852;10.00210703634287;0.833433806311726;1.0967277136697489;1.0970710060535258;0.7596318232078668;-0.1257949663401797;0.7701220950089371
99.696929;1.0938928067943066;0.8333240505856341;0.7617721762507712;0.1235228761899648;0.11292607246538529;1.09718440628808;10.00211850955427;0.8334331509079622;1.0967247225385466;1.0970697938465819;0.7596302773997383;-0.12579496709624918;0.7701227428848704
99.706929;1.0938898606279768;0.8333258721551919;0.7617734657446801;0.12352296709756586;0.11292603614166362;1.0971848728887605;10.002129962622995;0.8334326022974152;1.0967218022794127;1.097068589010239;0.7596287610205817;-0.1257949678723124;0.7701233957194076
99.716929;1.0938870109244694;0.8333276522476647;0.7617747317530967;0.12352305349668904;0.11292599177809137;1.097185349075118;10.00214134949642;0.8334321593472968;1.0967189540442897;1.0970673998900204;0.7596272782386206;-0.12579496866637385;0.7701240449308413
99.726929;1.093884255005528;0.8333293786299926;0.7617759681161665;0.12352313547217876;0.11292593872273886;1.0971858359462239;10.002152640591577;0.8334318209967831;1.0967161794235851;1.0970662354338698;0.7596258317038681;-0.12579496947689944;0.7701246821921656
99.736929;1.0938815905167654;0.833331042777235;0.7617771677721551;0.12352321360749534;0.11292587641032482;1.0971863355737201;10.00216383276433;0.8334315872533673;1.096713480455712;1.0970651039145827;0.7596244222315298;-0.12579497030259523;0.7701253004980433
99.746929;1.093879016394282;0.8333326398990942;0.7617783230241157;0.12352328878740058;0.11292580455829918;1.0971868524119361;10.002174936869878;0.8334314588293582;1.0967108594769766;1.0970640114259713;0.7596230483250991;-0.12579497114254243;0.7701258941868291
99.756929;1.093876533101339;0.8333341670204915;0.761779426353395;0.12352336200078509;0.11292572323031416;1.0971873945319306;10.0021859709112;0.8334314361807138;1.0967083194317275;1.0970629629501323;0.7596217065337151;-0.1257949719960598;0.7701264580322688
99.766929;1.0938741424096863;0.833335621465627;0.7617804711706301;0.12352343421456652;0.11292563264300028;1.0971879713686326;10.002196959360024;0.833431518999721;1.0967058633247877;1.0970619639393417;0.7596203920929597;-0.12579497286209793;0.7701269870039756
99.776929;1.093871847023697;0.833337001160561;0.7617814528181623;0.12352350623072071;0.11292553308747473;1.0971885904514103;10.002207924386274;0.8334317055868554;1.0967034932225306;1.0970610193641592;0.7596190996144928;-0.12579497373877674;0.7701274762954767
99.786929;1.0938696506110008;0.8333383045935376;0.7617823689871221;0.12352357854558126;0.11292542507007318;1.0971892568427248;10.002218874924722;0.8334319917958114;1.0967012101524891;1.0970601320006612;0.7596178244082586;-0.12579497462333536;0.7701279210137066
99.796929;1.0938675583057385;0.8333395302542553;0.7617832190639914;0.12352365129105686;0.11292530938642938;1.0971899738026938;10.00222981145515;0.8334323705710974;1.096699014451371;1.0970593021014345;0.7596165635478679;-0.1257949755122015;0.7701283158752151
99.806929;1.0938655753897852;0.8333406774588135;0.7617840036518942;0.1235237242773749;0.11292518705857872;1.097190742223436;10.002240737349988;0.8334328324984943;1.0966969054578555;1.0970585276443343;0.7596153157806035;-0.12579497640115206;0.7701286550382348
99.816929;1.0938637045003217;0.8333417474837623;0.761784724404212;0.12352379713340546;0.11292505922191501;1.0971915600705462;10.002251653003118;0.8334333665114249;1.0966948805635075;1.0970578042337622;0.7596140810497028;-0.12579497728560582;0.7701289325862332
99.826929;1.0938619453757812;0.8333427433587967;0.7617853833962557;0.12352386952491931;0.11292492706010389;1.0971924231774195;10.002262539884796;0.8334339604553547;1.0966929352846548;1.0970571249400276;0.7596128602674617;-0.1257949781607639;0.7701291432689156
99.836929;1.0938602968859563;0.8333436691629009;0.7617859823329687;0.12352394131238749;0.11292479185145665;1.0971933260741336;10.002273353641781;0.8334346023684103;1.0966910652849293;1.0970564807160725;0.7596116552864707;-0.1257949790215556;0.7701292829273277
99.846929;1.093858757465601;0.8333445293726682;0.7617865223304481;0.12352401245520549;0.1129246550130854;1.0971942614432848;10.002284027998492;0.833435281826642;1.0966892686378678;1.0970558617742239;0.7596104688406874;-0.1257949798628428;0.770129349388759
99.856929;1.0938573241931477;0.833345327809916;0.7617870042051412;0.1235240827402069;0.11292451795866017;1.0971952190119647;10.00229448471741;0.833435990283763;1.0966875462768635;1.0970552596829666;0.7596093045192331;-0.12579498068010622;0.7701293431742069
99.866929;1.093855993052014;0.8333460668400571;0.7617874285826419;0.1235241516803417;0.11292438182593859;1.0971961861889274;10.002304643724827;0.8334367210494533;1.096685900522005;1.0970546689317506;0.7596081671036304;-0.12579498147012097;0.7701292668593458
99.876929;1.0938547597135642;0.8333467477306941;0.7617877961653843;0.12352421869517345;0.11292424736949425;1.0971971506141374;10.00231443176614;0.8334374686307026;1.09668433305621;1.0970540869325505;0.7596070625239546;-0.12579498223101615;0.770129124232471
99.886929;1.0938536199069044;0.8333473718543049;0.7617881087756468;0.1235242832883632;0.11292411501879948;1.0971981020648465;10.002323791251317;0.833438227018094;1.096682843590805;1.097053513536185;0.75960599708317;-0.12579498296175273;0.7701289203171161
99.896929;1.0938525700111277;0.8333479417298216;0.7617883699956658;0.12352434506234469;0.11292398491772922;1.0971990327675492;10.0023326877966;0.8334389888681024;1.096681429639654;1.0970529507548172;0.7596049768663167;-0.12579498366159453;0.7701286614176562
99.906929;1.0938516071058237;0.8333484611581669;0.7617885845449219;0.12352440378519627;0.11292385702467063;1.097199937104104;10.002341112243462;0.8334397468699565;1.0966800872971445;1.0970524011776377;0.7596040071253336;-0.12579498432997122;0.7701283544699369
99.916929;1.093850728018893;0.8333489346077609;0.7617887575866866;0.12352445949479611;0.11292373122965468;1.097200810734787;10.002349071484266;0.8334404953160474;1.0966788122051203;1.0970518651649934;0.7596030913221402;-0.1257949849666391;0.7701280067635922
99.926929;1.093849928612503;0.8333493663388983;0.7617888945543223;0.12352451233121631;0.11292360745306705;1.097201649216416;10.002356573922837;0.8334412299548687;1.096677600048736;1.0970513392719694;0.7596022309948979;-0.12579498557175992;0.7701276265293019
99.936929;1.0938492036697587;0.8333497599282568;0.7617890007124491;0.12352456224099038;0.11292348588188635;1.0972024480093743;10.00236362281428;0.8334419474627667;1.0966764470996155;1.0970508178781009;0.7596014270251307;-0.1257949861456062;0.7701272227864773
99.946929;1.0938485469285255;0.8333501187475562;0.7617890808569752;0.12352460896642359;0.11292336711092987;1.0972032042975282;10.002370221863895;0.8334426456992484;1.096675350936943;1.09705029761017;0.7596006810359099;-0.1257949866882104;0.7701268041878281
99.956929;1.0938479514195116;0.8333504464077209;0.7617891397513589;0.12352465225965992;0.1129232519736386;1.0972039175639712;10.002376383047485;0.833443323085977;1.096674310852369;1.0970497803891934;0.7595999952500629;-0.12579498719944376;0.7701263785333877
99.966929;1.0938474099052127;0.8333507464290616;0.7617891821226976;0.12352469204615076;0.11292314130635081;1.0972045878200274;10.002382122780514;0.8334439769114105;1.0966733277615108;1.0970492716946858;0.7595993705474383;-0.1257949876792906;0.7701259530319692
99.976929;1.0938469151740602;0.8333510221902276;0.7617892117604982;0.12352472852345608;0.11292303580603771;1.0972052148603846;10.002387452547284;0.8334446029036152;1.0966724034615076;1.0970487771223287;0.7595988044547776;-0.1257949881279444;0.7701255342246539
99.986929;1.0938464607027443;0.8333512774460724;0.7617892310995518;0.12352476209443873;0.1129229359528215;1.097205799560548;10.002392380566667;0.8334451965295512;1.0966715394432207;1.0970483013104888;0.7595982911688236;-0.12579498854588894;0.7701251278572209
99.996929;1.093846041215382;0.8333515158159824;0.7617892423704851;0.12352479310934841;0.11292284202886878;1.0972063440566044;10.002396925219411;0.8334457544608479;1.0966707357666865;1.0970478483224835;0.759597823265461;-0.1257949889341059;0.7701247391280903
100.0;1.0938456527091893;0.8333517391509907;0.7617892487155628;0.12352482178635904;0.11292275419889237;1.097206850512151;10.002401120798044;0.8334462752446327;1.0966699903946622;1.0970474216431447;0.7595973935151789;-0.12579498929416627;0.7701243724209271
